1403638142445096960.000000 -0.468092114 2.270891428 14.026550293 -0.565514803 -0.622499883 -0.361297101 0.402680159
1403638144445096960.000000 -0.467384249 2.269513607 14.027434349 -0.565705299 -0.622541606 -0.360732883 0.402854025
1403638144695097088.000000 -0.468028754 2.269755602 14.027083397 -0.565742254 -0.622490644 -0.360711455 0.402899861
1403638147495097088.000000 -0.467999786 2.270350933 14.027910233 -0.565715134 -0.622350752 -0.360477149 0.403363615
1403638150395097088.000000 -0.726587832 2.703816891 14.426547050 -0.515523076 -0.643897831 -0.371881366 0.425835550
1403638152245096960.000000 -1.811476469 3.160832644 14.568958282 -0.371899545 -0.737377882 -0.265070468 0.497697055
1403638152995097088.000000 -2.470034838 3.293324471 14.601126671 -0.352659315 -0.743325114 -0.245906800 0.512473524
1403638153345096960.000000 -2.813811779 3.356395960 14.672021866 -0.325473547 -0.764039874 -0.220913365 0.511377931
1403638153745096960.000000 -3.238465071 3.436446428 14.742967606 -0.264133722 -0.788795769 -0.196373820 0.519106925
1403638153895097088.000000 -3.414139748 3.463241577 14.767184258 -0.246127635 -0.791450679 -0.183746651 0.528454423
1403638155145096960.000000 -4.819338322 3.414444447 14.802967072 -0.184520796 -0.794930041 -0.156862006 0.556266785
1403638155545096960.000000 -5.221887589 3.247941971 14.850395203 -0.147342458 -0.792647541 -0.136058033 0.575750291
1403638155745096960.000000 -5.405535698 3.129868031 14.839802742 -0.124416105 -0.791312039 -0.104240395 0.589474201
1403638155895097088.000000 -5.528809547 3.030364275 14.820834160 -0.099751584 -0.797605813 -0.078915738 0.589615881
1403638156295097088.000000 -5.809673309 2.749563932 14.821482658 -0.025849188 -0.825370848 -0.009300497 0.563922286
1403638156495097088.000000 -5.947502136 2.619001150 14.836398125 -0.006126709 -0.831335664 0.010031814 0.555646360
1403638156695097088.000000 -6.094641685 2.501049757 14.827310562 0.000666367 -0.832195282 0.015870254 0.554255188
1403638157145096960.000000 -6.480156422 2.274293661 14.781168938 -0.005108963 -0.836281836 0.010662722 0.548172355
1403638157345096960.000000 -6.678919792 2.189004183 14.796325684 -0.004762870 -0.836482227 0.008642702 0.547905326
1403638157945096960.000000 -7.346336365 1.921366453 14.842597961 0.072440997 -0.817503691 0.042673167 0.569753408
1403638158345096960.000000 -7.782845020 1.724812627 14.886099815 0.103902325 -0.816241026 0.080133900 0.562613130
1403638158745096960.000000 -8.202223778 1.547186732 14.864723206 0.110213473 -0.812694371 0.073911294 0.567378223
1403638159145096960.000000 -8.605871201 1.364264250 14.885689735 0.097728960 -0.833825529 0.079883166 0.537403762
1403638159345096960.000000 -8.827707291 1.278341293 14.906497002 0.094254307 -0.831848383 0.080035634 0.541053236
1403638159745096960.000000 -9.292119980 1.145042777 14.966204643 0.067178108 -0.792382002 0.117559701 0.594808817
1403638159945096960.000000 -9.489371300 1.135545135 15.038096428 0.082364611 -0.790091753 0.096979268 0.599638462
1403638160345096960.000000 -9.788438797 1.183459997 15.280620575 0.100979559 -0.816775858 0.078284994 0.562629521
1403638160745096960.000000 -10.075390816 1.239029527 15.555036545 0.099947132 -0.821928620 0.079733685 0.555055380
1403638160945096960.000000 -10.230675697 1.268605709 15.671216965 0.077057004 -0.807902396 0.085275292 0.578000009
1403638161145096960.000000 -10.373714447 1.318362236 15.771917343 0.046608601 -0.805036724 0.064307436 0.587884545
1403638161595097088.000000 -10.641890526 1.483298421 15.954259872 -0.027029872 -0.825830758 0.000416640 0.563269794
1403638162445096960.000000 -11.144151688 1.911248207 16.155323029 -0.082103238 -0.820100486 -0.013920841 0.566127658
1403638165245096960.000000 -11.887687683 4.685735226 16.866693497 -0.184502304 -0.787371218 -0.101687476 0.579366028
1403638166295097088.000000 -11.382857323 5.851559639 16.755159378 -0.182785824 -0.799392819 -0.127762586 0.557886302
1403638166495097088.000000 -11.263446808 6.039221287 16.848821640 -0.177197635 -0.802021265 -0.129208341 0.555579066
1403638166895097088.000000 -11.044408798 6.386425972 16.978940964 -0.192604721 -0.808805943 -0.097736873 0.546976984
1403638167295097088.000000 -10.887593269 6.777142048 17.055213928 -0.186891720 -0.821464121 -0.104497619 0.528534174
1403638167695097088.000000 -10.846961975 7.231670856 17.167306900 -0.198030978 -0.804994404 -0.100835398 0.550090849
1403638169095097088.000000 -10.753650665 9.258139610 17.357931137 -0.288814306 -0.781046033 -0.202581391 0.515280664
1403638169495097088.000000 -10.832880020 9.848141670 17.283271790 -0.324368447 -0.741945922 -0.180627555 0.558278739
1403638169695097088.000000 -10.835014343 10.154010773 17.255033493 -0.348006546 -0.728994846 -0.208360553 0.551401794
1403638170095097088.000000 -10.755277634 10.732272148 17.286355972 -0.392646492 -0.695102274 -0.301123917 0.521522820
1403638170495097088.000000 -10.637031555 11.189043045 17.284275055 -0.480979294 -0.644479573 -0.326660186 0.496586412
1403638170895097088.000000 -10.430239677 11.558631897 17.310468674 -0.541819930 -0.588024378 -0.363604426 0.477964818
1403638171295097088.000000 -10.111279488 11.821696281 17.318336487 -0.579084933 -0.547642708 -0.395304382 0.456598997
1403638171695097088.000000 -9.692621231 11.958546638 17.293315887 -0.596047997 -0.520153582 -0.406635493 0.456962407
1403638172095097088.000000 -9.143061638 11.932374001 17.287672043 -0.608413815 -0.495001554 -0.427808374 0.449206173
1403638172695097088.000000 -8.131434441 11.560542107 17.177104950 -0.606205225 -0.492764205 -0.430597782 0.451978028
1403638172895097088.000000 -7.753887653 11.354377747 17.080450058 -0.604854703 -0.494585782 -0.425839901 0.456285089
1403638173095097088.000000 -7.350773811 11.104707718 16.965309143 -0.610712409 -0.499837965 -0.408662766 0.458461612
1403638174195097088.000000 -4.889236450 9.409810066 16.007839203 -0.603240490 -0.536666095 -0.423928469 0.410335451
1403638174595097088.000000 -4.048738480 8.740513802 15.652106285 -0.611182570 -0.551052332 -0.409394801 0.393945664
1403638174795097088.000000 -3.642014503 8.432434082 15.499320030 -0.614863455 -0.559108078 -0.403566897 0.382720411
1403638175095097088.000000 -3.063731432 8.024148941 15.321896553 -0.615810275 -0.561036646 -0.404215991 0.377657503
1403638176395097088.000000 -1.089481235 7.413975239 15.008407593 -0.595686257 -0.565028369 -0.432747900 0.372330576
1403638177045096960.000000 -0.569149911 7.582137108 15.038287163 -0.600361824 -0.565628409 -0.428608090 0.368680477
1403638177445096960.000000 -0.393912375 7.715454102 15.012434006 -0.599055648 -0.568287313 -0.431954503 0.362763315
1403638177845096960.000000 -0.305716395 7.875502110 14.912962914 -0.618402123 -0.538131654 -0.413581431 0.396161169
1403638179495097088.000000 0.500608146 7.995281219 14.694958687 -0.744553447 -0.366677970 -0.493195921 0.260663241
1403638179695097088.000000 0.651103735 8.001550674 14.633258820 -0.754398525 -0.325657815 -0.514098883 0.246033058
1403638180145096960.000000 1.000356913 7.995388508 14.573376656 -0.788719714 -0.258597970 -0.521703243 0.197165266
1403638180545096960.000000 1.348805308 7.994764328 14.523635864 -0.792159915 -0.254369229 -0.523889124 0.182535276
1403638181745096960.000000 2.686000109 8.108086586 14.343283653 -0.789315879 -0.176978454 -0.560987473 0.175932616
1403638181995097088.000000 2.978997946 8.054931641 14.334851265 -0.806524277 -0.145866871 -0.559214413 0.124582462
1403638182245096960.000000 3.263617992 7.989486217 14.362600327 -0.822080195 -0.123287112 -0.545222402 0.108245455
1403638182695097088.000000 3.823815107 7.860007286 14.431656837 -0.829747677 -0.132997796 -0.534362733 0.091031849
1403638182895097088.000000 4.100027561 7.811567307 14.485854149 -0.826279283 -0.135715738 -0.538114011 0.096318044
1403638183595097088.000000 5.112868309 7.702607155 14.525873184 -0.826705456 -0.151028559 -0.534709990 0.088508442
1403638184445096960.000000 6.342350960 7.817230225 14.626403809 -0.816538393 -0.147192150 -0.551169574 0.088383883
1403638184695097088.000000 6.687500000 7.897763252 14.644266129 -0.812369287 -0.146106452 -0.557591021 0.088325605
1403638185145096960.000000 7.279639244 8.086264610 14.689866066 -0.812028408 -0.145466477 -0.558385849 0.087491140
1403638185395097088.000000 7.590900898 8.214199066 14.723477364 -0.808587611 -0.153570846 -0.562372088 0.079622872
1403638186045096960.000000 8.284507751 8.672881126 14.807277679 -0.803997636 -0.178975120 -0.547804773 0.146511912
1403638186245096960.000000 8.481914520 8.808865547 14.811782837 -0.803746343 -0.189514443 -0.547343791 0.135981068
1403638186495097088.000000 8.726842880 8.975155830 14.842829704 -0.802262366 -0.193090260 -0.549724936 0.129975617
1403638186745096960.000000 8.965519905 9.145805359 14.874943733 -0.800424874 -0.200518936 -0.552547693 0.117487513
1403638189645096960.000000 9.364895821 10.811888695 15.337644577 -0.714828610 -0.411716610 -0.487789720 0.285605967
1403638190245096960.000000 9.013799667 10.850328445 15.429833412 -0.707713842 -0.415549368 -0.492801458 0.289148033
1403638190895097088.000000 8.576594353 10.954293251 15.366114616 -0.679903209 -0.441451818 -0.497853369 0.308211058
1403638193445096960.000000 6.147482395 11.117205620 15.913958549 -0.655064583 -0.446652532 -0.500255287 0.348046929
1403638196195097088.000000 3.740979910 9.532225609 16.120243073 -0.686893523 -0.471147776 -0.453576297 0.316963255
1403638197645096960.000000 3.264137030 9.883741379 16.226867676 -0.666009068 -0.467712492 -0.485531896 0.319273770
1403638197995097088.000000 3.131343603 10.012408257 16.329065323 -0.659855008 -0.456738293 -0.492234647 0.337174386
1403638198345096960.000000 2.974528790 10.097525597 16.262813568 -0.665011048 -0.458573401 -0.484921247 0.335144997
1403638198745096960.000000 2.761173248 10.146739006 16.097484589 -0.644209027 -0.485168964 -0.511120677 0.297256589
1403638199145096960.000000 2.381548405 10.178351402 16.019681931 -0.643048048 -0.485567540 -0.512387455 0.296938509
1403638199345096960.000000 2.114555836 10.191363335 16.044795990 -0.642014086 -0.479685068 -0.514388382 0.305163622
1403638199745096960.000000 1.444973707 10.200347900 16.172283173 -0.639625371 -0.494303912 -0.502350926 0.306898266
1403638199945096960.000000 1.055882335 10.201572418 16.241884232 -0.646890700 -0.494572639 -0.478831768 0.328101486
1403638200145096960.000000 0.657324970 10.201816559 16.292224884 -0.635260940 -0.508704484 -0.473424464 0.336945951
1403638200345096960.000000 0.246464893 10.198251724 16.349388123 -0.606672704 -0.526654303 -0.475604028 0.358307451
1403638200545096960.000000 -0.183136374 10.184752464 16.430835724 -0.582804084 -0.551379800 -0.473751605 0.363151759
1403638200945096960.000000 -1.127495766 10.120651245 16.634454727 -0.560649872 -0.586464286 -0.450240076 0.372847378
1403638201145096960.000000 -1.638806820 10.076803207 16.701789856 -0.568154395 -0.580248177 -0.434545130 0.389465213
1403638201345096960.000000 -2.154756069 10.027497292 16.739688873 -0.572046518 -0.575862586 -0.432137847 0.392940283
1403638201545096960.000000 -2.670395374 9.973798752 16.749298096 -0.572109103 -0.573175132 -0.436774641 0.391649604
1403638201745096960.000000 -3.186440229 9.914128304 16.728809357 -0.572926462 -0.569418788 -0.439878792 0.392459214
1403638201945096960.000000 -3.703120708 9.843616486 16.679887772 -0.573122263 -0.569710732 -0.438651145 0.393123150
1403638202145096960.000000 -4.222550392 9.753832817 16.637571335 -0.571444213 -0.576676309 -0.422470391 0.403007060
1403638202545096960.000000 -5.226353168 9.554306984 16.601144791 -0.575436831 -0.585231781 -0.398623198 0.409238100
1403638202745096960.000000 -5.699758530 9.470507622 16.556175232 -0.577309966 -0.585370362 -0.395691723 0.409246743
1403638203145096960.000000 -6.581976891 9.319431305 16.449853897 -0.574856102 -0.581729829 -0.401835859 0.411896706
1403638203345096960.000000 -6.993954659 9.244630814 16.432865143 -0.570416570 -0.578830719 -0.408086538 0.415987134
1403638203945096960.000000 -8.110138893 8.983614922 16.385646820 -0.571278393 -0.578296721 -0.404406518 0.419129163
1403638204145096960.000000 -8.440656662 8.883630753 16.412307739 -0.574088871 -0.580728292 -0.397292227 0.418730915
1403638204345096960.000000 -8.750028610 8.784404755 16.463924408 -0.588195562 -0.577557623 -0.376567930 0.422669888
1403638204595097088.000000 -9.087941170 8.678995132 16.529066086 -0.595941961 -0.573493242 -0.366160840 0.426479757
1403638204845096960.000000 -9.369696617 8.596722603 16.556186676 -0.567949712 -0.598075151 -0.371883422 0.425960213
1403638205045096960.000000 -9.576218605 8.540235519 16.548997879 -0.520027041 -0.635693073 -0.366346866 0.437328398
1403638205245096960.000000 -9.787402153 8.485170364 16.535238266 -0.459212750 -0.679654956 -0.330547303 0.466831148
1403638205445096960.000000 -10.002593994 8.428267479 16.552124023 -0.386920184 -0.716959417 -0.289907306 0.502210855
1403638205645096960.000000 -10.212221146 8.359749794 16.598443985 -0.323465645 -0.739842176 -0.282976478 0.517617583
1403638205895097088.000000 -10.484093666 8.226252556 16.687765121 -0.278505862 -0.754139483 -0.269266546 0.530286431
1403638206145096960.000000 -10.775604248 8.023444176 16.807079315 -0.238388881 -0.770080388 -0.226308927 0.546746194
1403638206395097088.000000 -11.066518784 7.767264366 16.924272537 -0.206720576 -0.776651204 -0.184071302 0.565859675
1403638207095097088.000000 -11.713423729 6.923298359 17.033973694 -0.175375819 -0.773987174 -0.141136467 0.591834128
1403638207345096960.000000 -11.861348152 6.597652435 16.989044189 -0.163016647 -0.773217499 -0.129886225 0.598907232
1403638207595097088.000000 -11.953380585 6.253116608 16.934545517 -0.124883980 -0.780940890 -0.102710895 0.603312433
1403638207845096960.000000 -11.982085228 5.905248165 16.920274734 -0.109713390 -0.799441040 -0.070834123 0.586378336
1403638208095097088.000000 -11.980518341 5.580524921 16.947025299 -0.106008343 -0.805990577 -0.064300366 0.578797758
1403638208345096960.000000 -11.957635880 5.279152393 16.946752548 -0.108064339 -0.800980270 -0.066466346 0.585094035
1403638208595097088.000000 -11.913953781 4.993870258 16.919652939 -0.099561863 -0.808474243 -0.060146999 0.576922178
1403638208845096960.000000 -11.857246399 4.725732327 16.929107666 -0.079037555 -0.809098840 -0.041575119 0.580847383
1403638209095097088.000000 -11.786114693 4.480744362 16.928487778 -0.066053219 -0.808967054 -0.034893941 0.583088100
1403638209345096960.000000 -11.698808670 4.254703522 16.885189056 -0.064303443 -0.810021043 -0.030543638 0.582063675
1403638209645096960.000000 -11.582384109 4.011050701 16.769033432 -0.066582479 -0.806389034 -0.027977791 0.586958826
1403638209895097088.000000 -11.475178719 3.830772400 16.561199188 -0.063830636 -0.805953979 -0.035465930 0.587457180
1403638210145096960.000000 -11.351199150 3.662958384 16.313602448 -0.062468678 -0.794924378 -0.038440570 0.602258563
1403638210495097088.000000 -11.102715492 3.439758062 16.006059647 -0.063667953 -0.792695880 -0.037497204 0.605122805
1403638210795097088.000000 -10.822042465 3.261354685 15.722043037 -0.065910600 -0.790565312 -0.036624953 0.607717872
1403638211045096960.000000 -10.537238121 3.123861074 15.517452240 -0.068708755 -0.798621833 -0.031925824 0.597045243
1403638211295097088.000000 -10.231365204 3.003625870 15.364003181 -0.070587307 -0.804248214 -0.029405249 0.589353681
1403638211545096960.000000 -9.914993286 2.908221483 15.225857735 -0.093350098 -0.803309500 -0.043488141 0.586590409
1403638211795097088.000000 -9.581445694 2.835989237 15.055974007 -0.147212282 -0.795022011 -0.068180218 0.584482670
1403638212045096960.000000 -9.232963562 2.796043873 14.898136139 -0.209771186 -0.783140361 -0.101124652 0.576594472
1403638212295097088.000000 -8.868772507 2.791576862 14.791706085 -0.258773446 -0.768532932 -0.146536633 0.566498578
1403638212545096960.000000 -8.485936165 2.805028439 14.736968040 -0.308571398 -0.750239372 -0.185335487 0.554594815
1403638212795097088.000000 -8.083677292 2.827835083 14.728665352 -0.359541893 -0.729393661 -0.222476780 0.537790537
1403638213045096960.000000 -7.663659573 2.857565641 14.756666183 -0.416022092 -0.701443672 -0.259732723 0.517147303
1403638213295097088.000000 -7.231401920 2.898264408 14.790965080 -0.483935714 -0.669454694 -0.280460745 0.488854140
1403638213545096960.000000 -6.781873226 2.967441320 14.788171768 -0.550150394 -0.630431294 -0.292621553 0.462886125
1403638213795097088.000000 -6.301707745 3.078100204 14.783217430 -0.550223768 -0.606659830 -0.353546739 0.451909631
1403638214045096960.000000 -5.818637848 3.197030783 14.811380386 -0.549776614 -0.607144773 -0.366753817 0.441149145
1403638214295097088.000000 -5.347986698 3.316004753 14.861351013 -0.555003881 -0.623342812 -0.350768894 0.424706578
1403638214545096960.000000 -4.895558834 3.462719202 14.885548592 -0.546434283 -0.628490746 -0.349958956 0.428879708
1403638216645096960.000000 -1.848342180 4.395175934 14.570535660 -0.530208468 -0.614974022 -0.384604543 0.439050525
1403638219445096960.000000 -0.677366257 4.013171673 14.468934059 -0.584322810 -0.547244012 -0.435357034 0.411770791
1403638221445096960.000000 -0.602183223 2.975283146 14.435140610 -0.606728435 -0.557428718 -0.414340794 0.386620671
1403638221895097088.000000 -0.602276087 2.779013634 14.405964851 -0.605261743 -0.551127195 -0.416910142 0.395098597
1403638222395097088.000000 -0.593929231 2.583694458 14.430738449 -0.609619796 -0.562259912 -0.410875231 0.378694028
1403638222895097088.000000 -0.597331822 2.461871862 14.373334885 -0.599094629 -0.552028179 -0.425359040 0.394233704
1403638223195097088.000000 -0.607371569 2.388238907 14.337990761 -0.605179191 -0.556292772 -0.416411161 0.388456404
1403638223495097088.000000 -0.616595447 2.314641714 14.322409630 -0.616258264 -0.547841549 -0.400875926 0.399241656
1403638223795097088.000000 -0.595814288 2.258140087 14.291735649 -0.604907215 -0.555298448 -0.418324888 0.388246506
1403638224095097088.000000 -0.575030446 2.207759619 14.248495102 -0.603275061 -0.563265324 -0.420001745 0.377345860
1403638224395097088.000000 -0.575894415 2.180122137 14.203954697 -0.606198192 -0.560187936 -0.416258126 0.381369203
1403638224645096960.000000 -0.586130381 2.173388481 14.172632217 -0.601792693 -0.553189516 -0.422255814 0.391825110
1403638224895097088.000000 -0.599992990 2.166336298 14.149793625 -0.610677242 -0.558459044 -0.409401834 0.384170473
1403638225145096960.000000 -0.611406565 2.174860477 14.153917313 -0.604854107 -0.548858345 -0.415555894 0.400274277
1403638225395097088.000000 -0.611611903 2.181346893 14.164469719 -0.605072558 -0.560856938 -0.413569331 0.385080755
1403638225645096960.000000 -0.614716589 2.194475651 14.150609970 -0.586753190 -0.545322895 -0.439204514 0.406746894
1403638225895097088.000000 -0.625309289 2.182816505 14.078656197 -0.599956989 -0.559932232 -0.420916200 0.386467367
1403638226145096960.000000 -0.649830937 2.183798552 14.043366432 -0.619499087 -0.560089648 -0.387096912 0.390738338
1403638226395097088.000000 -0.663559258 2.191961765 14.039505959 -0.607039392 -0.571801543 -0.404966772 0.374897569
1403638226695097088.000000 -0.660293162 2.196324348 14.057588577 -0.608148277 -0.570786178 -0.404958665 0.374656171
1403638226895097088.000000 -0.658548117 2.198087454 14.067836761 -0.608335137 -0.570768654 -0.404729992 0.374626637
1403638227295097088.000000 -0.657154799 2.201376677 14.084773064 -0.608940601 -0.570690811 -0.403905779 0.374651223
1403638227795097088.000000 -0.658578336 2.208063602 14.099267960 -0.609379768 -0.570778728 -0.403232902 0.374528110
1403638228295097088.000000 -0.662819326 2.221999884 14.105394363 -0.609627306 -0.570878685 -0.402923375 0.374305815
1403638228795097088.000000 -0.666741133 2.243661165 14.101162910 0.610039353 0.570942461 0.402624905 -0.373858243
