1403638538777829376.000000 -3.302292347 -2.001077175 2.144623518 -0.581258178 -0.603566289 -0.377818346 0.393827319
1403638539027829504.000000 -3.304178953 -1.988973379 2.144748449 -0.575908244 -0.597977340 -0.385964841 0.402223766
1403638539277829376.000000 -3.307209969 -1.968352318 2.170409918 -0.568142414 -0.588199735 -0.397346735 0.416354150
1403638539777829376.000000 -3.312653542 -1.921127558 2.303557634 -0.567958236 -0.596014500 -0.390633017 0.411820382
1403638540027829504.000000 -3.317692757 -1.886468768 2.325857401 -0.574018359 -0.604125857 -0.378911495 0.402443916
1403638540777829376.000000 -3.371966600 -1.606226802 2.390354872 -0.522352099 -0.639803231 -0.367161483 0.427776486
1403638541227829504.000000 -3.486950636 -1.391586542 2.399496317 -0.447910398 -0.693662286 -0.327592582 0.459229916
1403638542127829504.000000 -3.979226351 -1.009062171 2.569441557 -0.389112085 -0.727556586 -0.273482680 0.494429499
1403638542577829376.000000 -4.298305035 -0.855177701 2.611816168 -0.292241484 -0.756865025 -0.250712812 0.528103590
1403638543077829376.000000 -4.687854290 -0.807186306 2.713437080 -0.301085085 -0.766793072 -0.215694353 0.524263501
1403638543377829376.000000 -4.933506966 -0.810187936 2.772963047 -0.306793839 -0.765199065 -0.214700297 0.523690522
1403638543877829376.000000 -5.369119167 -0.825974703 2.813806772 -0.229532972 -0.793008327 -0.177034840 0.535827577
1403638544577829376.000000 -6.047399521 -0.862248898 2.951189041 -0.183751807 -0.804199576 -0.126453266 0.550915539
1403638545427829504.000000 -6.877147198 -0.843608737 2.959805489 -0.175105229 -0.801164508 -0.122884147 0.558903396
1403638545877829376.000000 -7.297485352 -0.845813870 2.930929422 -0.116075382 -0.815675259 -0.080646276 0.560978353
1403638546127829504.000000 -7.528169632 -0.848658442 2.980110884 -0.060629826 -0.823708653 -0.054975402 0.561075628
1403638546677829376.000000 -8.043256760 -0.877965808 2.995593071 -0.029794469 -0.826951623 -0.025611084 0.560898721
1403638547127829504.000000 -8.497471809 -0.929478347 3.047603369 -0.004282732 -0.828607023 -0.028777670 0.559074283
1403638547577829376.000000 -8.975264549 -1.032408714 3.028025389 -0.014270856 -0.829213500 -0.017913610 0.558462620
1403638547777829376.000000 -9.199013710 -1.090374351 3.000045776 -0.015443644 -0.829105139 -0.020055892 0.558519423
1403638548577829376.000000 -10.128242493 -1.427684546 2.989183426 0.046492625 -0.829618633 0.024598798 0.555847466
1403638548777829376.000000 -10.374394417 -1.523216248 3.006885290 0.060171030 -0.828360498 0.034292139 0.555897832
1403638549177829376.000000 -10.877429962 -1.717949629 3.086671829 0.064618230 -0.827039123 0.040612653 0.556939363
1403638549427829504.000000 -11.202380180 -1.842983603 3.172438383 0.059315387 -0.825804770 0.045238845 0.559000432
1403638550027829504.000000 -12.000678062 -2.124139786 3.372288704 0.054105546 -0.825516224 0.046903137 0.559817493
1403638550477829376.000000 -12.628690720 -2.313097477 3.643108130 0.053802658 -0.825304449 0.050720070 0.559826136
1403638550677829376.000000 -12.906767845 -2.383660078 3.740767717 0.050919108 -0.820942283 0.055936255 0.565978885
1403638550927829504.000000 -13.247619629 -2.448620796 3.835735083 0.048630148 -0.809590995 0.058128286 0.582081258
1403638553627829504.000000 -15.007995605 -0.923369765 4.504168034 -0.055604260 -0.787882328 -0.037419766 0.612167776
1403638556527829504.000000 -13.169551849 1.406129599 4.903357506 -0.109096520 -0.827444196 -0.055680744 0.548027277
1403638559377829376.000000 -12.966885567 4.541348457 5.331381798 -0.103860699 -0.816004515 -0.070574224 0.564241946
1403638561977829376.000000 -13.353561401 6.708858013 4.984042645 -0.379289925 -0.719458580 -0.269340038 0.515727162
1403638563377829376.000000 -12.615592957 7.147241116 4.910283566 -0.565849245 -0.568196118 -0.384879798 0.456985205
1403638563677829376.000000 -12.352519989 7.157063007 4.854187965 -0.569810867 -0.562807560 -0.390386790 0.454050064
1403638563927829504.000000 -12.097685814 7.116317749 4.866345406 -0.571285963 -0.564919233 -0.381558567 0.457068592
1403638564927829504.000000 -10.723465919 6.661037445 4.851652145 -0.556270897 -0.573537171 -0.370960355 0.473292977
1403638565127829504.000000 -10.393755913 6.522712231 4.767997265 -0.557316482 -0.572840273 -0.369395196 0.474130481
1403638566127829504.000000 -8.482796669 5.620911121 4.281182766 -0.548922360 -0.587905526 -0.398212969 0.440996349
1403638566727829504.000000 -7.422111511 4.919359207 3.910887957 -0.560267210 -0.604650617 -0.374986380 0.424126714
1403638566927829504.000000 -7.095339298 4.696040154 3.749825239 -0.566637099 -0.619814456 -0.359785616 0.406579316
1403638567127829504.000000 -6.784355164 4.506004333 3.586158276 -0.555669963 -0.613956571 -0.372333467 0.419113427
1403638567327829504.000000 -6.489603043 4.339297295 3.412256241 -0.542469323 -0.603655815 -0.392052889 0.433152795
1403638569427829504.000000 -4.568232059 3.140128851 2.501012802 -0.554375648 -0.616012156 -0.394638658 0.396808505
1403638572377829376.000000 -3.316108704 2.513095140 2.008751631 -0.759143651 -0.329370022 -0.499257356 0.256823659
1403638573377829376.000000 -2.066100836 2.069907665 2.062261820 -0.774815917 -0.318574548 -0.505934298 0.205428794
1403638573577829376.000000 -1.789240479 2.042778015 2.099373102 -0.775012612 -0.318629563 -0.507640541 0.200329229
1403638573977829376.000000 -1.240993381 2.070674658 2.228332281 -0.773631573 -0.282591015 -0.537632406 0.180520982
1403638574177829376.000000 -0.961220503 2.100846767 2.273332357 -0.781374991 -0.221065015 -0.554145515 0.183046818
1403638574577829376.000000 -0.446239680 2.105991125 2.279893637 -0.801929474 -0.131098658 -0.568451524 0.128783703
1403638574877829376.000000 -0.086241245 2.062108040 2.322891712 -0.809970260 -0.118303955 -0.567129195 0.091196917
1403638575077829376.000000 0.145877376 2.031039000 2.347872972 -0.817180514 -0.113853522 -0.557331383 0.092924938
1403638575277829376.000000 0.381774724 1.996835351 2.353539944 -0.817917585 -0.107314676 -0.555272639 0.105672583
1403638575977829376.000000 1.270588756 1.830734611 2.385230541 -0.826786637 -0.142077729 -0.537496388 0.085647270
1403638576227829504.000000 1.637682557 1.800321341 2.468747854 -0.823810816 -0.142753437 -0.541855216 0.085733376
1403638576477829376.000000 2.018621683 1.795215011 2.531712055 -0.821319878 -0.150975212 -0.545270324 0.072940700
1403638576777829376.000000 2.484315395 1.835839033 2.576816082 -0.816876233 -0.157639489 -0.551305771 0.062648520
1403638577077829376.000000 2.943229675 1.953393102 2.577370882 -0.808948457 -0.144060388 -0.564072132 0.081680141
1403638577377829376.000000 3.382924795 2.099938631 2.611214638 -0.807812810 -0.147264361 -0.565488815 0.077292114
1403638577627829504.000000 3.731611729 2.246163845 2.655147076 -0.808416367 -0.148470372 -0.564395428 0.076663777
1403638578527829504.000000 4.860183716 2.947536707 2.765962839 -0.810419440 -0.133467823 -0.560927689 0.103763670
1403638578777829376.000000 5.156250477 3.136465549 2.780533552 -0.808402121 -0.137728870 -0.564266205 0.095501550
1403638578977829376.000000 5.385179996 3.286594391 2.783334732 -0.806856513 -0.144521952 -0.566238701 0.086428113
1403638579277829376.000000 5.718318462 3.528819561 2.828427553 -0.806118906 -0.144096822 -0.566860437 0.089875303
1403638582177829376.000000 7.315049648 5.033901215 2.731342793 -0.686141431 -0.431128293 -0.502493680 0.301394135
1403638584777829376.000000 6.603880882 5.395651817 3.550430775 -0.680716038 -0.427402139 -0.511416793 0.303983539
1403638586727829504.000000 5.131331921 5.235387325 3.742712975 -0.689270794 -0.429973304 -0.503082216 0.294850945
1403638587177829376.000000 4.773530483 5.243165016 3.660832882 -0.690545619 -0.428523540 -0.500430405 0.298469096
1403638588977829376.000000 3.177949429 5.075916767 3.472112894 -0.691899300 -0.423778951 -0.499141186 0.304212064
1403638589627829504.000000 2.552446604 4.932116985 3.449833155 -0.693408489 -0.424129277 -0.497423112 0.303099304
1403638590077829376.000000 2.109676600 4.830005169 3.513767242 -0.698488533 -0.425006419 -0.492934316 0.297487974
1403638591527829504.000000 0.865775645 4.551253796 3.414091349 -0.724645734 -0.432607114 -0.458232820 0.278858960
1403638592227829504.000000 0.574777067 4.733333111 3.347447872 -0.711295366 -0.424854547 -0.472755641 0.300099403
1403638592827829504.000000 0.497922122 4.985215187 3.592424870 -0.679732680 -0.481142730 -0.441406935 0.334103405
1403638593527829504.000000 0.569872141 5.342503548 3.894457817 -0.657970011 -0.488630712 -0.467975408 0.330627531
1403638595227829504.000000 0.382151634 5.836980820 4.455977917 -0.646802545 -0.495862067 -0.458010018 0.354956627
1403638595927829504.000000 0.217927724 5.806577682 4.481929779 -0.643923998 -0.501947284 -0.462436855 0.345778823
1403638596227829504.000000 0.126240954 5.779561043 4.431158543 -0.632375836 -0.515765250 -0.478069693 0.324863613
1403638597277829376.000000 -1.052971959 5.784067154 4.634262085 -0.603097320 -0.532599747 -0.514606476 0.296295851
1403638597477829376.000000 -1.467430234 5.810114384 4.639540672 -0.608376622 -0.520852089 -0.510944486 0.312292665
1403638597677829376.000000 -1.932923555 5.826145649 4.633238792 -0.614073873 -0.506451130 -0.505818784 0.332517624
1403638597927829504.000000 -2.560147285 5.820885658 4.605171680 -0.601506948 -0.525038004 -0.509303391 0.321145684
1403638598227829504.000000 -3.387850523 5.798305511 4.587470055 -0.608294666 -0.523249149 -0.483337998 0.350103438
1403638598477829376.000000 -4.110110760 5.755168915 4.567602634 -0.619999826 -0.521138072 -0.463142693 0.359880745
1403638598677829376.000000 -4.677906513 5.711646557 4.520471096 -0.613924325 -0.530599654 -0.455590516 0.366057843
1403638598877829376.000000 -5.239058971 5.666060448 4.472383499 -0.597706139 -0.548569441 -0.442972630 0.381568193
1403638599077829376.000000 -5.791515350 5.615725040 4.443879604 -0.575262129 -0.572495341 -0.427941263 0.397729576
1403638599277829376.000000 -6.337871552 5.555572510 4.437834740 -0.550447822 -0.598147929 -0.410371393 0.413305759
1403638599527829504.000000 -7.002716541 5.466792583 4.472164154 -0.527092695 -0.626380920 -0.387991995 0.423417538
1403638599827829504.000000 -7.773471355 5.357779503 4.487935543 -0.524249315 -0.634665430 -0.375897110 0.425515950
1403638600077829376.000000 -8.411819458 5.274900436 4.470473766 -0.535416245 -0.627560854 -0.366590649 0.430242002
1403638600477829376.000000 -9.338561058 5.186705112 4.415263176 -0.567937791 -0.609338164 -0.329666853 0.444379896
1403638600677829376.000000 -9.734779358 5.180101395 4.421071529 -0.571417332 -0.608890653 -0.327365547 0.442228705
1403638600877829376.000000 -10.075344086 5.205035210 4.450261116 -0.569157839 -0.620707750 -0.329044104 0.427213341
1403638601127829504.000000 -10.453233719 5.282373905 4.479450703 -0.551558256 -0.637703955 -0.351028591 0.407303631
1403638601377829376.000000 -10.824062347 5.411611557 4.483417988 -0.532525718 -0.638861656 -0.370827466 0.413230270
1403638601627829504.000000 -11.211190224 5.565500259 4.499891281 -0.504596949 -0.648879766 -0.357642442 0.443203092
1403638601827829504.000000 -11.522293091 5.686717510 4.546525478 -0.461866230 -0.676564693 -0.339772224 0.462054878
1403638602027829504.000000 -11.835446358 5.795907497 4.616831303 -0.421088725 -0.703054011 -0.317492098 0.477072537
1403638602427829504.000000 -12.471014023 5.973587990 4.685980797 -0.356079161 -0.713590980 -0.285388023 0.531553626
1403638602627829504.000000 -12.773023605 6.017436981 4.742992401 -0.318573594 -0.691901445 -0.255371988 0.595456600
1403638602827829504.000000 -13.004176140 6.008308411 4.815630436 -0.282775193 -0.710065961 -0.231163517 0.602003396
1403638604777829376.000000 -13.113478661 4.738008022 4.938786507 -0.203743517 -0.784153640 -0.148712993 0.566988707
1403638605277829376.000000 -12.921760559 4.226830482 4.979688644 -0.211633965 -0.805219412 -0.137432337 0.536605120
1403638605877829376.000000 -12.795700073 3.648783445 5.022856236 -0.175936356 -0.794915795 -0.184460625 0.550572157
1403638606127829504.000000 -12.791278839 3.341186523 5.075558662 -0.172893405 -0.796531200 -0.192093343 0.546576738
1403638606427829504.000000 -12.821372032 2.906515837 5.082903862 -0.186723426 -0.803830624 -0.177456319 0.536190331
1403638606877829376.000000 -12.969400406 2.226690531 4.990220547 -0.184412733 -0.825066626 -0.124724381 0.519327462
1403638607127829504.000000 -13.122334480 1.889195561 4.953141212 -0.147121802 -0.831559598 -0.087188132 0.528452516
1403638607677829376.000000 -13.544831276 1.274518251 4.866922379 -0.116554566 -0.812969744 -0.064113311 0.566907942
1403638607927829504.000000 -13.728223801 1.043251991 4.775609493 -0.121212199 -0.813576758 -0.061761938 0.565319419
1403638609177829376.000000 -14.357007980 0.200803757 4.078835964 -0.124982826 -0.805599093 -0.069580473 0.574933052
1403638609427829504.000000 -14.403033257 0.082054622 3.972848892 -0.128295615 -0.803022861 -0.065306872 0.578298807
1403638609677829376.000000 -14.426975250 -0.012649421 3.824522734 -0.123969741 -0.805267513 -0.072442420 0.575263381
1403638609977829376.000000 -14.439089775 -0.104655214 3.652686119 -0.124065585 -0.804911435 -0.072692938 0.575709283
1403638610477829376.000000 -14.396928787 -0.210670650 3.430647612 -0.123412907 -0.794159532 -0.074835666 0.590321660
1403638610827829504.000000 -14.278100967 -0.267050922 3.237055063 -0.123234168 -0.792883635 -0.072793767 0.592325807
1403638611127829504.000000 -14.120004654 -0.301331222 3.115727901 -0.122836284 -0.792227626 -0.069067575 0.593730867
1403638611477829376.000000 -13.874227524 -0.320803255 2.971328497 -0.107127935 -0.795664012 -0.090304352 0.589311182
1403638611927829504.000000 -13.492386818 -0.389276147 2.846888542 -0.120610178 -0.804356098 -0.077078424 0.576648414
1403638612177829376.000000 -13.272282600 -0.431227565 2.768734455 -0.125775993 -0.806067348 -0.071996428 0.573805273
1403638612477829376.000000 -13.011093140 -0.460422844 2.725823164 -0.125257611 -0.804393768 -0.076062754 0.575739145
1403638612727829504.000000 -12.785847664 -0.475227773 2.660653591 -0.119630568 -0.802892864 -0.090630755 0.576920986
1403638612977829376.000000 -12.562223434 -0.500043094 2.584491253 -0.122536592 -0.799596548 -0.093830548 0.580367208
1403638613227829504.000000 -12.339149475 -0.540711224 2.551137924 -0.127237499 -0.802896798 -0.089967772 0.575389743
1403638613627829504.000000 -11.981401443 -0.620560646 2.542637587 -0.135080978 -0.798845172 -0.091878906 0.578928232
1403638613977829376.000000 -11.647615433 -0.696951568 2.457722425 -0.161646217 -0.786391616 -0.106439069 0.586625576
1403638614277829376.000000 -11.321187973 -0.762529492 2.351788998 -0.208733425 -0.782771349 -0.141324192 0.568970084
1403638614527829504.000000 -11.035743713 -0.822726190 2.310219049 -0.235297903 -0.778171539 -0.151808247 0.562172890
1403638614777829376.000000 -10.745698929 -0.874187291 2.319512129 -0.271601170 -0.770225346 -0.155949056 0.555576980
1403638615027829504.000000 -10.441352844 -0.900233209 2.375193357 -0.323174506 -0.758397639 -0.178094417 0.537283599
1403638615277829376.000000 -10.123614311 -0.887670219 2.459518671 -0.370226532 -0.730316997 -0.238756508 0.522077382
1403638615527829504.000000 -9.804523468 -0.862857819 2.530659676 -0.424772292 -0.695462346 -0.288724780 0.502532184
1403638615777829376.000000 -9.494586945 -0.842254579 2.580153227 -0.459692776 -0.671896815 -0.314342052 0.488289207
1403638616127829504.000000 -9.065498352 -0.829370677 2.665362120 -0.494761229 -0.647227585 -0.335749805 0.472842455
1403638616427829504.000000 -8.690390587 -0.827326596 2.622605085 -0.537971258 -0.614068925 -0.362017751 0.449943960
1403638616977829376.000000 -8.000910759 -0.811045825 2.410542488 -0.584948182 -0.598983765 -0.356024981 0.415090710
1403638617277829376.000000 -7.612328053 -0.731919765 2.364195108 -0.569562316 -0.606798232 -0.370973349 0.412035704
1403638617577829376.000000 -7.242502213 -0.614253044 2.383706331 -0.567642987 -0.618425429 -0.363584995 0.403902769
1403638618177829376.000000 -6.607758522 -0.234995186 2.582696199 -0.556326807 -0.622706175 -0.365855187 0.410959274
1403638618777829376.000000 -6.110208511 0.273111403 2.692847729 -0.555927098 -0.619634867 -0.374060959 0.408749431
1403638619077829376.000000 -5.907904148 0.562464356 2.760438681 -0.569569468 -0.595119834 -0.397780329 0.403972656
1403638619377829376.000000 -5.728747845 0.854156613 2.764725447 -0.613050103 -0.542064488 -0.432961553 0.377994627
1403638621927829504.000000 -4.090948582 2.247376442 2.520731926 -0.626527786 -0.501199782 -0.468329698 0.370039195
1403638624777829376.000000 -3.548303366 0.638296962 2.515449286 -0.637862027 -0.493189216 -0.463252813 0.367822438
1403638625077829376.000000 -3.528342009 0.311574370 2.522279263 -0.636751115 -0.507939100 -0.446308106 0.370614290
1403638625327829504.000000 -3.515836000 0.037202917 2.516684771 -0.635487735 -0.510434031 -0.440294623 0.376501024
1403638625577829376.000000 -3.494849205 -0.238035977 2.515561581 -0.635174394 -0.510859489 -0.439211458 0.377716005
1403638625877829376.000000 -3.465541124 -0.566542983 2.561916351 -0.641865373 -0.516489148 -0.430661261 0.368481815
1403638626177829376.000000 -3.415498972 -0.862374008 2.560065031 -0.643688858 -0.516397953 -0.429628909 0.366628975
1403638626477829376.000000 -3.355839491 -1.133231759 2.508364439 -0.634895623 -0.518700600 -0.442905247 0.362894267
1403638626777829376.000000 -3.303921223 -1.380027890 2.449982882 -0.640156329 -0.524218857 -0.433863938 0.356590360
1403638627077829376.000000 -3.256899834 -1.579559207 2.442069054 -0.641525924 -0.527974546 -0.429549128 0.353800774
1403638627327829504.000000 -3.228293419 -1.714008570 2.430020809 -0.640324116 -0.529601038 -0.430215955 0.352735013
1403638627577829376.000000 -3.205571413 -1.817886949 2.399593830 -0.638043582 -0.529469132 -0.433928370 0.352518171
1403638627827829504.000000 -3.189820290 -1.893562913 2.355463505 -0.633232117 -0.525968134 -0.442297220 0.356016546
1403638628077829376.000000 -3.184440374 -1.950043082 2.312829971 -0.635710657 -0.528279305 -0.440154880 0.350794196
1403638628327829504.000000 -3.188745499 -1.999040008 2.285872459 -0.638114214 -0.527767122 -0.438693643 0.349027216
1403638628577829376.000000 -3.207425117 -2.027665615 2.276829243 -0.639230609 -0.513587713 -0.437628388 0.368908316
1403638628827829504.000000 -3.220402479 -2.055821896 2.274633169 -0.639220595 -0.510662019 -0.438259184 0.372223347
1403638629127829504.000000 -3.222681284 -2.088958263 2.248713493 -0.634262264 -0.518136263 -0.445700943 0.361382008
1403638629427829504.000000 -3.231687069 -2.112294436 2.236497402 -0.637686729 -0.523280382 -0.441157788 0.353430390
1403638629977829376.000000 -3.258811712 -2.088119030 2.226085663 -0.637462676 -0.504164159 -0.444527924 0.376636088
1403638630327829504.000000 -3.258466482 -2.081636667 2.113564253 -0.635531962 -0.518353403 -0.447879612 0.356107712
1403638630577829376.000000 -3.268540859 -2.082583189 2.044379234 -0.635080278 -0.516174793 -0.449815243 0.357635111
1403638630777829376.000000 -3.273489475 -2.084571362 1.939486742 -0.645163238 -0.547978938 -0.421941906 0.324728489
1403638631227829504.000000 -3.290913582 -2.046343803 1.722513556 -0.647278965 -0.546148539 -0.417406142 0.329429746
