#LBA time[ms],KF opt[#],KF fixed[#],MP[#],Edges[#]
0.015265,3,1,0,463
0.004320,4,1,0,1033
0.271268,5,1,0,1446
0.453926,6,1,0,1892
0.474597,7,1,0,2379
0.963883,8,1,0,2595
0.754537,9,1,0,3050
0.855434,10,1,0,3511
1.646900,0,0,0,0
46.913521,0,0,0,0
1.065100,0,0,0,0
1.465682,0,0,0,0
1.541107,0,0,0,0
1.861430,0,0,0,0
1.600755,0,0,0,0
2.546558,0,0,0,0
2.171866,0,0,0,0
2.282299,0,0,0,0
1.993495,0,0,0,0
2.508222,0,0,0,0
2.650912,0,0,0,0
3.856846,0,0,0,0
3.542026,0,0,0,0
3.526474,0,0,0,0
3.405352,0,0,0,0
3.403753,0,0,0,0
3.583851,0,0,0,0
3.431433,0,0,0,0
3.398025,0,0,0,0
4.215410,0,0,0,0
2.711136,0,0,0,0
3.221575,0,0,0,0
3.397416,0,0,0,0
4.806233,0,0,0,0
5.906983,0,0,0,0
3.032452,0,0,0,0
5.529954,0,0,0,0
2.499517,0,0,0,0
3.965007,0,0,0,0
3.707468,3,1,0,480
4.678680,4,1,0,696
0.005376,5,1,0,1131
0.005313,6,1,0,1524
0.429733,7,1,0,2193
0.584647,8,1,0,2872
0.546438,9,1,0,3345
1.061004,10,1,0,3905
1.258127,0,0,0,0
1.542098,0,0,0,0
1.481234,0,0,0,0
55.340470,0,0,0,0
1.307760,0,0,0,0
1.671956,0,0,0,0
1.941143,0,0,0,0
2.072761,0,0,0,0
2.249851,0,0,0,0
2.147290,0,0,0,0
3.063525,0,0,0,0
2.576095,0,0,0,0
3.785838,0,0,0,0
2.949219,0,0,0,0
3.534858,0,0,0,0
5.035741,0,0,0,0
4.475510,0,0,0,0
5.102301,0,0,0,0
5.601571,0,0,0,0
4.977020,0,0,0,0
5.010332,0,0,0,0
5.635492,0,0,0,0
3.279047,0,0,0,0
4.623191,0,0,0,0
3.120613,0,0,0,0
4.189170,0,0,0,0
3.652620,0,0,0,0
3.515882,0,0,0,0
4.866362,0,0,0,0
3.527947,0,0,0,0
3.050180,0,0,0,0
3.767309,0,0,0,0
3.578283,0,0,0,0
7.595163,0,0,0,0
7.245879,0,0,0,0
5.499969,0,0,0,0
4.487573,0,0,0,0
7.398457,0,0,0,0
4.606039,0,0,0,0
4.443349,0,0,0,0
8.299876,0,0,0,0
6.674128,0,0,0,0
8.328131,0,0,0,0
3.960304,0,0,0,0
6.014792,0,0,0,0
4.719449,0,0,0,0
6.177642,0,0,0,0
7.925247,0,0,0,0
6.138217,0,0,0,0
3.951536,0,0,0,0
6.507822,0,0,0,0
4.353876,0,0,0,0
6.600079,0,0,0,0
6.896082,0,0,0,0
5.387008,0,0,0,0
8.654312,0,0,0,0
5.239647,0,0,0,0
5.487649,0,0,0,0
9.493681,0,0,0,0
6.250378,0,0,0,0
6.491341,0,0,0,0
7.165430,0,0,0,0
7.416920,0,0,0,0
7.997024,0,0,0,0
7.871422,0,0,0,0
8.050240,0,0,0,0
8.686728,0,0,0,0
8.417861,0,0,0,0
10.784833,0,0,0,0
12.794969,0,0,0,0
11.080133,0,0,0,0
10.442781,0,0,0,0
9.930422,0,0,0,0
10.377148,0,0,0,0
12.130353,0,0,0,0
15.454361,0,0,0,0
10.167705,0,0,0,0
13.458337,0,0,0,0
15.393336,0,0,0,0
9.096429,0,0,0,0
13.290751,0,0,0,0
13.507137,0,0,0,0
11.043364,0,0,0,0
11.530826,0,0,0,0
9.860790,0,0,0,0
12.915194,0,0,0,0
8.222339,0,0,0,0
8.835114,0,0,0,0
11.151141,0,0,0,0
10.134266,0,0,0,0
9.397809,0,0,0,0
8.309379,0,0,0,0
10.015704,0,0,0,0
7.985791,0,0,0,0
8.233858,0,0,0,0
5.811621,0,0,0,0
3.922863,0,0,0,0
10.255643,0,0,0,0
3.755052,0,0,0,0
4.641304,0,0,0,0
9.828790,0,0,0,0
8.149793,0,0,0,0
6.581135,0,0,0,0
5.000060,0,0,0,0
4.054992,0,0,0,0
6.535822,0,0,0,0
7.069332,0,0,0,0
5.797733,0,0,0,0
6.450925,0,0,0,0
5.664707,0,0,0,0
3.184998,0,0,0,0
4.829594,0,0,0,0
4.575031,0,0,0,0
6.474029,0,0,0,0
7.707773,0,0,0,0
7.762429,0,0,0,0
7.836734,0,0,0,0
6.030120,0,0,0,0
7.408249,0,0,0,0
7.723741,0,0,0,0
8.809449,0,0,0,0
7.889055,0,0,0,0
7.900223,0,0,0,0
5.099485,0,0,0,0
9.124365,0,0,0,0
8.808490,0,0,0,0
6.446029,0,0,0,0
6.691120,0,0,0,0
5.007612,0,0,0,0
9.899702,0,0,0,0
9.502929,0,0,0,0
8.264994,0,0,0,0
8.952683,0,0,0,0
7.549179,0,0,0,0
7.838974,0,0,0,0
9.318672,0,0,0,0
9.738485,0,0,0,0
7.868702,0,0,0,0
7.494265,0,0,0,0
5.157278,0,0,0,0
4.830394,0,0,0,0
6.369644,0,0,0,0
7.971359,0,0,0,0
6.701616,0,0,0,0
5.589539,0,0,0,0
9.936214,0,0,0,0
8.813706,0,0,0,0
5.319200,0,0,0,0
7.456729,0,0,0,0
10.175642,0,0,0,0
8.171362,0,0,0,0
7.637851,0,0,0,0
10.543358,0,0,0,0
9.041644,0,0,0,0
8.225186,0,0,0,0
11.607179,0,0,0,0
8.302019,0,0,0,0
10.295419,0,0,0,0
8.903211,0,0,0,0
7.037684,0,0,0,0
7.467929,0,0,0,0
5.685508,0,0,0,0
8.813897,0,0,0,0
9.235342,0,0,0,0
5.632388,0,0,0,0
7.204854,0,0,0,0
7.389688,0,0,0,0
6.883186,0,0,0,0
7.119989,0,0,0,0
6.922291,0,0,0,0
7.364824,0,0,0,0
9.068844,0,0,0,0
7.471033,0,0,0,0
12.908987,0,0,0,0
7.403801,0,0,0,0
11.563722,0,0,0,0
7.392792,0,0,0,0
9.319312,0,0,0,0
10.189946,0,0,0,0
7.279543,0,0,0,0
8.292516,0,0,0,0
7.671228,0,0,0,0
7.115509,0,0,0,0
12.055920,0,0,0,0
10.576094,0,0,0,0
12.103793,0,0,0,0
10.493758,0,0,0,0
11.799693,0,0,0,0
7.429657,0,0,0,0
6.488493,0,0,0,0
6.725105,0,0,0,0
11.681068,0,0,0,0
12.966363,0,0,0,0
6.349068,0,0,0,0
9.173422,0,0,0,0
9.561107,0,0,0,0
11.402985,0,0,0,0
6.570574,0,0,0,0
11.705260,0,0,0,0
9.496082,0,0,0,0
9.213646,0,0,0,0
8.468741,0,0,0,0
10.041112,0,0,0,0
9.487409,0,0,0,0
10.576702,0,0,0,0
9.228526,0,0,0,0
10.437469,0,0,0,0
8.859210,0,0,0,0
7.120949,0,0,0,0
9.660500,0,0,0,0
9.697492,0,0,0,0
9.035597,0,0,0,0
9.725588,0,0,0,0
10.537342,0,0,0,0
8.528230,0,0,0,0
10.341564,0,0,0,0
12.084529,0,0,0,0
11.372040,0,0,0,0
10.042361,0,0,0,0
9.860662,0,0,0,0
16.053952,0,0,0,0
8.381700,0,0,0,0
13.281407,0,0,0,0
9.002059,0,0,0,0
15.972607,0,0,0,0
12.015855,0,0,0,0
16.238914,0,0,0,0
12.893082,0,0,0,0
11.507274,0,0,0,0
11.777229,0,0,0,0
10.758369,0,0,0,0
10.215418,0,0,0,0
10.148058,0,0,0,0
10.223867,0,0,0,0
8.233059,0,0,0,0
9.226095,0,0,0,0
9.306895,0,0,0,0
11.056997,0,0,0,0
11.703148,0,0,0,0
14.380492,0,0,0,0
13.489250,0,0,0,0
13.648100,0,0,0,0
15.247447,0,0,0,0
15.562426,0,0,0,0
11.073381,0,0,0,0
12.065456,0,0,0,0
14.012616,0,0,0,0
19.042916,0,0,0,0
13.752997,0,0,0,0
14.963667,0,0,0,0
12.411348,0,0,0,0
12.725273,0,0,0,0
9.970583,0,0,0,0
11.081124,0,0,0,0
15.042324,0,0,0,0
13.934887,0,0,0,0
13.791813,0,0,0,0
8.224579,0,0,0,0
9.197486,0,0,0,0
12.633335,0,0,0,0
8.732073,0,0,0,0
7.852798,0,0,0,0
10.495133,0,0,0,0
14.063432,0,0,0,0
14.446445,0,0,0,0
15.350615,0,0,0,0
13.750981,0,0,0,0
15.989503,0,0,0,0
18.955619,0,0,0,0
15.647739,0,0,0,0
16.630279,0,0,0,0
17.083116,0,0,0,0
17.093868,0,0,0,0
12.809594,0,0,0,0
16.435621,0,0,0,0
14.657743,0,0,0,0
14.852754,0,0,0,0
15.660828,0,0,0,0
10.693184,0,0,0,0
18.616255,0,0,0,0
17.921078,0,0,0,0
11.795597,0,0,0,0
18.597822,0,0,0,0
17.967543,0,0,0,0
17.665716,0,0,0,0
14.947603,0,0,0,0
20.184721,0,0,0,0
20.070640,0,0,0,0
19.710028,0,0,0,0
13.766053,0,0,0,0
17.898326,0,0,0,0
17.123341,0,0,0,0
16.098785,0,0,0,0
16.730632,0,0,0,0
16.488677,0,0,0,0
20.938938,0,0,0,0
20.804697,0,0,0,0
18.969635,0,0,0,0
16.533414,0,0,0,0
15.086645,0,0,0,0
13.318400,0,0,0,0
19.174181,0,0,0,0
15.207798,0,0,0,0
11.521930,0,0,0,0
12.454229,0,0,0,0
15.090357,0,0,0,0
16.845449,0,0,0,0
19.822285,0,0,0,0
14.740561,0,0,0,0
16.988939,0,0,0,0
20.582935,0,0,0,0
22.923122,0,0,0,0
23.011316,0,0,0,0
24.525893,0,0,0,0
19.880366,0,0,0,0
16.626343,0,0,0,0
20.191570,0,0,0,0
18.303483,0,0,0,0
17.747284,0,0,0,0
12.723576,0,0,0,0
15.343127,0,0,0,0
14.280043,0,0,0,0
13.185021,0,0,0,0
15.608026,0,0,0,0
22.116457,0,0,0,0
31.699260,0,0,0,0
27.705452,0,0,0,0
16.301091,0,0,0,0
20.085393,0,0,0,0
18.560126,0,0,0,0
16.298915,0,0,0,0
26.803969,0,0,0,0
28.742040,0,0,0,0
29.152829,0,0,0,0
25.128397,0,0,0,0
22.896722,0,0,0,0
24.163937,0,0,0,0
20.498421,0,0,0,0
25.476465,0,0,0,0
25.738708,0,0,0,0
28.678840,0,0,0,0
23.639771,0,0,0,0
26.132888,0,0,0,0
31.136852,0,0,0,0
27.802668,0,0,0,0
26.234842,0,0,0,0
27.952591,0,0,0,0
27.091524,0,0,0,0
26.986883,0,0,0,0
24.680200,0,0,0,0
24.700359,0,0,0,0
32.857321,0,0,0,0
26.966499,0,0,0,0
29.741476,0,0,0,0
34.929187,0,0,0,0
26.995203,0,0,0,0
29.998951,0,0,0,0
31.096532,0,0,0,0
27.128004,0,0,0,0
28.504054,0,0,0,0
24.019200,1086976700,65535,0,1080520952
23.550010,1648070814,0,1467213328,-188291366
21.427873,1084838165,0,65535,1080442244
17.051565,2038585834,0,1409286288,-1826013936
