#Stereo rect[ms], MP culling[ms], MP creation[ms], LBA[ms], KF culling[ms], Total[ms]
7.019831,0.015584,0.170051,0.014400,0.014400,7.231322
6.804245,0.044096,0.398597,0.004448,0.004448,7.256058
7.912483,0.079201,1.254288,0.124226,0.124226,13.461961
7.068568,0.146690,1.951928,0.197379,0.197379,16.655792
7.337691,0.151394,2.736418,0.284547,0.284547,20.804163
7.613151,0.179426,15.029244,0.507910,0.507910,40.708380
9.157874,0.259523,34.125323,0.712329,0.712329,73.552918
10.700134,0.391333,27.426294,0.939596,0.939596,78.926042
12.384730,0.456518,34.823667,1.196527,1.196527,93.873972
8.978640,0.264131,35.297913,51.203232,51.203232,141.400934
9.903932,0.254595,2.654337,0.006208,0.006208,12.823008
10.809671,0.822282,7.216155,0.004608,0.004608,18.856300
7.257819,0.546471,7.597566,0.384773,0.384773,51.604805
8.458314,0.504518,10.258208,0.935404,0.935404,65.524339
10.164383,0.332388,15.213054,1.417298,1.417298,79.641251
12.999906,0.328068,25.901828,1.490674,1.490674,91.522071
13.655723,0.346052,25.923300,1.899159,1.899159,100.565928
14.415188,0.287235,41.873611,1.597140,1.597140,120.434752
13.325031,0.452965,43.161564,1.163631,1.163631,121.804434
12.162392,0.402533,37.312146,52.109675,52.109675,173.287797
8.966704,0.316547,40.787326,1.599828,1.599828,117.272984
9.792058,0.304068,29.803604,1.518099,1.518099,99.245559
9.709594,0.286755,27.041042,1.781142,1.781142,95.475849
10.183807,0.212131,25.575871,1.892823,1.892823,98.567951
9.734234,0.166178,24.449009,1.692341,1.692341,101.959130
10.269601,0.150242,23.990027,2.415742,2.415742,125.021466
12.708223,0.181314,32.137201,2.570752,2.570752,128.806921
13.771308,0.176354,32.714425,2.357661,2.357661,134.092267
14.016495,0.153474,29.826965,3.022117,3.022117,145.229558
13.519529,0.154594,31.061156,3.061094,3.061094,153.470749
12.047031,0.147426,30.810945,3.438283,3.438283,158.206233
11.091338,0.159074,30.496221,5.380099,5.380099,155.770393
11.185452,0.192579,31.603626,4.680027,4.680027,155.002481
10.818631,0.192194,31.141381,4.344886,4.344886,151.007070
10.404802,0.184867,28.010142,5.248673,5.248673,157.614545
9.468407,0.190978,28.886569,4.923101,4.923101,146.734793
9.778107,0.195586,33.654372,4.700379,4.700379,152.226094
9.870460,0.177890,30.605118,4.687514,4.687514,184.904742
12.526972,0.279364,37.838233,4.691227,4.691227,159.683179
9.133170,0.165378,28.556677,4.285014,4.285014,144.195081
10.214176,0.194562,32.201587,4.684570,4.684570,148.797923
11.776915,0.185666,38.778277,4.960094,4.960094,158.008534
10.312832,0.178467,29.873237,4.604537,4.604537,288.078606
10.473059,0.351461,31.625483,4.452920,4.452920,138.783974
9.117458,0.166018,24.648916,3.823408,3.823408,131.276264
10.308800,0.211235,27.741051,3.842960,3.842960,129.790645
9.266548,0.165378,26.150983,2.865283,2.865283,113.221415
10.485123,0.144961,33.635461,2.970693,2.970693,133.868872
9.522807,0.077345,29.787348,4.671866,4.671866,115.494595
9.707065,0.053729,29.093132,4.111923,4.111923,112.932387
9.002737,0.051904,24.683861,3.061862,3.061862,108.841840
6.225966,0.019904,0.253571,0.005120,0.005120,6.508401
6.323087,0.049761,0.523110,0.004320,0.004320,6.903638
6.859061,0.073377,0.748298,0.250307,0.250307,14.064591
6.663923,0.075905,0.897195,0.355525,0.355525,13.928366
6.940887,0.027712,1.160623,0.430342,0.430342,14.780153
6.588338,0.027680,1.534068,0.533062,0.533062,16.131945
7.150042,0.013600,1.644181,0.626600,0.626600,17.899424
7.383804,0.015105,1.948472,0.759658,0.759658,19.962074
8.106437,0.022113,2.322653,0.833003,0.833003,22.388824
7.526462,0.031168,2.507007,59.950957,59.950957,82.493574
7.677024,0.014880,3.379595,1.187919,1.187919,35.518780
8.407049,0.004288,3.562381,1.261551,1.261551,42.818999
8.273319,0.006048,3.786672,0.903084,0.903084,40.309240
8.640172,0.006656,4.348375,1.061326,1.061326,68.042963
6.003755,0.017216,0.227747,0.005792,0.005792,6.258286
6.210894,0.088833,0.898539,0.005056,0.005056,7.207482
7.347995,0.172707,3.884592,0.273188,0.273188,22.189173
8.671053,0.218979,9.400789,0.543239,0.543239,34.202412
8.627980,0.204002,29.424496,0.868299,0.868299,68.636954
10.909545,0.280131,21.276266,1.130798,1.130798,75.506352
12.685118,0.410214,24.578419,1.324017,1.324017,86.337751
13.347495,0.309315,34.502864,1.227823,1.227823,113.851342
14.405300,0.270244,50.585048,1.336816,1.336816,123.813131
16.094985,0.371877,45.538873,73.187091,73.187091,205.088451
10.330849,0.275300,2.505023,0.007168,0.007168,13.122724
11.791380,0.750665,8.374985,0.005312,0.005312,20.926118
12.377274,0.815626,17.021301,0.978924,0.978924,74.809894
12.623518,0.807882,23.902091,1.196367,1.196367,86.276758
8.733261,0.265699,17.165975,1.282640,1.282640,76.534620
12.029622,0.485062,18.633513,1.064685,1.064685,92.093630
11.166795,0.579368,19.666165,1.044749,1.044749,99.139703
8.495595,0.636488,21.234793,1.312753,1.312753,93.586866
12.471516,0.482086,36.464263,1.552083,1.552083,128.183681
9.825755,0.584743,27.763867,98.506063,98.506063,224.028559
5.557157,0.123522,1.265519,0.005312,0.005312,6.954806
5.591781,0.249604,4.101715,0.004608,0.004608,9.951292
6.097388,0.642504,7.853378,0.609607,0.609607,39.818609
5.999531,0.477414,7.053112,1.202383,1.202383,63.784221
7.328540,0.420613,9.619608,1.489714,1.489714,60.019662
8.476426,0.459686,12.981346,1.622516,1.622516,70.970231
7.098873,0.459878,12.219832,1.565363,1.565363,62.896146
7.333915,0.412581,17.963233,1.359185,1.359185,84.897605
10.061694,0.685864,22.304023,1.535316,1.535316,99.585885
10.860327,0.690601,26.281224,48.867363,48.867363,159.572426
6.600338,0.163618,1.324721,0.005184,0.005184,8.097445
10.260672,0.618664,6.078444,0.004768,0.004768,16.965780
10.916296,0.774218,19.873400,0.433350,0.433350,65.375505
11.767571,0.612392,30.405564,0.979789,0.979789,82.162851
8.490090,0.299524,19.623125,1.243855,1.243855,65.706357
13.904910,0.520198,33.849575,1.286096,1.286096,116.133611
14.076464,0.564167,37.403636,1.426450,1.426450,116.606514
8.768749,0.350565,22.292694,1.159054,1.159054,91.845211
13.382952,0.480678,43.125531,1.183439,1.183439,123.340134
13.758476,0.551783,48.925379,72.672108,72.672108,216.379824
7.627520,0.154914,1.447378,0.004800,0.004800,9.238516
7.979108,0.619848,4.798428,0.003680,0.003680,13.404040
12.646494,0.928844,16.172458,0.672584,0.672584,73.680217
11.271309,0.813738,23.503334,1.242287,1.242287,84.749155
11.467087,0.505095,27.959357,0.534023,0.534023,90.231880
11.765459,0.438309,31.523338,1.282960,1.282960,112.501406
12.022358,0.470470,35.210776,1.680277,1.680277,109.306934
13.265190,0.388933,38.582082,1.265039,1.265039,128.790313
13.644875,0.487942,42.876728,1.225551,1.225551,125.649411
12.547837,0.449381,40.234231,48.462173,48.462173,170.078733
6.323407,0.133537,2.111931,0.005856,0.005856,8.578795
10.404930,0.678760,6.934583,0.005952,0.005952,18.028289
10.639397,0.915211,22.120565,0.485542,0.485542,70.764276
11.458544,0.621447,26.451115,0.933355,0.933355,81.286296
12.214009,0.429157,34.108075,0.987276,0.987276,111.778293
13.054211,0.433862,35.533500,1.240880,1.240880,127.663644
14.622359,0.470566,35.951233,0.541383,0.541383,115.798632
14.367827,0.458182,35.652062,0.754537,0.754537,123.012577
13.401736,0.461446,35.139863,0.747369,0.747369,126.616815
8.868527,0.362021,24.942872,59.789963,59.789963,173.861885
9.490807,0.242467,2.351805,0.005984,0.005984,12.095096
11.805428,0.780137,8.679117,0.004672,0.004672,21.273002
12.372762,0.902572,12.018486,0.585319,0.585319,76.445243
8.120518,0.937291,13.113540,1.322161,1.322161,65.822967
10.637829,0.800138,18.119746,0.849163,0.849163,85.900434
9.732506,0.924716,21.217513,1.480882,1.480882,87.986540
9.915228,0.779850,22.027123,1.272144,1.272144,90.178951
6.656499,0.769001,16.595792,1.326864,1.326864,81.093045
9.351445,0.839658,21.342475,1.384273,1.384273,91.537016
10.935720,1.005069,30.584222,47.367088,47.367088,157.314126
9.517879,0.218434,2.242748,0.006016,0.006016,11.989718
10.306689,0.709097,7.890627,0.004800,0.004800,18.914797
10.989929,1.278544,11.327854,0.639560,0.639560,68.167092
11.265933,1.018156,15.574467,1.278544,1.278544,77.365703
7.447293,0.593127,11.254637,1.306832,1.306832,58.401210
11.364398,0.960908,20.942822,1.059021,1.059021,89.352605
10.219040,0.955372,22.851805,1.202287,1.202287,92.491844
9.876443,0.933836,25.554943,1.571060,1.571060,92.174112
10.401922,0.717673,36.156644,1.466739,1.466739,90.259305
10.404002,0.774954,35.677406,54.103140,54.103140,147.443475
7.839106,0.182786,1.859511,0.006752,0.006752,9.892699
8.654028,0.671496,6.582835,0.004704,0.004704,15.916455
8.522603,1.140462,16.804210,0.455430,0.455430,56.578916
9.034929,0.718057,22.452825,1.021965,1.021965,66.589569
9.163442,0.563207,22.911679,1.407793,1.407793,74.044637
9.127314,0.616712,21.119272,1.139502,1.139502,78.183729
9.621976,0.586664,24.917527,1.295377,1.295377,86.689628
10.239936,0.642152,26.341673,0.754474,0.754474,93.986295
10.535012,0.589992,24.979288,0.857834,0.857834,110.787689
7.698145,0.525190,17.368345,41.627368,41.627368,127.440345
8.730605,0.216739,2.155035,0.005792,0.005792,11.112235
10.372513,0.658537,7.303899,0.004832,0.004832,18.343173
10.848807,1.143183,11.886420,0.579815,0.579815,61.543393
9.939677,0.904043,15.528226,1.284976,1.284976,67.783152
7.515134,0.671912,14.687864,1.324528,1.324528,64.039200
5.489093,0.652584,11.012650,1.440274,1.440274,54.591787
4.684315,0.100289,1.099534,0.005696,0.005696,5.893034
5.644838,0.481350,3.288361,0.004321,0.004321,9.421974
5.708487,0.094338,1.017644,0.005600,0.005600,6.829493
7.488414,0.188514,1.798007,0.005664,0.005664,9.484567
9.753818,0.711785,6.842645,0.004736,0.004736,17.316857
9.977500,0.692969,6.719988,0.946219,0.946219,56.228446
9.173779,0.968908,9.945148,1.072781,1.072781,62.211914
9.713433,0.971532,15.525890,1.381970,1.381970,73.276436
10.841416,0.746505,20.479360,1.559155,1.559155,85.530029
10.269664,0.964173,21.589325,1.109422,1.109422,89.523327
9.503543,0.904843,23.389029,1.405202,1.405202,93.230350
10.686374,0.736489,14.974235,1.374226,1.374226,84.104764
7.608319,0.673033,19.822711,42.389714,42.389714,125.119708
8.979120,0.260548,2.408478,0.006048,0.006048,11.658226
6.733268,0.456550,4.007218,0.003488,0.003488,11.203180
7.274299,0.699369,6.416400,0.589031,0.589031,54.404808
6.761845,0.509926,7.189050,1.495091,1.495091,62.363756
7.057464,0.261347,12.459804,1.940441,1.940441,72.071493
7.634304,0.323556,17.587452,2.043354,2.043354,91.085843
7.174202,0.342532,18.459783,2.443135,2.443135,93.503793
4.816444,0.346501,12.836256,2.259676,2.259676,87.335044
3.393419,0.378788,10.077438,1.787574,1.787574,86.638523
3.643982,0.234722,10.617733,67.865392,67.865392,132.475096
4.232213,0.179267,10.127422,1.466418,1.466418,96.583832
4.354518,0.327428,10.740743,1.156398,1.156398,100.489864
4.730843,0.328228,11.240044,0.611880,0.611880,78.790073
4.975262,0.430822,11.142219,0.645768,0.645768,80.854291
5.135808,0.429637,13.147909,0.639272,0.639272,75.297549
5.341091,0.488518,12.723295,0.718633,0.718633,66.598721
5.262530,0.484230,12.534525,0.742250,0.742250,68.358423
5.770248,0.543719,14.632983,0.813034,0.813034,72.791950
5.506501,0.574503,14.488885,0.837131,0.837131,72.104454
5.975371,0.542919,13.824620,1.273200,1.273200,68.994751
6.232494,0.523303,15.780229,0.662089,0.662089,76.967523
5.642471,0.673736,14.686968,1.508595,1.508595,67.742095
6.190285,0.719625,15.253823,1.599764,1.599764,74.679654
6.148429,0.653480,17.126294,1.551731,1.551731,82.549480
5.952874,0.740105,16.982645,1.099182,1.099182,77.256134
5.963275,0.690888,16.279116,1.589908,1.589908,73.732346
5.543813,0.691497,15.812134,1.175087,1.175087,76.115704
5.154784,0.743914,13.736012,1.195151,1.195151,70.359376
5.273826,0.802346,13.402119,1.074093,1.074093,70.338031
5.315075,0.732105,12.183384,1.012588,1.012588,73.015601
4.746203,0.717065,12.454556,1.051949,1.051949,70.190797
4.833372,0.776650,11.484240,1.064462,1.064462,66.533312
4.085683,0.661320,10.374562,1.106190,1.106190,120.969800
4.252822,0.663144,11.298349,0.757002,0.757002,59.374119
4.059443,0.645672,10.220959,1.488051,1.488051,65.652213
3.878576,0.616392,10.418754,0.446565,0.446565,61.475968
3.230728,0.628584,9.319413,0.511046,0.511046,59.126115
3.503468,0.554279,9.823899,0.930987,0.930987,59.924493
4.040530,0.420742,11.563472,0.933163,0.933163,63.629563
3.765743,0.528263,10.514435,0.611688,0.611688,60.212689
3.944913,0.622984,9.638584,0.540198,0.540198,64.849738
3.837520,0.606152,10.186975,0.925676,0.925676,61.786405
3.521100,0.561223,9.678905,1.079949,1.079949,60.186448
3.165480,0.610312,8.782957,1.435634,1.435634,62.581679
2.947781,0.523655,8.236807,0.841418,0.841418,50.858268
3.149479,0.381637,8.943440,0.741001,0.741001,46.430724
3.234217,0.326308,9.736538,0.481862,0.481862,46.208610
3.304937,0.349604,10.371778,1.215119,1.215119,46.778568
3.249609,0.286340,8.220230,0.798602,0.798602,43.765700
3.171752,0.250723,8.159974,0.888459,0.888459,50.703130
2.975333,0.224291,8.373929,0.819178,0.819178,47.162094
3.156679,0.257187,8.973201,0.972748,0.972748,46.157537
2.663298,0.199138,7.225370,0.811626,0.811626,40.674205
2.794819,0.204898,7.449950,0.504774,0.504774,42.084462
3.435115,0.216867,9.134322,0.893291,0.893291,52.364655
3.837008,0.238179,8.618540,1.170031,1.170031,54.452105
3.596013,0.266595,8.012389,0.980460,0.980460,53.438044
3.416043,0.269251,7.666784,0.773834,0.773834,52.881494
3.454892,0.259651,7.747521,0.880523,0.880523,50.468855
3.410955,0.259171,7.770273,1.657237,1.657237,51.941002
3.629934,0.274883,9.136018,0.985165,0.985165,52.200525
3.652174,0.275587,8.251015,0.633096,0.633096,51.871816
3.080422,0.231651,6.017836,0.987692,0.987692,48.413341
4.846845,0.105569,1.394386,0.005632,0.005632,6.356560
6.159181,0.485190,4.079283,0.004384,0.004384,10.731398
7.036376,0.726985,7.721280,0.867339,0.867339,50.812091
7.956451,0.667497,10.985545,0.988236,0.988236,49.542219
6.742068,0.399909,10.456419,0.718217,0.718217,57.265868
6.590194,0.449062,12.378683,0.607880,0.607880,54.840142
7.649695,0.626216,20.808452,1.278224,1.278224,64.551239
7.057049,0.497830,20.968198,1.093646,1.093646,64.078434
6.502097,0.528487,22.215157,1.159791,1.159791,63.111285
6.694611,0.455494,21.903506,32.929692,32.929692,90.051558
5.598534,0.252195,21.044807,0.980717,0.980717,74.125567
7.163322,0.412197,26.849968,0.713097,0.713097,86.986784
6.425265,0.387621,21.748016,0.747849,0.747849,78.576983
5.326307,0.399781,19.080206,0.675913,0.675913,74.346946
5.348483,0.266083,19.974458,0.937964,0.937964,76.339675
5.964011,0.217506,21.086184,0.802666,0.802666,79.908199
5.514437,0.249123,21.237545,1.367762,1.367762,77.619883
5.874346,0.243203,22.342455,0.999628,0.999628,82.358534
6.133005,0.235939,22.318455,1.107054,1.107054,78.545303
6.667859,0.300196,22.188725,1.047533,1.047533,82.796011
7.137657,0.277412,23.544454,1.827031,1.827031,88.185839
7.659903,0.276164,23.193378,2.412222,2.412222,91.260021
5.111680,0.198947,13.638346,1.503539,1.503539,70.893111
7.750081,0.306500,22.238806,1.877144,1.877144,81.807488
7.986084,0.317444,25.253404,1.947704,1.947704,88.675125
8.513962,0.278340,27.465207,1.396754,1.396754,88.822199
8.807758,0.373413,27.336150,1.869496,1.869496,92.800777
8.701900,0.355141,25.847075,1.264463,1.264463,89.221499
10.237152,0.366180,37.512565,1.613973,1.613973,112.749922
11.152203,0.399717,37.845882,1.659797,1.659797,118.966128
11.782420,0.472933,39.771794,2.733986,2.733986,119.859739
11.387950,0.429638,40.035061,1.767862,1.767862,122.336154
10.318913,0.417093,34.398382,1.806774,1.806774,120.063581
9.430422,0.468614,36.648426,1.909720,1.909720,119.837179
8.522699,0.622183,33.633861,2.419262,2.419262,205.658796
6.061036,0.470886,17.167287,1.730549,1.730549,81.975618
8.539179,0.366597,24.776374,2.031545,2.031545,105.079171
6.207277,0.424070,17.421946,2.876964,2.876964,98.333550
6.171021,0.405445,15.801254,1.975224,1.975224,91.339254
6.988216,0.367748,17.837599,2.686786,2.686786,107.976135
9.469431,0.779881,24.872823,1.561908,1.561908,120.242816
9.887932,0.944460,29.037739,1.124878,1.124878,116.465329
7.096281,0.612936,22.626395,0.982893,0.982893,115.381924
10.138366,0.900108,31.479209,1.078542,1.078542,114.191284
9.621560,0.963500,31.775310,1.134062,1.134062,116.614866
6.552722,0.839434,23.172738,2.124475,2.124475,97.541572
5.666215,0.474661,16.705841,1.601044,1.601044,73.291508
6.224174,0.553511,20.653730,1.190127,1.190127,84.091676
6.906614,0.541159,22.270167,1.945688,1.945688,110.514246
5.835945,0.428550,14.928218,1.236304,1.236304,65.688438
7.860418,0.515751,23.299939,1.839351,1.839351,116.261326
7.533534,0.602920,24.939287,1.270160,1.270160,92.210241
7.616543,0.532582,26.222600,1.871703,1.871703,93.915318
7.841762,0.591175,23.342820,2.540032,2.540032,117.370652
8.896591,0.705737,19.678326,1.523764,1.523764,87.219203
8.571755,0.715561,27.829628,2.090778,2.090778,113.439115
8.696781,0.793674,30.276923,1.956472,1.956472,128.169668
9.545143,0.614984,30.704576,2.141595,2.141595,118.623147
10.321345,0.626504,31.946448,2.327005,2.327005,136.453451
10.768903,0.745929,35.098103,3.022822,3.022822,138.106495
11.863541,0.720425,35.523292,2.459039,2.459039,138.737160
11.037226,0.685417,33.976329,2.767875,2.767875,136.382730
11.404527,0.638472,35.305433,3.785199,3.785199,137.693018
8.430633,0.489959,24.942615,2.578337,2.578337,122.711391
8.578155,0.452166,27.080595,4.223092,4.223092,121.228460
8.649741,0.402341,30.429436,3.705135,3.705135,127.874816
11.070858,0.494311,32.501686,3.438155,3.438155,129.874136
11.636594,0.538919,34.354797,2.603425,2.603425,130.655011
12.702239,0.523911,38.163997,4.341815,4.341815,143.786631
9.891676,0.403621,29.695412,2.926661,2.926661,126.339661
11.750163,0.444326,36.329894,4.504217,4.504217,140.112121
10.968041,0.393829,34.940597,3.741135,3.741135,135.440990
9.814171,0.311524,31.869743,2.272124,2.272124,127.925216
8.793870,0.283811,33.148159,3.366730,3.366730,133.330980
8.612524,0.274051,30.496734,2.821092,2.821092,127.408762
8.854062,0.280772,36.627530,3.358570,3.358570,139.316622
8.314088,0.246147,31.341512,2.480511,2.480511,129.514324
9.786043,0.223875,35.115319,4.870556,4.870556,136.398379
9.507639,0.265507,33.121342,4.351223,4.351223,133.430821
9.533111,0.267395,34.999510,3.959697,3.959697,133.236322
9.848315,0.317796,35.924226,3.345354,3.345354,141.414761
7.655104,0.331716,29.896502,2.332701,2.332701,131.997107
8.299912,0.463365,29.068844,3.358538,3.358538,137.112243
7.278107,0.420262,23.272451,3.001574,3.001574,127.560540
7.612160,0.596455,22.490297,2.200828,2.200828,141.551499
6.582194,0.498503,19.799639,2.670626,2.670626,127.895936
8.314472,0.609576,25.969124,1.252623,1.252623,140.187225
8.732430,0.698536,24.171983,1.508947,1.508947,119.807259
5.604614,0.633928,18.249956,1.363345,1.363345,114.126100
6.150252,0.808299,19.892376,0.844619,0.844619,99.937570
4.648410,0.537959,12.677118,0.680456,0.680456,74.699302
4.978718,0.601032,16.149098,0.574279,0.574279,80.026921
5.220226,0.572295,17.147830,0.484550,0.484550,79.573668
5.657735,0.401925,20.466880,0.426374,0.426374,75.045163
6.046028,0.369188,23.869259,0.437030,0.437030,73.119123
6.592115,0.352164,30.447197,0.410053,0.410053,78.911931
7.852258,0.357476,35.410331,0.721449,0.721449,133.472325
8.223814,0.442182,31.444297,0.433445,0.433445,85.601006
9.137682,0.457030,34.593201,0.858315,0.858315,132.209014
9.536440,0.570503,32.318292,0.478854,0.478854,95.048933
8.759277,0.437894,28.765255,0.552647,0.552647,88.662933
9.263316,0.445094,30.127321,0.538278,0.538278,94.978436
8.725165,0.368228,28.522309,1.278288,1.278288,93.575346
8.091461,0.294468,26.265705,0.618152,0.618152,87.018049
8.949776,0.378693,28.416835,0.633288,0.633288,91.605402
9.297556,0.351301,30.172729,1.425170,1.425170,97.218912
8.451594,0.296355,26.202792,0.675976,0.675976,84.366527
9.555064,0.361156,31.424969,0.753673,0.753673,96.574136
7.786337,0.339684,25.421022,0.696392,0.696392,86.963743
8.763694,0.382500,27.899709,0.739146,0.739146,86.954336
9.386838,0.405349,29.932758,0.905035,0.905035,849.446082
8.427210,1.473522,46.522758,0.472422,0.472422,117.458046
8.392009,0.335012,48.234012,2.654977,2.654977,117.813506
9.125618,0.427237,42.429235,1.775254,1.775254,109.422072
9.052465,0.433957,39.920916,2.101819,2.101819,112.883620
9.709050,0.467046,39.309612,1.302033,1.302033,116.723029
13.749100,0.477190,45.070387,2.749123,2.749123,141.998160
10.101758,0.394181,35.121784,1.376529,1.376529,126.178026
14.050575,0.457030,53.123737,4.057843,4.057843,153.650914
7.881186,0.240579,27.368311,1.058125,1.058125,110.952588
9.804411,0.344292,37.680023,2.150139,2.150139,135.305916
9.899356,0.358661,37.463124,1.941016,1.941016,143.730726
11.662450,0.398821,40.563131,3.245289,3.245289,155.945791
17.769022,0.447878,66.940645,2.020313,2.020313,195.006215
17.377049,0.342244,62.071081,2.229308,2.229308,193.718807
20.012891,0.393060,65.108815,2.845539,2.845539,204.808610
20.661730,0.404037,65.870680,1.898424,1.898424,236.159786
20.634306,0.365733,70.229486,2.066842,2.066842,232.298810
21.256969,0.356325,61.382080,2.812131,2.812131,214.853311
22.484473,0.373061,61.790885,2.983654,2.983654,241.046664
22.951839,0.398597,68.248054,3.250793,3.250793,243.973036
24.449554,0.408741,80.318989,3.734767,3.734767,266.092801
23.770537,0.396965,83.297554,3.723663,3.723663,293.521048
26.013734,0.352484,72.895248,3.893200,3.893200,265.704476
14.519253,0.270116,43.138907,3.372618,3.372618,222.602624
17.371193,0.252739,45.119957,4.091571,4.091571,247.857501
13.247590,0.228355,37.532693,4.033778,4.033778,223.297097
10.489635,0.150338,29.169901,7.925987,7.925987,212.551523
10.301697,0.184290,28.292226,6.455280,6.455280,216.801112
9.409526,0.165218,25.162875,5.141057,5.141057,208.013643
10.180351,0.195331,26.436459,4.943070,4.943070,212.133374
8.518634,0.168322,22.414425,7.378205,7.378205,207.333314
8.355816,0.158370,21.223978,8.341129,8.341129,204.479774
19.225584,0.204995,39.920659,5.388228,5.388228,249.581042
20.353246,0.187715,50.177203,7.273083,7.273083,250.813346
4.718779,0.137762,13.604586,3.804911,3.804911,98.748627
4.377206,0.072961,14.432917,5.164961,5.164961,96.172563
12.360090,0.345253,42.597108,6.482865,6.482865,153.979750
11.287213,0.133730,36.475112,3.544748,3.544748,130.612130
10.460643,0.126434,33.075870,5.315203,5.315203,111.121199
11.060394,0.152482,34.941397,5.458660,5.458660,115.689063
12.554653,0.178242,43.316254,2.744291,2.744291,124.120977
11.982326,0.143585,39.535695,5.515173,5.515173,109.141333
12.533853,0.135042,41.840683,5.189569,5.189569,124.080848
11.298542,0.176706,39.896435,5.104800,5.104800,103.328301
