#LBA time[ms],KF opt[#],KF fixed[#],MP[#],Edges[#]
0.006496,3,1,0,715
0.003244,4,1,0,923
0.141194,5,1,0,1180
0.262063,6,1,0,1393
0.258971,7,1,0,1597
0.392434,8,1,0,1806
0.699228,9,1,0,2009
0.673320,10,1,0,2246
0.765831,0,0,0,0
40.269799,0,0,0,0
1.256030,0,0,0,0
1.416299,0,0,0,0
2.393025,0,0,0,0
2.255935,0,0,0,0
1.288526,0,0,0,0
1.616301,0,0,0,0
1.658148,0,0,0,0
1.686372,0,0,0,0
2.070260,0,0,0,0
2.109408,0,0,0,0
2.656399,0,0,0,0
3.297818,0,0,0,0
2.903132,0,0,0,0
3.413459,0,0,0,0
2.626968,0,0,0,0
3.651074,0,0,0,0
3.512616,0,0,0,0
2.638596,0,0,0,0
3.546514,0,0,0,0
2.723563,0,0,0,0
3.303508,0,0,0,0
2.898335,0,0,0,0
3.130965,0,0,0,0
2.651328,0,0,0,0
4.489120,0,0,0,0
4.177817,0,0,0,0
4.035539,0,0,0,0
3.755422,0,0,0,0
3.076872,0,0,0,0
2.593302,0,0,0,0
2.915222,0,0,0,0
2.803469,0,0,0,0
4.013293,0,0,0,0
4.170574,0,0,0,0
3.673478,0,0,0,0
3.488325,0,0,0,0
4.532245,0,0,0,0
3.527307,0,0,0,0
3.420681,3,1,0,588
5.043524,4,1,0,744
0.002022,5,1,0,950
0.001913,6,1,0,1172
0.175982,7,1,0,1358
0.316099,8,1,0,1528
0.316144,9,1,0,1756
0.375293,10,1,0,1964
0.568734,0,0,0,0
0.670935,0,0,0,0
1.604315,0,0,0,0
62.722251,0,0,0,0
1.864717,0,0,0,0
1.756630,3,1,0,565
1.876070,4,1,0,817
2.710934,5,1,0,1120
2.669679,6,1,0,1422
0.002868,7,1,0,1791
0.002875,8,1,0,2163
0.176442,9,1,0,2526
0.221009,10,1,0,2900
0.494502,0,0,0,0
0.436491,0,0,0,0
0.814014,0,0,0,0
0.870836,0,0,0,0
1.133875,0,0,0,0
68.902748,0,0,0,0
0.688996,0,0,0,0
0.832031,0,0,0,0
1.443059,0,0,0,0
1.440096,0,0,0,0
1.237976,0,0,0,0
1.073487,0,0,0,0
2.047364,0,0,0,0
1.587687,0,0,0,0
2.732933,0,0,0,0
2.746057,0,0,0,0
1.803828,0,0,0,0
3.551793,0,0,0,0
2.884399,0,0,0,0
2.474104,0,0,0,0
3.220736,0,0,0,0
4.460779,0,0,0,0
3.813339,0,0,0,0
4.272890,0,0,0,0
3.539760,0,0,0,0
2.835864,0,0,0,0
4.334229,0,0,0,0
3.433192,0,0,0,0
6.422442,0,0,0,0
3.803212,0,0,0,0
3.243836,0,0,0,0
7.135593,0,0,0,0
3.874219,0,0,0,0
5.417341,0,0,0,0
4.994875,0,0,0,0
2.641094,0,0,0,0
3.605075,0,0,0,0
2.218398,0,0,0,0
3.091991,0,0,0,0
3.486770,0,0,0,0
2.120803,0,0,0,0
2.383794,0,0,0,0
4.435875,0,0,0,0
2.442151,0,0,0,0
3.265458,0,0,0,0
4.974983,0,0,0,0
5.224561,0,0,0,0
4.152444,0,0,0,0
4.163680,0,0,0,0
5.620501,0,0,0,0
2.631715,0,0,0,0
2.971179,0,0,0,0
2.314884,0,0,0,0
5.297489,0,0,0,0
4.385710,0,0,0,0
2.849791,0,0,0,0
3.066488,0,0,0,0
2.427714,0,0,0,0
3.712557,0,0,0,0
3.551284,0,0,0,0
4.541345,0,0,0,0
5.511430,0,0,0,0
1.279931,0,0,0,0
1.448534,0,0,0,0
4.797798,0,0,0,0
4.092098,0,0,0,0
2.929012,0,0,0,0
4.260874,0,0,0,0
4.848851,0,0,0,0
3.885509,0,0,0,0
6.422129,0,0,0,0
5.190548,0,0,0,0
5.139640,0,0,0,0
4.555216,0,0,0,0
6.405805,0,0,0,0
4.302335,0,0,0,0
7.132260,0,0,0,0
5.441632,0,0,0,0
5.473825,0,0,0,0
6.073162,0,0,0,0
5.517564,0,0,0,0
7.175729,0,0,0,0
3.877647,0,0,0,0
7.631286,0,0,0,0
6.111527,0,0,0,0
5.522695,0,0,0,0
8.328830,0,0,0,0
6.056870,0,0,0,0
11.671145,0,0,0,0
8.265170,0,0,0,0
8.368504,0,0,0,0
7.359008,0,0,0,0
5.065212,0,0,0,0
5.940750,0,0,0,0
9.054702,0,0,0,0
4.558239,0,0,0,0
4.004534,0,0,0,0
9.127587,0,0,0,0
5.384005,0,0,0,0
9.436777,0,0,0,0
11.180344,0,0,0,0
9.485575,0,0,0,0
10.963302,0,0,0,0
7.677843,0,0,0,0
5.797821,0,0,0,0
6.787749,0,0,0,0
9.903656,0,0,0,0
5.883000,0,0,0,0
9.648293,0,0,0,0
9.077090,0,0,0,0
10.061610,0,0,0,0
13.205070,0,0,0,0
12.794713,0,0,0,0
8.853016,0,0,0,0
11.032032,0,0,0,0
10.596869,0,0,0,0
11.301249,0,0,0,0
14.035540,0,0,0,0
17.050834,0,0,0,0
10.711671,0,0,0,0
10.043280,0,0,0,0
14.717892,0,0,0,0
12.964966,0,0,0,0
13.148708,0,0,0,0
9.235778,0,0,0,0
10.586453,0,0,0,0
7.477690,0,0,0,0
10.827510,0,0,0,0
12.200137,0,0,0,0
12.320246,0,0,0,0
7.629379,0,0,0,0
7.993417,0,0,0,0
9.817176,0,0,0,0
11.750262,0,0,0,0
12.788647,0,0,0,0
11.845105,0,0,0,0
12.589558,0,0,0,0
12.121119,0,0,0,0
14.099496,0,0,0,0
12.829071,0,0,0,0
17.054382,0,0,0,0
13.592273,0,0,0,0
13.036676,0,0,0,0
12.579159,0,0,0,0
16.062827,0,0,0,0
15.617436,0,0,0,0
17.305643,0,0,0,0
16.293005,0,0,0,0
15.333189,0,0,0,0
20.260128,0,0,0,0
16.319687,0,0,0,0
20.391251,0,0,0,0
12.104055,0,0,0,0
11.615068,0,0,0,0
17.091080,0,0,0,0
15.281775,0,0,0,0
17.966950,0,0,0,0
18.406624,0,0,0,0
18.207316,0,0,0,0
10.678548,0,0,0,0
14.867373,0,0,0,0
16.177913,0,0,0,0
12.825915,0,0,0,0
13.910496,0,0,0,0
13.738822,0,0,0,0
11.513241,0,0,0,0
13.519453,0,0,0,0
11.279262,0,0,0,0
10.946605,0,0,0,0
9.919659,0,0,0,0
13.612840,0,0,0,0
12.044650,0,0,0,0
11.507461,0,0,0,0
12.139867,0,0,0,0
12.935920,0,0,0,0
11.721730,0,0,0,0
12.791979,0,0,0,0
10.328456,0,0,0,0
13.118503,0,0,0,0
15.716194,0,0,0,0
10.197068,0,0,0,0
15.033809,0,0,0,0
9.815912,0,0,0,0
15.775757,0,0,0,0
15.080226,0,0,0,0
13.898417,0,0,0,0
18.632389,0,0,0,0
13.400964,0,0,0,0
14.330592,0,0,0,0
19.328349,0,0,0,0
12.834605,0,0,0,0
14.734915,0,0,0,0
17.865147,0,0,0,0
16.391392,0,0,0,0
12.828731,0,0,0,0
17.667072,0,0,0,0
13.067299,0,0,0,0
10.938142,0,0,0,0
15.332197,0,0,0,0
13.836747,0,0,0,0
15.765232,0,0,0,0
15.873059,0,0,0,0
10.811100,0,0,0,0
13.199609,0,0,0,0
11.544438,0,0,0,0
8.408056,0,0,0,0
12.682842,0,0,0,0
9.906013,0,0,0,0
10.311725,0,0,0,0
7.705410,0,0,0,0
9.771308,0,0,0,0
10.119452,0,0,0,0
8.762979,0,0,0,0
13.203259,0,0,0,0
6.753546,0,0,0,0
11.840419,0,0,0,0
11.234262,0,0,0,0
8.050684,0,0,0,0
12.721548,0,0,0,0
6.871143,0,0,0,0
10.049749,0,0,0,0
9.293110,0,0,0,0
8.717167,0,0,0,0
9.331797,0,0,0,0
9.418849,0,0,0,0
12.050371,0,0,0,0
9.317502,0,0,0,0
12.360375,0,0,0,0
12.627789,0,0,0,0
9.746788,0,0,0,0
13.215109,0,0,0,0
14.986633,0,0,0,0
15.507694,0,0,0,0
13.567206,0,0,0,0
12.746618,0,0,0,0
14.487077,0,0,0,0
13.213034,0,0,0,0
14.063500,0,0,0,0
10.027461,0,0,0,0
13.230565,0,0,0,0
14.488649,0,0,0,0
13.736498,0,0,0,0
12.211648,0,0,0,0
12.158003,0,0,0,0
11.447824,0,0,0,0
12.834652,0,0,0,0
10.927935,0,0,0,0
10.298211,0,0,0,0
11.542419,0,0,0,0
10.211159,0,0,0,0
12.978648,0,0,0,0
11.830067,0,0,0,0
10.853486,0,0,0,0
9.065207,0,0,0,0
7.168763,0,0,0,0
9.755194,0,0,0,0
9.466208,0,0,0,0
9.930116,0,0,0,0
10.783795,0,0,0,0
10.930665,0,0,0,0
9.503338,0,0,0,0
9.886298,0,0,0,0
10.053685,0,0,0,0
7.755370,0,0,0,0
11.677334,0,0,0,0
7.208305,0,0,0,0
11.794916,0,0,0,0
11.919964,0,0,0,0
8.970939,0,0,0,0
7.854565,0,0,0,0
12.021384,0,0,0,0
13.650144,0,0,0,0
15.118373,0,0,0,0
12.853809,0,0,0,0
10.534626,0,0,0,0
12.048379,0,0,0,0
10.520322,0,0,0,0
11.944775,0,0,0,0
16.766465,0,0,0,0
10.909323,0,0,0,0
16.666373,0,0,0,0
16.428848,0,0,0,0
12.283767,0,0,0,0
10.195985,0,0,0,0
15.876929,0,0,0,0
11.769501,0,0,0,0
10.713803,0,0,0,0
11.599940,0,0,0,0
11.547230,0,0,0,0
10.143333,0,0,0,0
16.060288,0,0,0,0
14.330674,0,0,0,0
15.910020,0,0,0,0
18.019405,0,0,0,0
12.583831,0,0,0,0
16.201225,0,0,0,0
19.904098,0,0,0,0
18.252641,0,0,0,0
15.931293,0,0,0,0
23.276318,0,0,0,0
20.370675,0,0,0,0
21.777253,0,0,0,0
24.644705,0,0,0,0
17.089650,0,0,0,0
18.981264,0,0,0,0
24.146320,0,0,0,0
26.078703,0,0,0,0
14.217215,0,0,0,0
14.321349,0,0,0,0
14.973374,0,0,0,0
15.235019,0,0,0,0
15.891194,0,0,0,0
9.741581,0,0,0,0
18.936283,0,0,0,0
20.119793,0,0,0,0
18.057719,0,0,0,0
25.099574,0,0,0,0
21.710999,0,0,0,0
19.023044,0,0,0,0
14.354593,0,0,0,0
15.016612,0,0,0,0
11.663218,0,0,0,0
15.671197,0,0,0,0
17.142492,0,0,0,0
35.439773,0,0,0,0
19.311668,0,0,0,0
21.156840,0,0,0,0
20.523697,0,0,0,0
23.810285,0,0,0,0
25.745426,0,0,0,0
28.735428,0,0,0,0
15.824428,0,0,0,0
19.629970,0,0,0,0
16.706580,0,0,0,0
19.296650,0,0,0,0
18.170979,0,0,0,0
18.913403,0,0,0,0
20.054135,0,0,0,0
20.335622,0,0,0,0
17.563764,0,0,0,0
11.677169,0,0,0,0
13.576685,0,0,0,0
14.654741,0,0,0,0
17.302944,0,0,0,0
16.371470,0,0,0,0
19.516750,0,0,0,0
13.045078,0,0,0,0
21.725914,0,0,0,0
25.762023,0,0,0,0
23.187047,0,0,0,0
22.921611,0,0,0,0
25.041673,0,0,0,0
24.937091,0,0,0,0
22.128049,0,0,0,0
21.557847,0,0,0,0
19.269840,0,0,0,0
18.369251,0,0,0,0
23.031823,0,0,0,0
19.325354,0,0,0,0
12.242716,0,0,0,0
18.093331,0,0,0,0
16.750571,0,0,0,0
18.026737,0,0,0,0
20.432526,0,0,0,0
18.740508,0,0,0,0
17.866546,0,0,0,0
18.193296,0,0,0,0
17.770402,0,0,0,0
12.088905,0,0,0,0
17.225372,0,0,0,0
20.964456,0,0,0,0
18.320253,0,0,0,0
15.423150,0,0,0,0
12.110023,0,0,0,0
24.485941,0,0,0,0
16.092548,0,0,0,0
23.189860,0,0,0,0
18.522132,0,0,0,0
16.394309,0,0,0,0
14.392387,0,0,0,0
20.487944,0,0,0,0
22.160563,0,0,0,0
16.834504,0,0,0,0
21.681173,0,0,0,0
22.351580,0,0,0,0
17.698160,0,0,0,0
19.919979,0,0,0,0
18.137095,0,0,0,0
17.221286,0,0,0,0
22.217611,0,0,0,0
17.347448,0,0,0,0
17.065166,0,0,0,0
11.149731,0,0,0,0
17.485146,0,0,0,0
16.735512,0,0,0,0
16.784823,0,0,0,0
16.084784,0,0,0,0
11.294873,0,0,0,0
16.836711,0,0,0,0
16.639511,0,0,0,0
12.695117,0,0,0,0
14.046309,0,0,0,0
15.520272,0,0,0,0
13.061760,0,0,0,0
14.519063,30626,30629,0,1080332367
19.118007,-649250432,-623470720,0,1111881134
13.307863,30626,30626,0,1080306779
13.939230,14,256,10,-937058785
14.678503,30626,0,30626,1080315400
15.369761,-649250720,68,-611807600,-279825709
