#Stereo rect[ms], MP culling[ms], MP creation[ms], LBA[ms], KF culling[ms], Total[ms]
3.332330,0.074118,0.532597,0.008611,0.008611,3.955037
3.963592,0.113867,1.507864,0.002781,0.002781,5.590593
4.916044,0.156640,3.463311,0.430904,0.430904,23.064296
3.997724,0.078592,2.489118,0.269756,0.269756,15.080974
6.070781,0.145881,3.629780,0.386285,0.386285,20.376344
5.528655,0.106504,13.636795,0.819283,0.819283,42.026483
6.729691,0.123202,16.866374,0.894060,0.894060,60.072436
6.730421,0.195126,7.132494,0.747918,0.747918,38.038502
4.401602,0.087081,5.541202,1.623976,1.623976,39.795459
6.623972,0.094220,4.569286,40.877677,40.877677,71.090005
4.547630,0.037291,5.627483,0.935796,0.935796,29.422944
4.729341,0.041744,7.939862,1.165063,1.165063,49.021723
4.254075,0.044218,8.514355,1.366471,1.366471,58.032697
4.869005,0.042231,11.641293,1.360682,1.360682,45.428267
6.359599,0.052809,17.726960,0.861131,0.861131,65.589676
8.716106,0.052020,10.957662,1.088493,1.088493,66.859125
4.655031,0.062492,10.873670,1.441231,1.441231,49.150030
5.003844,0.050154,12.899743,0.993555,0.993555,68.427445
5.649043,0.059011,11.919356,1.354746,1.354746,71.505830
7.392736,0.081116,13.783939,1.318983,1.318983,71.471114
8.980096,0.062333,16.488326,1.336526,1.336526,76.397552
9.910215,0.079735,19.119344,2.206869,2.206869,98.443631
6.073200,0.058888,15.001495,1.801688,1.801688,71.947655
7.600702,0.083635,14.359754,1.680555,1.680555,82.555818
6.514765,0.041251,10.769821,1.764292,1.764292,76.400435
5.189850,0.046248,9.665447,1.912110,1.912110,71.537147
7.355758,0.056436,12.239770,1.786367,1.786367,71.660898
8.211800,0.077509,9.439576,1.628890,1.628890,72.881017
4.195155,0.041991,8.721781,2.255265,2.255265,50.105088
3.774342,0.025483,9.546050,1.839541,1.839541,60.026955
7.113073,0.055263,13.549591,1.664279,1.664279,84.008754
6.964101,0.062585,19.223538,1.700286,1.700286,85.055904
6.396814,0.058521,13.285038,1.467428,1.467428,74.354395
7.684197,0.056067,15.815166,1.964622,1.964622,78.101714
7.133298,0.044713,17.977289,1.690155,1.690155,81.210543
7.057779,0.045179,16.720564,1.646354,1.646354,79.960007
4.941489,0.033852,10.459854,1.802772,1.802772,64.617887
5.911085,0.035619,15.795590,1.631668,1.631668,84.446809
6.261817,0.039478,14.996765,1.600462,1.600462,146.121394
6.591829,0.033866,14.581665,1.598795,1.598795,77.397813
8.617632,0.037727,15.920731,1.588043,1.588043,75.723539
4.833260,0.035081,11.903868,1.634853,1.634853,70.417001
5.380692,0.045984,12.217994,1.827123,1.827123,79.736347
6.567536,0.079481,11.835519,1.704434,1.704434,68.874204
6.477289,0.063982,15.134906,1.608102,1.608102,77.211053
4.217085,0.042505,10.193793,1.615646,1.615646,72.897551
5.751352,0.042183,14.055450,1.592687,1.592687,73.211638
9.308151,0.056044,11.198548,1.795237,1.795237,75.559105
7.156926,0.073744,15.680900,1.547165,1.547165,91.707368
6.175477,0.070179,12.289306,1.581188,1.581188,71.991641
8.254247,0.088159,27.934290,1.769364,1.769364,108.936743
3.854959,0.035458,9.898328,1.636450,1.636450,63.894196
4.005682,0.047121,8.762678,1.461258,1.461258,66.566034
3.698950,0.041372,7.876458,1.571065,1.571065,61.150103
6.266403,0.049960,16.255364,1.243618,1.243618,82.339704
6.574585,0.046013,16.854720,1.614680,1.614680,86.066946
7.263829,0.048437,21.161438,1.589540,1.589540,88.077801
8.038129,0.043062,15.993422,1.610563,1.610563,76.945780
6.133187,0.037477,11.883401,1.224258,1.224258,70.605341
8.405665,0.061653,19.025222,2.167581,2.167581,91.531652
5.550691,0.042506,14.272918,1.572940,1.572940,71.674058
4.911913,0.044012,11.970510,1.539724,1.539724,73.443603
7.074303,0.079664,18.853664,3.094018,3.094018,99.690535
3.588061,0.037594,7.673137,2.022249,2.022249,82.038596
3.276654,0.040252,6.834101,1.466149,1.466149,48.990888
5.115148,0.058292,8.119019,2.223943,2.223943,62.107063
3.547752,0.045789,6.818344,2.258946,2.258946,44.771694
3.597809,0.033578,9.175548,2.178448,2.178448,64.736139
3.820806,0.024911,6.808810,2.129714,2.129714,37.534555
4.163231,0.050141,6.143640,0.865627,0.865627,35.421832
3.931645,0.043270,10.175745,1.393672,1.393672,67.686503
4.325948,0.028166,9.398250,1.019478,1.019478,39.395386
2.731676,0.034984,4.951232,1.101187,1.101187,25.762875
4.240889,0.023895,5.214675,1.687314,1.687314,23.738023
4.631424,0.036114,11.058358,4.919866,4.919866,43.985596
4.263186,0.033469,9.315295,3.092891,3.092891,38.919322
3.296673,0.019897,5.526810,2.059111,2.059111,22.659671
4.083309,0.039762,11.211429,2.842237,2.842237,52.144135
4.213642,0.033612,12.688939,2.902844,2.902844,43.468480
3.805895,0.044955,11.594613,1.631739,1.631739,44.739057
4.519583,0.046382,12.923660,2.058771,2.058771,42.454013
4.298986,0.013798,11.739338,1.267167,1.267167,32.330186
4.633239,0.034126,10.247638,1.418191,1.418191,39.769860
4.513719,0.043791,13.189592,1.829386,1.829386,39.496846
4.525779,0.037934,13.399475,1.409183,1.409183,48.800347
3.427990,0.039749,5.899882,0.634729,0.634729,21.436011
3.388738,0.025436,7.147040,0.463380,0.463380,193.368522
1.944350,0.017988,5.947917,0.944761,0.944761,17.724914
4.451017,0.030104,7.102635,0.452232,0.452232,24.558547
5.937699,0.040229,7.264706,0.828873,0.828873,26.405778
5.067824,0.050549,9.259327,0.956302,0.956302,36.495814
6.889364,0.060123,27.929471,1.046017,1.046017,67.280532
8.006993,0.116448,40.704868,1.052751,1.052751,90.779731
5.712720,0.071619,15.306881,1.850633,1.850633,60.341080
4.965603,0.076154,14.160884,1.698650,1.698650,59.770625
8.626718,0.128355,44.265931,1.258675,1.258675,91.610418
10.099189,0.133188,47.543107,4.081618,4.081618,119.154822
9.714588,0.168031,40.436314,3.434977,3.434977,103.448170
9.692582,0.140658,40.579408,2.325971,2.325971,104.397546
9.654097,0.130340,30.452764,2.642058,2.642058,91.874879
6.455074,0.078017,20.732468,2.835025,2.835025,78.327282
4.940872,0.065152,11.873346,0.850267,0.850267,59.469973
7.497686,0.079014,23.499625,3.658925,3.658925,81.801855
4.488759,0.070218,12.668653,1.712159,1.712159,66.642072
4.666259,0.083735,13.950449,2.240433,2.240433,79.952322
3.710449,0.080402,10.006180,1.887246,1.887246,56.425882
5.198759,0.120135,24.685389,1.774722,1.774722,93.396313
3.646058,0.074199,10.379887,2.056711,2.056711,60.411212
4.960557,0.114841,16.380484,1.686595,1.686595,81.349007
4.477818,0.098037,14.743607,1.529136,1.529136,74.158541
4.556721,0.085516,14.547336,1.136452,1.136452,73.010681
4.103434,0.078481,12.870237,1.516836,1.516836,73.566158
5.539318,0.104381,20.615942,1.637098,1.637098,84.095950
4.038158,0.066879,10.236256,1.782680,1.782680,66.298727
5.804986,0.092978,16.586850,2.349100,2.349100,84.286337
3.261784,0.060873,7.705505,1.566945,1.566945,56.671516
2.143066,0.040576,5.769036,1.013500,1.013500,49.874184
2.038057,0.030750,5.745862,1.981825,1.981825,51.162003
3.213915,0.048305,11.148134,1.237370,1.237370,72.935054
3.425299,0.073231,12.659116,1.345981,1.345981,86.649789
2.181324,0.047152,5.993105,1.108458,1.108458,62.048185
3.170187,0.066193,10.761017,1.213055,1.213055,73.541142
2.199066,0.054458,7.405013,1.405351,1.405351,71.568286
1.202837,0.025654,2.906740,2.237799,2.237799,52.634295
1.752643,0.040826,5.193844,1.616897,1.616897,77.894929
2.639904,0.058790,8.322078,1.986957,1.986957,78.778984
3.375542,0.109211,8.484695,1.796537,1.796537,101.357111
4.172679,0.159883,11.549847,1.619601,1.619601,91.360253
4.718516,0.219463,10.207833,1.366997,1.366997,90.942271
5.105052,0.247738,13.547855,1.472432,1.472432,99.675170
4.577106,0.236462,11.153547,0.837847,0.837847,86.970288
3.913745,0.147614,10.001869,1.207539,1.207539,77.441213
2.622740,0.071532,4.794060,1.506034,1.506034,59.217283
4.474696,0.130773,12.275291,1.688541,1.688541,86.775248
2.977032,0.067399,6.786861,1.855368,1.855368,68.684729
2.604444,0.042933,5.169636,1.606955,1.606955,72.127799
3.244993,0.043881,5.154857,1.751056,1.751056,72.793628
3.520700,0.070828,10.953171,0.663770,0.663770,84.945526
3.107476,0.052074,8.808476,1.811003,1.811003,75.375459
3.561379,0.080945,9.381765,1.894930,1.894930,81.108932
4.881821,0.102921,20.439022,1.333491,1.333491,104.240656
2.979036,0.057839,5.477642,1.210114,1.210114,69.329466
5.527952,0.149253,21.066118,1.114828,1.114828,106.748924
5.955533,0.164819,19.177616,0.719555,0.719555,117.630973
6.402299,0.105252,21.276145,1.057526,1.057526,115.197439
6.498598,0.177039,18.947447,1.878341,1.878341,129.770314
6.767585,0.108307,17.783512,1.515795,1.515795,102.638989
3.817308,0.049874,9.937897,1.433526,1.433526,71.729967
4.381442,0.061320,8.123325,1.019058,1.019058,75.819970
7.126265,0.114544,15.772700,1.267339,1.267339,113.537087
3.663133,0.055567,8.189260,1.738975,1.738975,68.795735
3.892750,0.056696,8.657150,1.386402,1.386402,72.760831
3.503523,0.060196,8.650200,0.863828,0.863828,71.270349
4.925538,0.114732,16.162778,1.009731,1.009731,91.326187
4.781362,0.103606,14.669945,1.567684,1.567684,80.881030
5.753449,0.112738,17.493276,1.822460,1.822460,91.710472
3.453703,0.066402,7.944259,1.033296,1.033296,72.519878
4.554594,0.080266,12.431607,1.277983,1.277983,79.568258
4.705263,0.075535,11.288286,1.201760,1.201760,70.732462
3.972575,0.052395,8.614307,1.379288,1.379288,76.795198
5.967636,0.088029,19.013614,2.131843,2.131843,96.755721
3.599087,0.057069,9.030941,1.943048,1.943048,74.734314
3.639410,0.058884,8.356798,0.906159,0.906159,68.220856
5.286548,0.069279,14.927863,0.983434,0.983434,86.547595
3.473789,0.051646,8.861185,1.868448,1.868448,71.598456
4.319451,0.054851,11.905031,1.567129,1.567129,77.439446
4.153233,0.062635,15.229225,1.520545,1.520545,88.306059
4.266499,0.070626,10.434750,1.937566,1.937566,79.843270
6.133895,0.118653,18.936455,2.018229,2.018229,95.505046
4.053193,0.060960,12.484949,0.845170,0.845170,79.669749
3.587290,0.057052,9.105950,1.186635,1.186635,71.749734
6.582616,0.134208,23.924228,1.393846,1.393846,111.522402
6.430427,0.072943,11.126845,1.250670,1.250670,82.204923
4.450704,0.066890,11.013048,0.875113,0.875113,73.704551
7.411767,0.124513,28.534034,1.373787,1.373787,130.064023
5.693421,0.075537,18.830689,1.948037,1.948037,95.685558
4.234839,0.063218,12.648227,1.931583,1.931583,86.222234
2.914988,0.045412,7.774289,1.398956,1.398956,78.569539
3.706394,0.083039,15.074172,1.304757,1.304757,92.272634
3.108731,0.045994,8.362213,1.981689,1.981689,67.960774
2.622827,0.034131,7.046211,2.159899,2.159899,66.032475
3.516460,0.053187,10.392234,1.759966,1.759966,83.607418
4.613992,0.062993,14.299852,2.143907,2.143907,85.504849
3.772605,0.052040,11.900357,2.163645,2.163645,81.887798
3.710357,0.053397,10.270286,1.081167,1.081167,78.144559
6.702106,0.089026,16.221773,2.461680,2.461680,96.583829
4.393343,0.064415,11.163640,1.708075,1.708075,80.734538
7.315421,0.119470,29.006420,2.138206,2.138206,126.710025
5.309454,0.102449,18.986046,0.927046,0.927046,101.019812
7.094447,0.105102,33.315849,2.673395,2.673395,118.362968
5.165380,0.059719,13.162526,3.017849,3.017849,103.105882
7.695803,0.133504,36.797890,2.346168,2.346168,132.882227
7.358138,0.124253,21.105723,1.560139,1.560139,112.389649
3.619133,0.057060,11.180652,1.761480,1.761480,77.442762
3.568317,0.053780,10.661533,2.662780,2.662780,85.120915
3.987704,0.070225,12.882018,2.367000,2.367000,85.078054
3.350769,0.063145,9.757558,2.423463,2.423463,84.092474
6.652238,0.109962,14.341183,2.104770,2.104770,110.918062
6.526831,0.133831,28.144121,2.445851,2.445851,122.832260
6.663474,0.189319,27.925112,2.211583,2.211583,128.572517
6.518717,0.219052,12.710558,3.026730,3.026730,109.657092
4.577583,0.107613,8.765690,2.648369,2.648369,91.794961
6.851476,0.185570,22.122886,1.914010,1.914010,123.660371
5.227872,0.139940,12.100521,2.024485,2.024485,93.054490
3.917963,0.106579,11.038992,2.835407,2.835407,85.701577
3.888966,0.100542,10.684045,2.771613,2.771613,77.124644
3.456506,0.097133,7.075627,2.323026,2.323026,71.409955
3.673645,0.094706,9.955195,2.620484,2.620484,84.976209
3.773438,0.092880,10.801400,1.571263,1.571263,78.199496
2.899950,0.093049,7.147857,1.998277,1.998277,76.590108
4.052713,0.133357,12.267845,2.300742,2.300742,86.036993
3.531812,0.131105,8.542317,2.207279,2.207279,72.609282
2.706069,0.108456,8.060806,2.288516,2.288516,72.086936
2.902844,0.128574,8.731276,1.429899,1.429899,82.845043
2.455388,0.090624,5.865541,1.327178,1.327178,72.163985
2.746766,0.133087,7.906265,1.735790,1.735790,79.251789
4.324764,0.196313,13.494488,1.340113,1.340113,113.332561
4.413166,0.177949,12.462860,3.376726,3.376726,98.898446
5.533471,0.237015,15.769786,1.764399,1.764399,117.432573
4.901750,0.225521,12.856130,3.447286,3.447286,100.775102
3.019558,0.138367,6.601636,2.485690,2.485690,73.778594
3.939748,0.153449,10.079119,2.015300,2.015300,80.239545
3.805583,0.135546,9.371339,1.448870,1.448870,89.650134
4.195009,0.136040,10.553881,2.351743,2.351743,82.541949
4.527338,0.146780,12.314097,3.260859,3.260859,95.031072
3.575941,0.096546,9.356751,4.336173,4.336173,86.515101
3.152584,0.088607,7.183493,2.388626,2.388626,78.843080
3.208312,0.096211,6.652646,2.284580,2.284580,72.799840
3.081718,0.096462,6.880021,1.865205,1.865205,75.073515
3.633482,0.141349,9.276415,2.404012,2.404012,80.547812
4.854721,0.100697,7.218554,2.498195,2.498195,80.395530
3.978290,0.132483,10.598687,2.278686,2.278686,83.096299
3.442814,0.115395,7.648825,2.452968,2.452968,77.145704
4.058889,0.141005,11.555559,2.248220,2.248220,82.276001
4.049225,0.119359,10.318241,2.616159,2.616159,74.758059
3.451363,0.123290,9.383946,2.087847,2.087847,78.023517
3.672113,0.136958,10.071093,2.550083,2.550083,83.520431
3.205341,0.116350,7.174740,2.027473,2.027473,74.072713
3.402617,0.113071,8.958357,1.893233,1.893233,77.359853
2.840816,0.079917,5.936915,2.185444,2.185444,61.368736
2.730966,0.078056,5.931400,2.135852,2.135852,70.177276
4.464605,0.151720,9.897131,1.657744,1.657744,83.498968
4.313325,0.122134,12.397954,2.086059,2.086059,82.023669
3.554154,0.092710,10.521913,1.725429,1.725429,79.478135
4.387968,0.110842,14.186569,1.874727,1.874727,78.232497
3.143179,0.073204,8.540150,1.471241,1.471241,68.036435
3.305631,0.072942,8.273439,2.136198,2.136198,64.770824
2.621087,0.048290,5.840187,1.881847,1.881847,67.109666
3.430719,0.064958,11.368710,1.806327,1.806327,77.079916
2.903801,0.059012,8.526323,0.689770,0.689770,62.616869
2.531650,0.054431,6.516389,1.826376,1.826376,59.162455
2.474101,0.053542,6.216496,1.438775,1.438775,77.325870
3.040673,0.065992,8.939162,0.967329,0.967329,72.436079
4.195422,0.126416,13.962706,1.394159,1.394159,78.293542
2.441818,0.073720,6.215042,1.738058,1.738058,66.972054
2.424105,0.064726,6.352001,1.762112,1.762112,65.529419
4.325070,0.138338,15.345763,1.445173,1.445173,86.251748
3.281001,0.074442,9.593134,1.677582,1.677582,84.815398
5.040566,0.146772,13.662093,0.989411,0.989411,96.213830
2.951832,0.066676,7.252030,1.243402,1.243402,67.110170
4.353088,0.098767,11.428030,1.917067,1.917067,84.871406
3.707569,0.086675,14.250084,1.252086,1.252086,89.491524
2.884310,0.059803,6.112998,1.272246,1.272246,57.815100
3.753344,0.080310,9.732756,1.273497,1.273497,78.697366
2.850698,0.069235,5.845209,1.452963,1.452963,63.070663
2.823471,0.049609,5.495715,0.967500,0.967500,61.192414
3.385299,0.064219,7.870892,1.302120,1.302120,64.289519
2.972192,0.054795,6.072575,1.614073,1.614073,63.473845
3.125418,0.068216,6.886244,1.791192,1.791192,75.822492
4.976621,0.101712,9.465846,1.424408,1.424408,83.453309
5.572419,0.149047,14.155777,1.432555,1.432555,72.780413
3.264423,0.101042,6.399940,0.809665,0.809665,76.898699
5.487668,0.157922,14.760837,1.514581,1.514581,96.364136
3.542662,0.082938,8.089931,1.455348,1.455348,67.438592
4.027973,0.097598,7.989663,1.249126,1.249126,70.533151
3.184332,0.073175,6.737799,1.579514,1.579514,71.124511
4.248482,0.102573,10.447562,1.569847,1.569847,74.341993
3.763688,0.098298,8.996499,0.616739,0.616739,74.391003
4.544656,0.128773,11.418928,1.646720,1.646720,81.970637
3.084119,0.074287,6.943517,1.903060,1.903060,68.450657
4.097086,0.116273,13.335137,0.626056,0.626056,84.607697
3.422839,0.078438,8.179581,1.685265,1.685265,74.222083
4.416884,0.111958,13.417848,0.950534,0.950534,74.625612
4.352862,0.118986,12.985676,1.969742,1.969742,78.803410
3.501051,0.082701,9.580500,1.044061,1.044061,74.461295
4.163407,0.124090,12.648638,0.602566,0.602566,79.014936
3.292403,0.115155,10.884874,1.556411,1.556411,80.012702
2.749776,0.118903,8.556839,1.014461,1.014461,47.577130
2.497436,0.067852,7.936116,1.809022,1.809022,67.720700
2.768566,0.078392,9.860963,0.898907,0.898907,58.001637
2.785326,0.132577,8.022486,1.415151,1.415151,49.110144
3.045434,0.098725,12.832276,1.151260,1.151260,62.262878
1.587248,0.054894,4.489555,0.810089,0.810089,28.780936
2.406993,0.087529,8.714402,1.271714,1.271714,38.393544
1.691642,0.043719,5.182822,0.729262,0.729262,29.776125
2.073861,0.042802,5.867177,0.891903,0.891903,63.008719
2.663762,0.113459,10.110088,1.031194,1.031194,42.252592
2.857786,0.087959,10.774013,1.466887,1.466887,43.890466
2.234769,0.067373,6.868652,1.118199,1.118199,34.940472
2.554554,0.077083,9.715597,1.867407,1.867407,43.513647
2.420279,0.063193,7.273358,1.711611,1.711611,64.938374
1.562716,0.055702,3.988501,0.790444,0.790444,23.790485
2.312489,0.099845,8.581325,1.531226,1.531226,69.391191
2.287540,0.070217,6.051350,0.836491,0.836491,29.526223
2.078397,0.064958,5.055502,1.597481,1.597481,57.133514
3.905813,0.175171,13.381391,1.361696,1.361696,87.099983
4.495189,0.211825,14.448219,1.872809,1.872809,82.780300
4.575214,0.269803,14.498611,1.549995,1.549995,84.859650
3.091033,0.154104,7.469832,1.281050,1.281050,69.947770
3.847220,0.159354,10.200569,1.375725,1.375725,69.555219
3.044115,0.091419,6.747171,1.539100,1.539100,67.309120
3.719820,0.121440,9.859174,1.612155,1.612155,66.883272
4.152424,0.141747,10.019339,1.450128,1.450128,74.836886
4.197047,0.172299,11.443668,1.580791,1.580791,80.673581
3.312421,0.108465,7.105499,1.297514,1.297514,64.439648
3.107405,0.104684,7.185300,1.846975,1.846975,74.036404
5.076710,0.223485,13.767460,1.144736,1.144736,103.453873
2.772205,0.108991,6.112234,1.625666,1.625666,59.931026
3.487150,0.093307,6.751223,1.475684,1.475684,67.212667
3.661952,0.106748,9.927539,1.090968,1.090968,77.032805
2.242357,0.043063,4.629304,1.909771,1.909771,68.317354
4.195299,0.102620,11.550621,1.983314,1.983314,80.680295
4.403915,0.130493,13.731423,1.806893,1.806893,94.994599
3.407714,0.108466,7.979839,1.810682,1.810682,84.940910
5.645660,0.197830,16.611992,2.363954,2.363954,89.943335
5.394180,0.180891,13.836240,1.968560,1.968560,95.410433
3.574414,0.103172,8.480663,2.234143,2.234143,77.541224
5.392025,0.127611,15.977722,2.932808,2.932808,110.073064
2.988389,0.067836,6.897506,1.880273,1.880273,69.217813
2.707409,0.048060,6.545690,2.290604,2.290604,59.247728
4.377260,0.114587,15.142440,1.832766,1.832766,89.682787
2.318744,0.066768,6.348291,2.083047,2.083047,48.381586
3.832173,0.093919,13.695166,2.638030,2.638030,93.476889
2.112775,0.052345,4.941256,1.971541,1.971541,63.596600
3.459334,0.083790,12.656854,1.516776,1.516776,76.102148
2.098226,0.062627,6.901957,2.067393,2.067393,63.776659
2.358904,0.058136,5.557607,1.870284,1.870284,47.083479
2.077766,0.051102,7.763098,1.200995,1.200995,76.807561
1.280299,0.033243,3.465507,1.749626,1.749626,34.922786
1.693915,0.050945,5.404995,1.305316,1.305316,41.760814
1.740800,0.046343,5.297522,2.755066,2.755066,63.049235
1.397803,0.049906,3.302318,1.687755,1.687755,38.128029
2.287142,0.069205,5.944747,0.941234,0.941234,75.175084
2.283857,0.064819,6.009950,2.586246,2.586246,96.973783
2.423053,0.073024,6.142304,1.432590,1.432590,81.059100
1.239461,0.025696,2.222834,1.747510,1.747510,44.419285
2.192271,0.056655,6.133292,1.133941,1.133941,76.024459
1.472207,0.031815,3.463863,1.254404,1.254404,59.376609
1.990929,0.052288,4.867588,1.329581,1.329581,69.023404
2.083638,0.058593,4.334375,1.363462,1.363462,62.367337
1.222319,0.022932,2.506281,1.342446,1.342446,44.269466
1.335385,0.021590,2.947957,1.234912,1.234912,49.515458
1.410916,0.032431,3.033749,1.220817,1.220817,46.318940
1.565210,0.034661,3.457117,1.153441,1.153441,45.539500
1.362998,0.023202,3.057473,0.947356,0.947356,39.505786
1.412540,0.023649,2.950899,1.131246,1.131246,38.856762
2.497715,0.062068,6.495836,0.510836,0.510836,63.461590
2.856313,0.069258,7.487781,1.472194,1.472194,73.978891
1.747978,0.040672,3.189827,1.143878,1.143878,60.629115
2.157052,0.069856,5.597597,0.937988,0.937988,50.207965
1.763016,0.038245,3.741052,0.864215,0.864215,54.755209
2.518890,0.064420,6.615627,0.961325,0.961325,78.548740
1.674641,0.032818,3.953718,0.684786,0.684786,64.921142
2.429528,0.058196,6.042511,2.429245,2.429245,49.215612
2.009363,0.067364,5.303138,2.495100,2.495100,40.718909
1.344891,0.053237,2.828143,0.957164,0.957164,22.798236
1.952922,0.049741,5.985059,1.333223,1.333223,60.815069
1.880025,0.052216,5.159122,2.604675,2.604675,42.835859
1.479598,0.057779,4.307907,1.381163,1.381163,41.623036
1.302389,0.072744,3.637304,0.808976,0.808976,39.089879
1.311895,0.062928,3.670046,0.872989,0.872989,22.622396
1.425092,0.034348,2.233973,1.643733,1.643733,53.203402
1.379512,0.041594,3.836878,1.693535,1.693535,44.323289
1.228248,0.032639,3.608418,0.773158,0.773158,32.160394
1.307682,0.032715,3.983437,1.625842,1.625842,56.955269
1.248736,0.050025,3.812839,2.121813,2.121813,49.413685
1.150381,0.050168,3.333618,1.003852,1.003852,16.151998
1.083567,0.049678,3.318019,1.344546,1.344546,26.921754
1.100454,0.039311,3.285915,0.793705,0.793705,19.707292
1.154014,0.020741,3.176591,0.756552,0.756552,16.457052
1.023644,0.022462,3.402096,1.308209,1.308209,34.748956
1.097675,0.022993,2.758541,2.233055,2.233055,32.393925
0.780347,0.006706,1.624164,1.170217,1.170217,18.622751
1.018001,0.011403,2.978904,2.450236,2.450236,34.804376
0.845921,0.020875,2.668981,1.855821,1.855821,29.403108
1.394300,0.035420,4.742186,2.164794,2.164794,35.964322
1.047519,0.040024,2.781284,0.849490,0.849490,17.456487
2.061509,0.100806,5.951472,0.996347,0.996347,21.413188
2.254521,0.084383,10.068746,3.097244,3.097244,49.452039
2.324286,0.093499,8.730324,2.580246,2.580246,49.839906
2.479058,0.074645,8.272792,1.656919,1.656919,42.023054
3.965147,0.061627,6.777438,1.418890,1.418890,29.544712
1.979290,0.047976,6.612592,1.472182,1.472182,39.147351
1.485615,0.047142,4.077672,1.503997,1.503997,36.368432
1.055958,0.029247,4.424156,2.000202,2.000202,33.950106
1.069643,0.020458,2.787376,1.144488,1.144488,18.068257
1.140980,0.018100,3.893850,1.388394,1.388394,36.659988
1.216151,0.019714,3.689650,1.767942,1.767942,33.799896
1.743555,0.024654,6.321877,1.790144,1.790144,35.056353
1.679336,0.035086,5.381760,1.138520,1.138520,34.008607
0.882270,0.016791,2.352295,1.311263,1.311263,16.334535
1.686313,0.041837,5.767457,1.311744,1.311744,32.585492
0.734188,0.015557,1.908235,0.701698,0.701698,17.481617
1.369793,0.024090,3.906651,0.953886,0.953886,33.364791
0.834690,0.008808,2.265404,0.678805,0.678805,12.281513
1.731979,0.014728,4.406423,0.689443,0.689443,20.120337
1.727716,0.013721,4.123808,2.777111,2.777111,27.720624
1.491071,0.013481,3.674348,0.615918,0.615918,16.390305
1.559849,0.016373,3.212983,0.482457,0.482457,18.136313
1.780589,0.013564,4.494061,0.580995,0.580995,20.091214
1.955533,0.015682,4.553202,1.624205,1.624205,23.589798
1.300435,0.011643,3.502022,2.721560,2.721560,24.292383
1.323478,0.017383,3.464807,2.582415,2.582415,26.051794
1.311278,0.012681,2.917182,1.508892,1.508892,13.833316
1.067755,0.007281,3.309764,2.769964,2.769964,25.137300
0.542810,0.011272,0.760665,2.735779,2.735779,13.538290
0.972071,0.003476,1.793576,2.861165,2.861165,25.018181
0.968399,0.019741,1.788464,1.680867,1.680867,21.623585
0.646353,0.026051,2.149282,0.764566,0.764566,23.116881
0.543423,0.059086,1.728407,0.584116,0.584116,18.519909
0.607115,0.035173,2.822284,0.721112,0.721112,18.344482
0.691256,0.027105,3.001443,0.898761,0.898761,20.732052
0.458223,0.024880,1.098030,1.246185,1.246185,10.191424
0.684482,0.035213,2.126705,0.910621,0.910621,18.943852
0.756408,0.030611,2.305788,0.867600,0.867600,18.283991
1.152893,0.041556,2.564613,0.479724,0.479724,16.033376
1.436607,0.076486,3.301961,0.733502,0.733502,23.703965
1.369153,0.067807,3.531886,0.592189,0.592189,26.206642
1.256197,0.090314,3.598762,0.690998,0.690998,24.757683
1.522165,0.063933,3.103576,0.626743,0.626743,35.460642
1.200382,0.040748,1.556280,0.205315,0.205315,12.254675
1.628938,0.082429,3.594160,0.394620,0.394620,18.766141
1.653361,0.061698,4.228360,0.375427,0.375427,31.183641
2.216779,0.081312,3.770257,0.231802,0.231802,15.762251
2.475327,0.070619,5.815765,0.494796,0.494796,32.233907
1.804052,0.038616,3.255813,0.579816,0.579816,22.204127
1.967145,0.046653,3.937944,0.773354,0.773354,27.481713
2.670289,0.073959,6.350700,0.967218,0.967218,28.006571
1.731288,0.032472,3.388367,0.947181,0.947181,23.616218
2.604638,0.055961,4.319412,0.948417,0.948417,27.556769
2.199115,0.053281,5.191145,0.679669,0.679669,25.696386
3.343117,0.083106,9.246781,0.983802,0.983802,62.781941
3.369619,0.086988,8.902152,1.485883,1.485883,57.659852
3.404834,0.101474,9.543269,0.597636,0.597636,56.295726
2.749538,0.078871,6.574616,0.979528,0.979528,35.692745
1.993179,0.048188,6.904998,0.728098,0.728098,36.066984
2.850845,0.057980,7.720496,1.623958,1.623958,40.996742
3.898629,0.080448,10.680763,1.052987,1.052987,61.998666
2.389158,0.054760,5.387472,1.053084,1.053084,35.485909
1.866389,0.038379,4.295957,1.021886,1.021886,26.332888
3.921247,0.106640,10.489553,1.124910,1.124910,55.590526
4.355541,0.135142,13.006196,1.600164,1.600164,63.105532
4.444914,0.134709,13.211910,1.079025,1.079025,65.308608
4.970403,0.174628,13.224350,1.515410,1.515410,63.194695
5.512529,0.208717,14.285909,1.560800,1.560800,71.531481
4.766751,0.147813,9.435720,1.599870,1.599870,58.668817
3.112702,0.084260,5.440896,1.072199,1.072199,36.872928
3.640885,0.084627,9.408908,1.347968,1.347968,55.982213
4.507069,0.121428,11.852099,1.342543,1.342543,59.079138
4.525618,0.142005,12.060117,1.556642,1.556642,68.744545
2.676549,0.079472,5.913728,1.191456,1.191456,41.928062
2.858472,0.065367,7.898280,1.018662,1.018662,47.135323
2.603345,0.049631,6.516325,0.955698,0.955698,42.034137
2.694193,0.051874,6.759520,1.088935,1.088935,50.572367
2.776446,0.050019,9.657993,1.593277,1.593277,63.311680
3.918744,0.104925,12.178799,1.112290,1.112290,68.271880
2.428507,0.061265,6.857281,1.145782,1.145782,64.401697
3.205690,0.129199,13.435762,1.064468,1.064468,69.603173
3.516953,0.134612,11.981962,1.312052,1.312052,71.130708
3.943048,0.121548,13.273766,1.511913,1.511913,64.593380
2.506862,0.059157,6.237259,1.064871,1.064871,48.284979
2.215167,0.052192,6.359732,1.043047,1.043047,42.370543
2.146252,0.044366,5.115849,1.341949,1.341949,37.460348
2.046526,0.053992,5.253211,1.219288,1.219288,41.490586
2.144546,0.062631,5.632756,1.210012,1.210012,47.213873
2.049573,0.036590,5.118545,1.013624,1.013624,39.765147
1.892627,0.040081,4.427433,0.863389,0.863389,38.450737
3.347429,0.082123,5.280798,1.341800,1.341800,48.492076
1.885883,0.032390,4.502990,1.160598,1.160598,38.661993
1.621527,0.031738,3.901185,0.618841,0.618841,34.195430
1.694367,0.026468,4.602637,1.589891,1.589891,36.504697
1.550658,0.032086,3.620600,1.372011,1.372011,37.408180
3.301581,0.082349,11.061062,1.309698,1.309698,62.929381
1.786382,0.043974,4.222127,0.912422,0.912422,28.125815
2.148740,0.063251,4.493280,0.780394,0.780394,27.332516
1.483666,0.045467,3.479738,1.771240,1.771240,40.711836
2.311528,0.066784,7.799666,1.026544,1.026544,51.720066
1.973930,0.041329,4.840765,1.316711,1.316711,47.199014
1.830015,0.032469,4.124675,0.781063,0.781063,35.687982
1.965249,0.034211,4.072260,1.138104,1.138104,37.290819
2.069424,0.031152,4.435410,0.814821,0.814821,38.642759
1.617524,0.023300,3.461681,1.217502,1.217502,36.628599
1.849737,0.023659,3.281553,2.245399,2.245399,35.903741
2.110193,0.033606,4.266054,0.705405,0.705405,44.251680
2.026694,0.024894,4.055847,1.204388,1.204388,43.240539
1.996748,0.036062,5.768222,0.969265,0.969265,43.816181
1.667155,0.030565,3.164510,1.234421,1.234421,37.753953
2.286016,0.036042,4.948873,1.417323,1.417323,43.993906
2.186068,0.029963,3.794909,1.076610,1.076610,36.321209
2.579822,0.041446,5.053080,1.094159,1.094159,39.888533
2.184087,0.046551,4.467429,1.620727,1.620727,41.963711
2.303480,0.036845,4.695525,0.945484,0.945484,43.167945
2.304168,0.033434,4.605842,0.840073,0.840073,42.138814
2.439646,0.042455,5.053154,1.226275,1.226275,47.629147
2.321506,0.036870,4.567697,1.777061,1.777061,41.098970
2.606206,0.049176,5.108236,1.336707,1.336707,42.599130
5.220167,0.106399,15.544984,1.019314,1.019314,71.930214
3.229776,0.068206,7.636718,1.188487,1.188487,72.250714
4.681891,0.107836,8.949433,1.175973,1.175973,56.009967
2.938007,0.049433,6.472974,0.632637,0.632637,56.777782
4.139196,0.073698,11.549784,1.402193,1.402193,70.416638
3.541382,0.063818,9.355750,0.689111,0.689111,62.872505
4.235831,0.098902,14.244555,1.469668,1.469668,77.870458
2.876312,0.073461,8.859819,0.731209,0.731209,62.566878
3.321923,0.125974,9.572158,1.114198,1.114198,70.385261
3.666553,0.149761,10.768245,0.945053,0.945053,76.644506
4.338492,0.152845,11.663427,1.213838,1.213838,77.678264
2.936866,0.084215,11.477023,1.624189,1.624189,94.936333
4.101961,0.140113,9.999681,0.817085,0.817085,86.641558
4.860927,0.198163,12.674772,1.375106,1.375106,84.146860
3.266767,0.113508,5.872333,0.921945,0.921945,56.326120
2.945914,0.114954,5.961799,1.318984,1.318984,62.190121
3.051155,0.145779,6.830634,0.797643,0.797643,64.116316
4.229137,0.233667,11.218318,1.372186,1.372186,77.570477
6.235912,0.248922,31.910087,3.275150,3.275150,118.826140
4.420027,0.174506,23.040992,4.456219,4.456219,88.014328
3.302039,0.097877,11.818431,2.407296,2.407296,64.863694
2.585798,0.072878,8.867241,3.584171,3.584171,70.534918
3.756694,0.099643,12.901533,5.038791,5.038791,87.129114
2.629222,0.077980,8.844315,2.952225,2.952225,69.626277
2.951363,0.093607,11.109222,2.828670,2.828670,73.646820
2.394977,0.084998,8.673669,2.697044,2.697044,63.878506
2.438384,0.100918,8.669449,3.072489,3.072489,63.747176
3.850731,0.117078,17.001684,3.993892,3.993892,81.601970
2.028649,0.072817,7.153249,2.050238,2.050238,58.727440
2.229616,0.083566,7.789268,5.171527,5.171527,78.406801
3.338329,0.117289,14.104202,3.093735,3.093735,82.188077
2.495601,0.074265,7.549573,3.947036,3.947036,66.985907
3.335201,0.115731,12.441575,3.419872,3.419872,75.052152
2.903785,0.086127,9.957128,2.736116,2.736116,79.422321
2.841982,0.064531,9.696716,3.358564,3.358564,74.585018
3.726842,0.071294,14.549944,3.954928,3.954928,86.702771
2.567964,0.051419,9.009841,3.830545,3.830545,68.450819
4.115824,0.089608,16.768102,3.484498,3.484498,88.338434
3.191951,0.067576,11.792068,3.857994,3.857994,78.883381
3.763754,0.084642,12.435104,3.599308,3.599308,75.913762
4.454916,0.090354,14.300855,6.481229,6.481229,94.706184
3.370032,0.074287,11.513908,4.010321,4.010321,78.142662
6.735921,0.197763,35.720444,2.921324,2.921324,123.999649
3.413064,0.109067,20.292521,5.842705,5.842705,95.253980
6.052866,0.156802,23.786884,4.023687,4.023687,109.090085
5.435482,0.124066,21.261763,3.679011,3.679011,101.675462
6.809836,0.173320,35.093007,4.005815,4.005815,127.399203
5.406491,0.102810,21.845554,4.798710,4.798710,96.005301
4.327002,0.100991,17.406593,4.895207,4.895207,84.884903
6.679920,0.160883,36.453529,4.331651,4.331651,124.615100
5.392348,0.115959,26.181060,3.533540,3.533540,101.253072
6.917292,0.130663,36.141893,3.775443,3.775443,129.495110
5.694632,0.101130,36.400801,3.606664,3.606664,108.235782
3.576136,0.070371,14.376529,3.266855,3.266855,72.953633
4.950484,0.065160,21.470691,2.628813,2.628813,88.135797
4.803356,0.070073,19.871499,3.038557,3.038557,86.666097
4.630981,0.073130,17.623499,4.660930,4.660930,96.897286
3.858578,0.056019,13.600398,2.740277,2.740277,75.450307
3.793378,0.045967,12.846222,2.657706,2.657706,77.234360
7.852397,0.120934,23.511310,2.821144,2.821144,107.963398
3.884035,0.053474,14.510773,1.974681,1.974681,79.441107
7.545279,0.121801,35.133496,2.819691,2.819691,120.576025
6.731037,0.121837,26.618779,3.359249,3.359249,108.425054
3.428144,0.079470,12.398845,2.835045,2.835045,73.399246
3.970571,0.072491,15.658447,3.388232,3.388232,90.979317
2.841034,0.065664,10.702923,3.123231,3.123231,77.192456
3.160865,0.075403,16.656846,2.112807,2.112807,90.968206
2.798616,0.063762,8.988859,2.103677,2.103677,71.091414
4.840124,0.156921,17.885059,3.043189,3.043189,103.976205
2.462816,0.080645,8.506818,2.392838,2.392838,74.234659
2.816270,0.087041,8.995783,2.431156,2.431156,75.559754
3.409795,0.114916,8.819304,3.318385,3.318385,73.770561
3.465491,0.141161,12.615942,2.149937,2.149937,86.017645
2.952023,0.108061,10.792843,1.985597,1.985597,71.721373
2.418481,0.096576,7.645746,2.307896,2.307896,69.707617
2.940255,0.147584,12.095111,2.330587,2.330587,62.107024
3.612484,0.171502,17.859273,2.114958,2.114958,75.235241
1.513804,0.077110,5.864172,4.631761,4.631761,36.938749
1.726939,0.060753,5.453127,2.148902,2.148902,30.522840
1.945733,0.059732,6.181078,3.472213,3.472213,34.346523
2.398384,0.053732,8.650047,2.100646,2.100646,77.752518
2.613330,0.043904,10.607916,2.067354,2.067354,39.093304
2.431885,0.048873,8.307106,2.724799,2.724799,35.322640
3.129917,0.041340,13.365656,5.301072,5.301072,45.688503
2.607246,0.038328,9.948568,1.831932,1.831932,36.299249
2.651583,0.039387,13.735692,2.557001,2.557001,48.861586
4.640483,0.079084,16.789491,2.538360,2.538360,73.558054
4.033570,0.080185,18.312711,3.908273,3.908273,93.010457
3.060437,0.046227,12.251406,2.852741,2.852741,74.566049
3.388491,0.048207,16.082810,2.476598,2.476598,80.127538
3.010880,0.042240,12.328021,2.965261,2.965261,75.282465
3.923948,0.053682,16.659790,3.005993,3.005993,76.479915
3.852611,0.045844,17.976415,2.620881,2.620881,77.580371
4.408992,0.040263,13.637783,3.016484,3.016484,72.916122
4.514631,0.044687,17.549728,3.513021,3.513021,78.534688
3.683474,0.036090,15.281139,2.720845,2.720845,78.907645
3.675244,0.039521,16.118820,2.180820,2.180820,78.456042
4.105726,0.057011,16.834583,1.553936,1.553936,76.470516
4.353970,0.059492,19.629277,3.075675,3.075675,84.803692
4.084539,0.047560,14.625009,2.634515,2.634515,69.608539
4.837986,0.058968,18.091506,2.607090,2.607090,75.639083
4.590730,0.045188,20.050151,1.939559,1.939559,77.295488
4.029166,0.044989,17.519549,1.921354,1.921354,72.995690
6.250233,0.068086,30.949860,2.501258,2.501258,91.996794
4.278472,0.049451,16.178794,2.370149,2.370149,73.725149
4.620945,0.049459,14.808589,2.826500,2.826500,69.647720
5.554179,0.052534,16.683539,2.616129,2.616129,72.750022
5.737617,0.050683,20.411155,1.444670,1.444670,78.192104
5.513557,0.056895,23.382230,3.065059,3.065059,96.104643
4.048804,0.033996,15.899833,1.440726,1.440726,79.915221
5.215827,0.050221,20.593654,2.745509,2.745509,84.962081
8.610479,0.081946,34.536796,3.327717,3.327717,98.738657
4.786534,0.044204,16.354369,2.668150,2.668150,71.192602
5.846292,0.041355,21.284362,2.231824,2.231824,85.585087
8.608421,0.078357,15.535278,2.327030,2.327030,79.745453
5.409241,0.050850,17.931061,2.012424,2.012424,79.231982
8.086740,0.094883,40.497123,2.076072,2.076072,117.673918
5.463512,0.078483,22.831860,2.721466,2.721466,94.888460
7.793761,0.129999,29.085298,1.923693,1.923693,102.890327
8.008991,0.154773,35.531621,1.642778,1.642778,95.945883
8.338017,0.154553,26.832544,3.346726,3.346726,118.448491
8.880556,0.151745,39.307349,2.721940,2.721940,125.008016
9.404682,0.146381,33.859236,1.293776,1.293776,141.213668
8.877262,0.167630,17.571647,2.359296,2.359296,123.252435
10.186575,0.107137,28.655704,1.725108,1.725108,122.276346
11.059130,0.145234,39.439343,1.354907,1.354907,127.187098
11.156929,0.140908,39.821461,1.455473,1.455473,132.145574
5.401563,0.074872,13.662496,1.541519,1.541519,99.600045
12.246316,0.141765,29.157599,1.767886,1.767886,130.232709
10.707610,0.069572,17.668641,3.146643,3.146643,116.589020
12.688159,0.132457,35.397926,2.499176,2.499176,128.475990
12.161015,0.097411,34.007937,2.005732,2.005732,118.569965
8.432489,0.075761,16.477138,1.819306,1.819306,115.071337
4.588735,0.054298,11.486382,2.584600,2.584600,93.194632
10.885510,0.107217,35.575915,3.020422,3.020422,146.911455
5.555090,0.054569,13.620654,2.174398,2.174398,92.186517
4.778262,0.059186,9.663191,3.147099,3.147099,102.933583
9.649221,0.056016,15.446532,2.935666,2.935666,124.691669
9.600457,0.085378,13.933453,1.745648,1.745648,113.617818
11.034247,0.080578,27.426297,2.541071,2.541071,134.471484
5.927317,0.047285,14.910750,1.843526,1.843526,114.893749
3.011930,0.028564,6.703564,3.883760,3.883760,48.829327
2.179510,0.039142,5.268804,3.530447,3.530447,44.106961
2.221727,0.037989,5.173596,3.131992,3.131992,39.142491
1.710307,0.022996,3.982452,2.538814,2.538814,30.536690
3.785645,0.051746,10.441619,5.383419,5.383419,61.075003
3.204595,0.018943,6.623277,6.112839,6.112839,42.206265
5.579317,0.052959,14.471523,4.674068,4.674068,48.011894
6.377741,0.045225,15.069991,2.441079,2.441079,69.056861
5.751896,0.056118,15.744422,4.380959,4.380959,64.729971
6.227851,0.053587,13.890042,5.803832,5.803832,48.295635
4.473674,0.027102,7.309715,2.935255,2.935255,27.453682
6.405951,0.034783,11.474976,3.582419,3.582419,36.460182
