#LBA time[ms],KF opt[#],KF fixed[#],MP[#],Edges[#]
0.014944,3,1,0,781
0.004896,4,1,0,935
0.310627,5,1,0,1361
0.746793,6,1,0,1798
0.760489,7,1,0,2171
0.749546,8,1,0,2586
1.284560,9,1,0,2641
1.465042,10,1,0,2817
1.748853,0,0,0,0
77.517803,0,0,0,0
1.473586,0,0,0,0
1.742005,0,0,0,0
2.413341,0,0,0,0
2.491198,0,0,0,0
2.796546,0,0,0,0
3.002532,0,0,0,0
3.016836,0,0,0,0
3.284968,0,0,0,0
3.745198,0,0,0,0
4.201874,0,0,0,0
4.435286,0,0,0,0
5.462818,0,0,0,0
5.308640,0,0,0,0
5.559363,0,0,0,0
5.374785,0,0,0,0
5.293440,0,0,0,0
5.064190,0,0,0,0
6.001864,0,0,0,0
5.907783,0,0,0,0
7.307480,0,0,0,0
5.249920,0,0,0,0
6.328109,0,0,0,0
7.067701,0,0,0,0
5.052510,0,0,0,0
6.403117,0,0,0,0
7.172119,0,0,0,0
4.150194,0,0,0,0
5.838535,0,0,0,0
6.350829,0,0,0,0
4.671449,0,0,0,0
6.078954,0,0,0,0
6.292812,0,0,0,0
6.389069,0,0,0,0
7.557467,0,0,0,0
4.967740,0,0,0,0
6.480622,0,0,0,0
5.226239,0,0,0,0
6.415341,0,0,0,0
5.294240,0,0,0,0
8.189379,0,0,0,0
6.928020,0,0,0,0
5.069502,0,0,0,0
6.076169,0,0,0,0
5.116574,0,0,0,0
6.574992,0,0,0,0
6.962325,0,0,0,0
4.741561,0,0,0,0
7.354201,0,0,0,0
4.771546,0,0,0,0
6.865235,0,0,0,0
5.474946,0,0,0,0
7.053750,0,0,0,0
4.338773,0,0,0,0
5.595108,0,0,0,0
4.321973,0,0,0,0
5.521443,0,0,0,0
6.446958,0,0,0,0
4.407605,0,0,0,0
6.031753,0,0,0,0
7.276536,0,0,0,0
4.479383,0,0,0,0
5.669636,0,0,0,0
4.682681,0,0,0,0
7.835263,0,0,0,0
4.434422,0,0,0,0
6.790930,0,0,0,0
4.433526,0,0,0,0
5.860807,0,0,0,0
6.303692,0,0,0,0
4.047825,0,0,0,0
5.075774,0,0,0,0
6.546512,0,0,0,0
4.854554,0,0,0,0
6.984500,0,0,0,0
5.255808,0,0,0,0
5.024413,0,0,0,0
5.754150,0,0,0,0
4.483831,0,0,0,0
4.826234,0,0,0,0
5.131839,0,0,0,0
5.878152,0,0,0,0
6.518703,0,0,0,0
7.390137,0,0,0,0
5.712422,0,0,0,0
6.516879,0,0,0,0
7.998177,0,0,0,0
8.791467,0,0,0,0
8.779946,0,0,0,0
8.292100,0,0,0,0
9.287152,0,0,0,0
11.324650,0,0,0,0
10.454878,0,0,0,0
10.674849,0,0,0,0
10.571392,0,0,0,0
10.802179,0,0,0,0
9.280880,0,0,0,0
12.795899,0,0,0,0
13.612517,0,0,0,0
12.781659,0,0,0,0
13.165184,0,0,0,0
10.062330,0,0,0,0
12.733466,0,0,0,0
12.942365,0,0,0,0
11.665581,0,0,0,0
11.450603,0,0,0,0
10.136027,0,0,0,0
12.172531,0,0,0,0
12.941053,0,0,0,0
12.398550,0,0,0,0
12.596312,0,0,0,0
10.721890,0,0,0,0
12.895100,0,0,0,0
12.995773,0,0,0,0
12.628153,0,0,0,0
13.629285,0,0,0,0
11.204199,0,0,0,0
13.587013,0,0,0,0
13.239648,0,0,0,0
13.188832,0,0,0,0
13.016958,0,0,0,0
13.076542,0,0,0,0
15.085591,0,0,0,0
16.145347,0,0,0,0
10.334237,0,0,0,0
15.547133,0,0,0,0
12.250036,0,0,0,0
17.092880,0,0,0,0
11.616589,0,0,0,0
10.339037,0,0,0,0
12.504952,0,0,0,0
11.628525,0,0,0,0
13.401698,0,0,0,0
14.119659,0,0,0,0
12.625401,0,0,0,0
11.837264,0,0,0,0
11.642445,0,0,0,0
12.575608,0,0,0,0
13.367426,0,0,0,0
11.950000,0,0,0,0
9.169231,0,0,0,0
12.881500,0,0,0,0
12.359862,0,0,0,0
10.882180,0,0,0,0
12.904573,0,0,0,0
12.311413,0,0,0,0
11.505708,0,0,0,0
11.154087,0,0,0,0
13.842504,0,0,0,0
10.688321,0,0,0,0
13.375938,0,0,0,0
9.415794,0,0,0,0
11.440522,0,0,0,0
12.887772,0,0,0,0
12.464151,0,0,0,0
12.996285,0,0,0,0
9.499027,0,0,0,0
11.442507,0,0,0,0
12.645209,0,0,0,0
17.417587,0,0,0,0
15.482140,0,0,0,0
12.433047,0,0,0,0
9.583828,0,0,0,0
11.788175,0,0,0,0
11.507659,0,0,0,0
13.382594,0,0,0,0
12.327446,0,0,0,0
13.523972,0,0,0,0
12.198388,0,0,0,0
15.249528,0,0,0,0
13.998250,0,0,0,0
11.677613,0,0,0,0
16.524873,0,0,0,0
11.986834,0,0,0,0
13.039070,0,0,0,0
12.292405,0,0,0,0
13.368354,0,0,0,0
13.975657,0,0,0,0
13.389026,0,0,0,0
15.805056,0,0,0,0
17.770423,0,0,0,0
17.763863,0,0,0,0
17.916985,0,0,0,0
18.158972,0,0,0,0
18.768067,0,0,0,0
14.859157,0,0,0,0
14.665202,0,0,0,0
14.491407,0,0,0,0
11.848944,0,0,0,0
13.280129,0,0,0,0
15.678654,0,0,0,0
17.342866,0,0,0,0
15.799327,0,0,0,0
20.504248,0,0,0,0
14.645873,0,0,0,0
16.990030,0,0,0,0
12.567896,0,0,0,0
15.593213,0,0,0,0
19.595438,0,0,0,0
14.421871,0,0,0,0
14.362574,0,0,0,0
10.173627,0,0,0,0
8.743722,0,0,0,0
9.939993,0,0,0,0
9.226255,0,0,0,0
12.166132,0,0,0,0
12.399862,0,0,0,0
12.324214,0,0,0,0
10.629793,0,0,0,0
13.252449,0,0,0,0
10.408606,0,0,0,0
13.187711,0,0,0,0
11.205288,0,0,0,0
11.957297,0,0,0,0
12.329589,0,0,0,0
10.776227,0,0,0,0
10.138747,0,0,0,0
10.819619,0,0,0,0
10.382622,0,0,0,0
10.644193,0,0,0,0
11.376234,0,0,0,0
11.627853,0,0,0,0
10.496447,0,0,0,0
10.804227,0,0,0,0
10.847812,0,0,0,0
10.221404,0,0,0,0
9.456819,0,0,0,0
12.402135,0,0,0,0
12.186868,0,0,0,0
11.696045,0,0,0,0
11.631853,0,0,0,0
11.612269,0,0,0,0
9.215088,0,0,0,0
10.778467,0,0,0,0
11.183272,0,0,0,0
9.729718,0,0,0,0
9.268145,0,0,0,0
9.352498,0,0,0,0
11.327402,0,0,0,0
12.447191,0,0,0,0
9.421042,0,0,0,0
10.884196,0,0,0,0
9.717173,0,0,0,0
7.398233,0,0,0,0
10.451231,0,0,0,0
11.526827,0,0,0,0
10.682849,0,0,0,0
12.738234,0,0,0,0
10.785635,0,0,0,0
12.360118,0,0,0,0
12.871772,0,0,0,0
10.913221,0,0,0,0
17.733463,0,0,0,0
12.211508,0,0,0,0
11.605645,0,0,0,0
8.572744,0,0,0,0
14.058955,0,0,0,0
8.249540,0,0,0,0
11.847536,0,0,0,0
8.495751,0,0,0,0
10.197595,0,0,0,0
9.061325,0,0,0,0
13.584708,0,0,0,0
10.469919,0,0,0,0
14.582193,0,0,0,0
10.811332,0,0,0,0
11.634093,0,0,0,0
8.128963,0,0,0,0
8.062370,0,0,0,0
19.663790,0,0,0,0
13.819112,0,0,0,0
15.339290,0,0,0,0
14.944309,0,0,0,0
17.059374,0,0,0,0
18.914277,0,0,0,0
14.997398,0,0,0,0
20.226965,0,0,0,0
17.369554,0,0,0,0
19.660751,0,0,0,0
18.665891,0,0,0,0
17.364402,0,0,0,0
18.291709,0,0,0,0
17.990778,0,0,0,0
21.072831,0,0,0,0
17.988890,0,0,0,0
18.516417,0,0,0,0
21.915337,0,0,0,0
25.705496,0,0,0,0
18.064123,0,0,0,0
23.457341,0,0,0,0
18.228861,0,0,0,0
21.437988,0,0,0,0
20.433400,0,0,0,0
20.279542,0,0,0,0
20.556441,0,0,0,0
22.586481,0,0,0,0
18.571553,0,0,0,0
17.948985,0,0,0,0
11.662861,0,0,0,0
18.289374,0,0,0,0
18.306654,0,0,0,0
18.501216,0,0,0,0
21.064479,0,0,0,0
14.623089,0,0,0,0
13.522915,0,0,0,0
19.364779,0,0,0,0
11.899409,0,0,0,0
20.554329,0,0,0,0
19.386987,0,0,0,0
19.403147,0,0,0,0
17.289522,0,0,0,0
18.875749,0,0,0,0
19.374347,0,0,0,0
21.519877,0,0,0,0
12.911196,0,0,0,0
13.954185,0,0,0,0
22.117036,0,0,0,0
15.979810,0,0,0,0
17.470132,0,0,0,0
21.247297,0,0,0,0
15.614270,0,0,0,0
20.832157,0,0,0,0
15.247577,0,0,0,0
21.743111,0,0,0,0
16.665258,0,0,0,0
16.941038,0,0,0,0
22.216109,0,0,0,0
20.081715,0,0,0,0
21.082848,0,0,0,0
21.488485,0,0,0,0
14.882772,0,0,0,0
16.239429,0,0,0,0
17.606518,0,0,0,0
17.766007,0,0,0,0
13.971178,0,0,0,0
17.820921,0,0,0,0
14.212204,0,0,0,0
18.339774,0,0,0,0
18.306590,0,0,0,0
15.680158,0,0,0,0
20.353239,0,0,0,0
19.083463,0,0,0,0
18.164924,0,0,0,0
20.271862,0,0,0,0
17.459412,0,0,0,0
19.790320,0,0,0,0
19.604046,0,0,0,0
19.158569,0,0,0,0
14.721298,0,0,0,0
14.791955,0,0,0,0
16.206212,0,0,0,0
20.177428,0,0,0,0
20.494681,0,0,0,0
24.969230,0,0,0,0
36.091573,0,0,0,0
27.251690,0,0,0,0
26.551266,0,0,0,0
27.034055,0,0,0,0
22.396752,0,0,0,0
36.638269,0,0,0,0
33.207794,0,0,0,0
29.120641,0,0,0,0
27.809233,0,0,0,0
21.808009,0,0,0,0
28.026708,0,0,0,0
24.578698,0,0,0,0
23.925923,0,0,0,0
29.270499,0,0,0,0
28.905758,0,0,0,0
21.174784,0,0,0,0
27.134537,0,0,0,0
28.555322,0,0,0,0
28.974783,0,0,0,0
27.416204,0,0,0,0
28.673468,0,0,0,0
28.914399,0,0,0,0
26.742148,0,0,0,0
30.122413,0,0,0,0
30.467793,0,0,0,0
26.764260,0,0,0,0
23.156345,0,0,0,0
26.083740,0,0,0,0
27.704464,0,0,0,0
26.813253,0,0,0,0
26.771396,0,0,0,0
25.872954,0,0,0,0
25.732728,0,0,0,0
25.713880,0,0,0,0
24.116805,0,0,0,0
24.933742,0,0,0,0
20.323478,0,0,0,0
21.698279,0,0,0,0
25.735128,0,0,0,0
23.300026,0,0,0,0
28.895422,0,0,0,0
22.527153,0,0,0,0
24.295270,0,0,0,0
29.971531,0,0,0,0
28.811037,0,0,0,0
39.717217,0,0,0,0
36.950752,0,0,0,0
26.460480,0,0,0,0
32.930799,0,0,0,0
36.631484,0,0,0,0
31.359420,0,0,0,0
37.046274,0,0,0,0
33.392405,0,0,0,0
37.060546,0,0,0,0
28.079156,0,0,0,0
31.592543,0,0,0,0
25.862810,0,0,0,0
30.367376,0,0,0,0
29.270659,0,0,0,0
31.959460,0,0,0,0
35.937780,0,0,0,0
25.217042,0,0,0,0
31.656159,0,0,0,0
31.421437,0,0,0,0
40.737166,0,0,0,0
36.400761,0,0,0,0
31.147866,0,0,0,0
31.769281,0,0,0,0
28.257623,0,0,0,0
40.328873,0,0,0,0
32.317544,0,0,0,0
35.121962,0,0,0,0
37.234403,0,0,0,0
38.632500,0,0,0,0
24.400552,0,0,0,0
31.175610,0,0,0,0
32.848974,0,0,0,0
38.758038,0,0,0,0
40.092998,0,0,0,0
36.747709,0,0,0,0
42.205952,0,0,0,0
37.527559,0,0,0,0
34.598755,0,0,0,0
32.745837,0,0,0,0
42.314721,0,0,0,0
35.967988,0,0,0,0
37.752554,0,0,0,0
42.838311,0,0,0,0
34.450850,0,0,0,0
33.818842,0,0,0,0
36.532571,0,0,0,0
42.891592,0,0,0,0
44.426779,0,0,0,0
34.105213,0,0,0,0
43.196843,0,0,0,0
45.766891,0,0,0,0
32.501162,0,0,0,0
39.501407,0,0,0,0
43.554544,0,0,0,0
40.503851,0,0,0,0
42.419043,0,0,0,0
43.014346,0,0,0,0
47.585409,0,0,0,0
39.881060,0,0,0,0
38.253487,0,0,0,0
41.209299,0,0,0,0
45.356838,0,0,0,0
44.892992,0,0,0,0
35.735569,0,0,0,0
37.926731,0,0,0,0
40.071782,0,0,0,0
33.407061,0,0,0,0
43.747282,0,0,0,0
39.140346,0,0,0,0
34.119166,0,0,0,0
40.282793,0,0,0,0
43.403150,0,0,0,0
39.732834,0,0,0,0
39.569120,0,0,0,0
39.219996,0,0,0,0
32.864270,0,0,0,0
36.348601,0,0,0,0
35.901747,0,0,0,0
37.494759,0,0,0,0
34.333889,0,0,0,0
38.769686,0,0,0,0
36.159638,0,0,0,0
37.858251,0,0,0,0
40.595340,0,0,0,0
36.947169,0,0,0,0
38.176719,0,0,0,0
34.577284,0,0,0,0
39.599904,0,0,0,0
35.946292,0,0,0,0
39.248380,0,0,0,0
41.865212,0,0,0,0
40.389514,0,0,0,0
30.308752,0,0,0,0
37.239300,0,0,0,0
40.220904,0,0,0,0
35.027273,0,0,0,0
39.901892,0,0,0,0
33.885019,0,0,0,0
34.188766,0,0,0,0
41.958684,0,0,0,0
29.448037,0,0,0,0
39.311293,0,0,0,0
32.513898,0,0,0,0
25.427444,0,0,0,0
24.416809,0,0,0,0
39.041114,0,0,0,0
28.366104,0,0,0,0
39.915044,0,0,0,0
24.193030,0,0,0,0
25.902266,0,0,0,0
24.583434,0,0,0,0
24.429576,0,0,0,0
26.423776,0,0,0,0
26.092252,0,0,0,0
17.875545,0,0,0,0
21.519525,0,0,0,0
18.047930,0,0,0,0
23.262490,0,0,0,0
21.608646,0,0,0,0
20.496601,0,0,0,0
11.041990,0,0,0,0
10.701026,0,0,0,0
10.739651,0,-2147483648,84,618200413
18.900101,0,-1074790808,0,1080121023
