1403638147795097088.000000 15.702485085 -14.331712723 -43.172657013 -0.599754930 -0.586236835 -0.387215585 0.382994175
1403638148095097088.000000 15.704003334 -14.305941582 -43.138046265 -0.590682447 -0.569200397 -0.408207387 0.400589377
1403638148845096960.000000 15.699687958 -14.226305962 -42.968200684 -0.584486961 -0.589679599 -0.393551201 0.394677579
1403638151395097088.000000 15.040923119 -13.587990761 -42.796325684 -0.471565217 -0.675566494 -0.334393203 0.457621425
1403638151845096960.000000 14.759696007 -13.449533463 -42.753265381 -0.420554757 -0.708770454 -0.296087980 0.482814670
1403638152245096960.000000 14.487146378 -13.331190109 -42.653057098 -0.414574653 -0.713905275 -0.295301646 0.480899215
1403638152445096960.000000 14.337701797 -13.274296761 -42.638732910 -0.413523674 -0.714876235 -0.300842375 0.476910889
1403638152645096960.000000 14.173492432 -13.221515656 -42.646671295 -0.415958643 -0.714980125 -0.299986988 0.475173235
1403638153145096960.000000 13.707439423 -13.086484909 -42.584678650 -0.383546919 -0.732799470 -0.262461841 0.497001588
1403638153445096960.000000 13.419013977 -12.994971275 -42.536266327 -0.358172923 -0.749684572 -0.246595696 0.498874664
1403638153645096960.000000 13.215181351 -12.930194855 -42.500274658 -0.324625790 -0.767045975 -0.239149854 0.499065101
1403638154095097088.000000 12.701287270 -12.793643951 -42.443649292 -0.281282276 -0.773095310 -0.206920266 0.529516876
1403638154395097088.000000 12.350740433 -12.723039627 -42.462108612 -0.271680772 -0.762402713 -0.214772195 0.546630204
1403638154595097088.000000 12.125162125 -12.697864532 -42.486072540 -0.272592992 -0.758626997 -0.213616446 0.551856995
1403638154995097088.000000 11.700387001 -12.712921143 -42.458713531 -0.247071564 -0.779368460 -0.199055418 0.540293872
1403638155195097088.000000 11.488348007 -12.749252319 -42.410324097 -0.227096632 -0.782802165 -0.186875045 0.548384607
1403638155395097088.000000 11.278597832 -12.803237915 -42.380245209 -0.209410802 -0.780677676 -0.180750504 0.560373724
1403638155595097088.000000 11.074793816 -12.880964279 -42.376369476 -0.189065129 -0.782682776 -0.164011225 0.569879174
1403638156395097088.000000 10.415960312 -13.348407745 -42.393234253 -0.062339801 -0.826375782 -0.031653363 0.558762014
1403638156595097088.000000 10.263551712 -13.455204964 -42.389663696 -0.049863275 -0.829899669 -0.019395953 0.555341423
1403638156795097088.000000 10.099181175 -13.548633575 -42.408821106 -0.047128223 -0.830692589 -0.018000333 0.554440975
1403638157245096960.000000 9.678255081 -13.712552071 -42.437259674 -0.056332499 -0.835644007 -0.023328207 0.545876980
1403638157445096960.000000 9.464477539 -13.770234108 -42.414409637 -0.047917482 -0.832918108 -0.028143484 0.550599098
1403638157845096960.000000 9.002262115 -13.890864372 -42.395538330 0.007806856 -0.821351469 -0.007004994 0.570326030
1403638158245096960.000000 8.546030998 -14.036155701 -42.337547302 0.049715538 -0.821053922 0.045725875 0.566840351
1403638158645096960.000000 8.107485771 -14.160368919 -42.347118378 0.066173248 -0.817368090 0.037069056 0.571101189
1403638158895097088.000000 7.845761776 -14.245521545 -42.360916138 0.055075809 -0.823246181 0.045748334 0.563151538
1403638159095097088.000000 7.637177467 -14.311553955 -42.340522766 0.050107576 -0.833537102 0.047294300 0.548150063
1403638159295097088.000000 7.415178776 -14.372164726 -42.316715240 0.047583412 -0.840919793 0.045765772 0.537117600
1403638159695097088.000000 6.936313152 -14.460081100 -42.266277313 0.023332717 -0.795386553 0.078274339 0.600573957
1403638160695097088.000000 6.157042503 -14.289359093 -41.693473816 0.053915791 -0.827966511 0.044092532 0.556435347
1403638160895097088.000000 6.008276939 -14.245618820 -41.574207306 0.037046425 -0.815053463 0.052586209 0.575803995
1403638161095097088.000000 5.868889332 -14.185043335 -41.469837189 0.007450465 -0.805908918 0.037079193 0.590830266
1403638161295097088.000000 5.750841618 -14.106897354 -41.381000519 -0.029662805 -0.809996605 0.003503299 0.585673511
1403638161695097088.000000 5.542030334 -13.929069519 -41.236892700 -0.084915012 -0.823418677 -0.035300337 0.559933007
1403638162095097088.000000 5.329818726 -13.718290329 -41.157825470 -0.113484271 -0.812785029 -0.052491922 0.568987310
1403638163395097088.000000 4.743747234 -12.649121284 -40.804393768 -0.165567487 -0.797482789 -0.095567130 0.572254837
1403638165695097088.000000 4.951375961 -10.165637016 -40.426097870 -0.237316042 -0.759753227 -0.155958310 0.584921479
1403638166095097088.000000 5.230204582 -9.765038490 -40.504421234 -0.235558212 -0.780619085 -0.158773363 0.556720078
1403638166345096960.000000 5.413604736 -9.539037704 -40.458358765 -0.227445364 -0.788075030 -0.161166400 0.548845828
1403638166545096960.000000 5.554456234 -9.373156548 -40.361114502 -0.224044889 -0.789575934 -0.160384357 0.548316300
1403638167045096960.000000 5.868694782 -8.976669312 -40.238895416 -0.243958279 -0.805210233 -0.122492328 0.526418507
1403638167295097088.000000 5.983902454 -8.733777046 -40.182964325 -0.234062105 -0.808758736 -0.135497451 0.522268891
1403638167545096960.000000 6.049695969 -8.461715698 -40.102249146 -0.233437508 -0.801832914 -0.138669506 0.532298565
1403638167745096960.000000 6.085610867 -8.232334137 -40.063858032 -0.249056503 -0.788638115 -0.132813156 0.546242952
1403638168145096960.000000 6.165507317 -7.713135719 -40.028781891 -0.299569815 -0.767074764 -0.156016842 0.545447469
1403638168745096960.000000 6.359859943 -6.834511757 -39.885620117 -0.336132139 -0.765237451 -0.228362978 0.499276698
1403638168945096960.000000 6.397448063 -6.539302349 -39.877052307 -0.337347448 -0.768043816 -0.231092602 0.492850542
1403638169545096960.000000 6.399759769 -5.654682636 -39.965782166 -0.371907204 -0.716437757 -0.216116324 0.549268365
1403638169745096960.000000 6.445030689 -5.356671810 -39.987556458 -0.394823164 -0.705091774 -0.248256668 0.534161985
1403638169945096960.000000 6.521011353 -5.070836067 -39.977153778 -0.412466377 -0.694062710 -0.300522745 0.507774115
1403638170145096960.000000 6.600030899 -4.811787605 -39.947937012 -0.441374928 -0.663933933 -0.334881812 0.502229214
1403638170345096960.000000 6.683248997 -4.588949680 -39.944011688 -0.484931290 -0.634966493 -0.347021818 0.491156846
1403638170545096960.000000 6.779243946 -4.393771172 -39.959041595 -0.526374578 -0.607161582 -0.355768204 0.477193505
1403638171145096960.000000 7.215476036 -3.947681427 -39.919185638 -0.600109816 -0.526015222 -0.413805306 0.438111097
1403638171495097088.000000 7.559459686 -3.815244913 -39.932815552 -0.616006434 -0.501012623 -0.427015692 0.432643086
1403638171695097088.000000 7.787332535 -3.788728476 -39.949195862 -0.624571443 -0.484795064 -0.432024032 0.433865845
1403638171895097088.000000 8.043036461 -3.805345774 -39.964969635 -0.634890556 -0.465291172 -0.438723922 0.433519721
1403638172095097088.000000 8.330755234 -3.873686790 -39.957916260 -0.635416508 -0.458922267 -0.452882737 0.424892336
1403638172295097088.000000 8.639232635 -3.992953062 -39.957958221 -0.637011826 -0.459449470 -0.456472129 0.418037593
1403638172695097088.000000 9.293393135 -4.348025322 -40.077064514 -0.632773459 -0.456820667 -0.455790907 0.427980542
1403638172895097088.000000 9.643962860 -4.590973377 -40.176952362 -0.631586909 -0.458608299 -0.451321185 0.432533920
1403638173095097088.000000 10.014448166 -4.880145073 -40.295242310 -0.637577415 -0.463663697 -0.434270859 0.435797870
1403638173295097088.000000 10.412716866 -5.203986645 -40.437797546 -0.637602329 -0.475610137 -0.431491256 0.425527513
1403638174095097088.000000 12.059001923 -6.637005329 -41.186973572 -0.631478369 -0.497230411 -0.448577791 0.390864402
1403638174195097088.000000 12.252006531 -6.831419945 -41.270473480 -0.633286715 -0.499950558 -0.446467161 0.386865109
1403638174295097088.000000 12.441886902 -7.027330399 -41.358150482 -0.637250543 -0.504099846 -0.440398395 0.381895930
1403638174545096960.000000 12.907663345 -7.500689030 -41.588375092 -0.642564297 -0.510379076 -0.431002140 0.375315338
1403638174695097088.000000 13.183354378 -7.769413948 -41.712677002 -0.643607557 -0.518259108 -0.428461701 0.365509987
1403638174895097088.000000 13.543993950 -8.107010841 -41.852317810 -0.645812809 -0.524598122 -0.424424529 0.357192516
1403638175095097088.000000 13.890573502 -8.412313461 -41.966464996 -0.646649301 -0.523964047 -0.425251395 0.355622768
1403638175295097088.000000 14.224737167 -8.679773331 -42.054420471 -0.648291767 -0.525006831 -0.426781237 0.349204093
1403638175495097088.000000 14.544820786 -8.910587311 -42.114528656 -0.655029476 -0.534539163 -0.418756843 0.331431895
1403638175695097088.000000 14.847764969 -9.089289665 -42.142856598 -0.665358186 -0.544979990 -0.401652575 0.314595938
1403638175995097088.000000 15.277086258 -9.244127274 -42.197795868 -0.661705673 -0.554582238 -0.402832150 0.303826332
1403638176395097088.000000 15.773428917 -9.251603127 -42.284107208 -0.627519906 -0.528542399 -0.453512996 0.348120093
1403638176995097088.000000 16.274982452 -9.161011696 -42.259258270 -0.632092655 -0.527825058 -0.449410319 0.346251369
1403638177445096960.000000 16.491973877 -9.040173531 -42.279121399 -0.631074250 -0.531486392 -0.452415109 0.338508725
1403638177945096960.000000 16.622961044 -8.856906891 -42.403682709 -0.646700919 -0.492293954 -0.441419184 0.380228609
1403638179195097088.000000 17.185987473 -8.847409248 -42.516742706 -0.754077435 -0.354554087 -0.489370883 0.257244408
1403638179495097088.000000 17.389270782 -8.880888939 -42.602710724 -0.764524162 -0.321355313 -0.508155406 0.232404366
1403638179795097088.000000 17.611152649 -8.904344559 -42.688037872 -0.777870715 -0.259988427 -0.534542561 0.203930169
1403638180095097088.000000 17.837112427 -8.939817429 -42.724525452 -0.800241232 -0.215330884 -0.533274353 0.169897512
1403638180595097088.000000 18.264633179 -8.991754532 -42.786273956 -0.805436492 -0.207714915 -0.534043312 0.151408255
1403638181095097088.000000 18.775508881 -9.001029015 -42.824253082 -0.807261944 -0.218577743 -0.524410009 0.159831569
1403638181745096960.000000 19.553737640 -9.032832146 -42.954723358 -0.798112452 -0.129808381 -0.570618391 0.143390641
1403638181945096960.000000 19.781396866 -9.102674484 -42.965137482 -0.810245335 -0.103602663 -0.568271518 0.099178761
1403638182145096960.000000 19.999000549 -9.181374550 -42.948242188 -0.823108733 -0.082967892 -0.556209743 0.078987762
1403638182595097088.000000 20.519710541 -9.373627663 -42.895881653 -0.835406244 -0.078296095 -0.540377438 0.062915102
1403638183395097088.000000 21.626529694 -9.671437263 -42.765987396 -0.827021718 -0.097754292 -0.550034583 0.062779710
1403638184295097088.000000 22.933523178 -9.770620346 -42.687797546 -0.827380776 -0.099110700 -0.549914002 0.056680162
1403638184845096960.000000 23.702444077 -9.686300278 -42.638771057 -0.819181144 -0.095625617 -0.562578797 0.057472080
1403638185145096960.000000 24.105377197 -9.601807594 -42.602722168 -0.818541527 -0.096811265 -0.563520312 0.055338010
1403638185545096960.000000 24.620645523 -9.438899040 -42.541744232 -0.808478177 -0.120093934 -0.573890924 0.050890230
1403638185845096960.000000 24.967327118 -9.258009911 -42.491199493 -0.805058599 -0.134376273 -0.570433438 0.091812760
1403638187845096960.000000 26.841352463 -7.883625984 -42.149410248 -0.761201739 -0.290089428 -0.546723425 0.193684563
1403638188245096960.000000 27.034225464 -7.595198154 -42.117603302 -0.743792057 -0.292861849 -0.573289871 0.179844797
1403638188645096960.000000 27.070003510 -7.329881191 -42.153644562 -0.723496437 -0.265996426 -0.599219561 0.216182500
1403638190445096960.000000 26.057779312 -7.010231495 -41.908943176 -0.703595102 -0.390707582 -0.536848783 0.253169626
1403638190595097088.000000 25.967428207 -6.973810673 -41.930236816 -0.699366748 -0.400293022 -0.533427179 0.257113218
1403638190745096960.000000 25.860107422 -6.937556267 -41.952541351 -0.698592663 -0.403940648 -0.527899384 0.264806688
1403638191045096960.000000 25.606372833 -6.881012440 -41.961124420 -0.702748299 -0.397422075 -0.516011477 0.286238968
1403638191245096960.000000 25.424457550 -6.860865116 -41.935062408 -0.708790898 -0.400312632 -0.507051885 0.283308566
1403638193995097088.000000 22.745084763 -6.799402714 -41.212879181 -0.695879042 -0.422946244 -0.492761761 0.306683391
1403638196745096960.000000 20.572574615 -7.703307629 -41.164127350 -0.720232785 -0.428013116 -0.463581949 0.288377017
1403638197195097088.000000 20.458332062 -7.550951481 -41.186283112 -0.708491445 -0.422893167 -0.481874943 0.294954151
1403638197445096960.000000 20.409702301 -7.446904182 -41.142795563 -0.694748759 -0.427598268 -0.501605988 0.287880868
1403638198595097088.000000 19.981103897 -7.079715729 -41.146766663 -0.686214566 -0.433106393 -0.510327995 0.284769654
1403638198995097088.000000 19.682462692 -7.011333466 -41.271907806 -0.667993307 -0.447782904 -0.532200396 0.264647514
1403638199445096960.000000 19.100921631 -6.920769215 -41.231040955 -0.667928278 -0.442057133 -0.533812582 0.271111608
1403638199645096960.000000 18.768215179 -6.880260944 -41.163585663 -0.667751968 -0.452228844 -0.528150201 0.265807539
1403638199845096960.000000 18.392913818 -6.833986759 -41.083812714 -0.673005521 -0.453765303 -0.506097674 0.291591883
1403638199945096960.000000 18.197854996 -6.810757160 -41.051540375 -0.675231993 -0.454406917 -0.497193635 0.300623894
1403638200095097088.000000 17.901945114 -6.774974823 -41.012256622 -0.669726312 -0.463390261 -0.491590530 0.308342099
1403638200245096960.000000 17.601781845 -6.738952637 -40.974544525 -0.650198579 -0.479140460 -0.495793581 0.319147140
1403638200395097088.000000 17.291505814 -6.704448223 -40.925106049 -0.629949450 -0.494443536 -0.495988756 0.335685164
1403638200545096960.000000 16.970430374 -6.675183296 -40.862060547 -0.614282489 -0.515018165 -0.494294494 0.336283147
1403638200695097088.000000 16.633287430 -6.650856495 -40.784721375 -0.598360837 -0.535941899 -0.491015106 0.337097526
1403638200845096960.000000 16.277908325 -6.630980492 -40.705478668 -0.591591835 -0.550735831 -0.481495321 0.338927060
1403638200995097088.000000 15.904896736 -6.613252163 -40.639892578 -0.596232116 -0.549641430 -0.466406465 0.353364766
1403638201145096960.000000 15.521717072 -6.597642899 -40.591464996 -0.601367652 -0.544870973 -0.456502497 0.364798665
1403638201295097088.000000 15.136175156 -6.584671497 -40.559192657 -0.604231417 -0.540414095 -0.454405278 0.369286954
1403638201445096960.000000 14.750590324 -6.574311733 -40.542240143 -0.604865193 -0.539662600 -0.456433058 0.366839588
1403638201745096960.000000 13.977674484 -6.563057899 -40.558414459 -0.605468333 -0.533963144 -0.462000251 0.367215574
1403638201895097088.000000 13.589051247 -6.565226555 -40.592144012 -0.606393933 -0.532966733 -0.462016732 0.367115140
1403638202045096960.000000 13.196378708 -6.577561378 -40.625961304 -0.602521777 -0.538455009 -0.456335783 0.372547239
1403638202195097088.000000 12.803052902 -6.600690365 -40.650711060 -0.605734348 -0.542094290 -0.439968050 0.381638438
1403638202495097088.000000 12.039236069 -6.655405998 -40.668785095 -0.607925832 -0.549838483 -0.424020171 0.385111481
1403638202845096960.000000 11.206183434 -6.700063229 -40.743862152 -0.609743714 -0.549006641 -0.421179235 0.386539131
1403638203245096960.000000 10.333127022 -6.745073795 -40.824966431 -0.604131103 -0.545363009 -0.431032658 0.389635295
1403638203445096960.000000 9.923643112 -6.777028561 -40.837429047 -0.603163242 -0.541632950 -0.431715101 0.395537585
1403638203645096960.000000 9.532161713 -6.816822052 -40.866142273 -0.606343627 -0.541744351 -0.427345693 0.395267129
1403638203945096960.000000 8.985073090 -6.893434525 -40.869628906 -0.604772985 -0.542815626 -0.427890658 0.395614117
1403638204095097088.000000 8.727939606 -6.940304279 -40.850502014 -0.606085896 -0.544646561 -0.423894405 0.395390421
1403638204245096960.000000 8.481942177 -6.989958286 -40.815372467 -0.612542689 -0.544332802 -0.413099945 0.397293031
1403638204395097088.000000 8.251658440 -7.036790371 -40.771053314 -0.625720382 -0.540570438 -0.394172996 0.401104987
1403638204645096960.000000 7.917853832 -7.099951267 -40.708293915 -0.627208173 -0.538501561 -0.389756292 0.405852318
1403638204845096960.000000 7.691935062 -7.138509750 -40.686950684 -0.602458358 -0.563027740 -0.395608604 0.404397845
1403638205045096960.000000 7.481301785 -7.169678211 -40.691581726 -0.556645155 -0.603362739 -0.390960455 0.416232646
1403638205245096960.000000 7.266700268 -7.198191643 -40.703071594 -0.498325437 -0.650806904 -0.357140481 0.447853535
1403638205445096960.000000 7.048004150 -7.227338791 -40.684516907 -0.428197801 -0.692286074 -0.318723053 0.485594779
1403638205645096960.000000 6.833801270 -7.268163204 -40.637138367 -0.365973264 -0.718977451 -0.312702805 0.501350224
1403638205845096960.000000 6.610074520 -7.339917660 -40.566604614 -0.329254508 -0.731422067 -0.306075156 0.512768388
1403638206045096960.000000 6.366366386 -7.455464363 -40.479587555 -0.300014257 -0.747997463 -0.273751825 0.524929762
1403638206245096960.000000 6.113333225 -7.609902382 -40.376659393 -0.266040564 -0.759587467 -0.244139582 0.540966988
1403638206445096960.000000 5.861515999 -7.792376518 -40.292804718 -0.249677047 -0.762354016 -0.209990442 0.558911324
1403638207245096960.000000 5.065691948 -8.669820786 -40.226882935 -0.216384858 -0.761408746 -0.171393946 0.586565018
1403638207445096960.000000 4.935216427 -8.922042847 -40.276157379 -0.194451436 -0.762748480 -0.157018140 0.596446753
1403638207645096960.000000 4.844880581 -9.190716743 -40.311653137 -0.166843474 -0.775847435 -0.129311413 0.594560921
1403638207845096960.000000 4.792534351 -9.461612701 -40.318763733 -0.156458050 -0.790918708 -0.105940469 0.582018137
1403638208245096960.000000 4.741170883 -9.962817192 -40.283607483 -0.154086515 -0.791610062 -0.100225106 0.582722843
1403638208495097088.000000 4.742492199 -10.253891945 -40.307910919 -0.154664829 -0.797246575 -0.100522131 0.574779928
1403638208745096960.000000 4.762322426 -10.534055710 -40.313884735 -0.134505138 -0.802582681 -0.082468979 0.575298488
1403638208995097088.000000 4.797634125 -10.792851448 -40.299430847 -0.116908647 -0.802997172 -0.073617384 0.579748690
1403638209245096960.000000 4.851171970 -11.034575462 -40.324451447 -0.111972734 -0.803810418 -0.068311177 0.580245316
1403638209495097088.000000 4.916965961 -11.258713722 -40.389034271 -0.113376945 -0.802749097 -0.063900784 0.581941724
1403638209745096960.000000 4.992506027 -11.461652756 -40.530181885 -0.115372308 -0.801595688 -0.064585939 0.583062768
1403638209995097088.000000 5.081995964 -11.647822380 -40.765129089 -0.110211462 -0.796568215 -0.074069381 0.589785039
1403638210245096960.000000 5.198007584 -11.827696800 -41.000186920 -0.110097565 -0.786855459 -0.074744768 0.602619588
1403638210545096960.000000 5.402903080 -12.042193413 -41.259975433 -0.110918537 -0.787021697 -0.074961662 0.602224708
1403638210795097088.000000 5.620149612 -12.216871262 -41.496467590 -0.113007449 -0.785019934 -0.073813692 0.604586422
1403638211045096960.000000 5.884798527 -12.386425018 -41.700191498 -0.116169892 -0.792891145 -0.068611026 0.594239652
1403638211295097088.000000 6.171185493 -12.541226387 -41.853477478 -0.118284754 -0.798394501 -0.065671131 0.586738765
1403638211545096960.000000 6.469695091 -12.672422409 -41.992088318 -0.140885860 -0.796098292 -0.079632439 0.583127320
1403638211795097088.000000 6.786873341 -12.782155991 -42.162773132 -0.194099218 -0.784580648 -0.104255356 0.579559803
1403638212045096960.000000 7.122034073 -12.861147881 -42.321308136 -0.255852789 -0.768900931 -0.136846513 0.569740117
1403638212295097088.000000 7.476915359 -12.906567574 -42.428241730 -0.303897560 -0.751294255 -0.181709215 0.556942642
1403638212545096960.000000 7.852858067 -12.936524391 -42.482982635 -0.352646917 -0.729998946 -0.219784886 0.542619884
1403638212795097088.000000 8.249398232 -12.960034370 -42.491130829 -0.402193189 -0.706028521 -0.255884588 0.523724556
1403638213045096960.000000 8.664471626 -12.978799820 -42.463672638 -0.457005948 -0.674572051 -0.291915894 0.500882566
1403638213295097088.000000 9.093289375 -12.988701820 -42.429821014 -0.522928774 -0.638650239 -0.310900062 0.471182048
1403638213445096960.000000 9.358811378 -12.984211922 -42.428104401 -0.565269947 -0.613915145 -0.313438833 0.453138351
1403638213645096960.000000 9.734671593 -12.953578949 -42.438232422 -0.590670943 -0.582497001 -0.346664965 0.437753946
1403638213795097088.000000 10.028604507 -12.918622017 -42.438014984 -0.585157752 -0.571940184 -0.381606042 0.429943949
1403638213945096960.000000 10.323791504 -12.880456924 -42.424789429 -0.582866430 -0.570358098 -0.395779431 0.422276199
1403638214145096960.000000 10.712960243 -12.833302498 -42.391819000 -0.587601662 -0.578740299 -0.388186216 0.411212236
1403638214745096960.000000 11.825313568 -12.604629517 -42.341365814 -0.568389773 -0.590090513 -0.387939662 0.422171950
1403638215145096960.000000 12.521195412 -12.438790321 -42.413879395 -0.557476282 -0.590681791 -0.392669290 0.431423306
1403638215595097088.000000 13.242905617 -12.290575981 -42.530593872 -0.552167833 -0.598536670 -0.400519848 0.420057774
1403638216095097088.000000 13.935235023 -12.175432205 -42.600589752 -0.564815342 -0.584574103 -0.402042240 0.421448410
1403638216345096960.000000 14.250005722 -12.141920090 -42.633625031 -0.565551221 -0.581134975 -0.408204108 0.419289201
1403638219045096960.000000 15.737790108 -12.494807243 -42.730205536 -0.629004359 -0.526348293 -0.429200262 0.378283232
1403638220545096960.000000 15.674632072 -13.156674385 -42.767318726 -0.625689209 -0.525174618 -0.447078645 0.364452153
1403638221045096960.000000 15.678271294 -13.424529076 -42.768569946 -0.630454481 -0.521307170 -0.446569383 0.362411141
1403638221345096960.000000 15.660523415 -13.574817657 -42.795467377 -0.635812283 -0.521348238 -0.441274375 0.359465837
1403638221845096960.000000 15.629845619 -13.795403481 -42.826068878 -0.637832463 -0.513472557 -0.439794034 0.368913084
1403638222345096960.000000 15.614266396 -13.992091179 -42.801284790 -0.639962912 -0.524129927 -0.436447680 0.353904963
1403638222845096960.000000 15.595355988 -14.119884491 -42.853000641 -0.633330107 -0.517362475 -0.446012825 0.363732845
1403638223245096960.000000 15.569499016 -14.215842247 -42.898143768 -0.641786516 -0.520220518 -0.433794200 0.359587580
1403638223545096960.000000 15.554243088 -14.284906387 -42.914752960 -0.647318780 -0.507001936 -0.425901711 0.377538353
1403638223845096960.000000 15.571413040 -14.343782425 -42.946872711 -0.634541750 -0.519738436 -0.445114434 0.359307408
1403638224145096960.000000 15.582578659 -14.395363808 -42.992759705 -0.637671649 -0.527885795 -0.440009534 0.347998738
1403638224445096960.000000 15.575695992 -14.416963577 -43.034427643 -0.637236953 -0.518590331 -0.441231400 0.360982031
1403638224745096960.000000 15.561663628 -14.426482201 -43.073471069 -0.640312791 -0.522944093 -0.436570674 0.354873389
1403638225095097088.000000 15.542728424 -14.419816971 -43.079895020 -0.636853397 -0.509733200 -0.439421564 0.376162767
1403638225595097088.000000 15.543251038 -14.397375107 -43.074588776 -0.620983064 -0.512628317 -0.459955215 0.374210626
1403638226045096960.000000 15.522463799 -14.403259277 -43.194023132 -0.641646922 -0.533363044 -0.427261353 0.348225206
1403638226345096960.000000 15.505512238 -14.378476143 -43.184146881 -0.640255153 -0.533406734 -0.428764403 0.348872125
1403638226645096960.000000 15.515638351 -14.365756035 -43.161777496 -0.639762700 -0.532794356 -0.429254353 0.350106448
1403638226995097088.000000 15.528468132 -14.353341103 -43.137714386 -0.640348315 -0.533094883 -0.428384602 0.349643409
1403638227295097088.000000 15.538066864 -14.342539787 -43.120990753 -0.640162051 -0.533415079 -0.428485990 0.349371791
1403638227595097088.000000 15.545949936 -14.330943108 -43.107543945 -0.640266180 -0.533525527 -0.428159505 0.349412531
1403638228095097088.000000 15.555987358 -14.308173180 -43.093505859 -0.640461326 -0.533712149 -0.427754432 0.349266201
1403638228595097088.000000 15.564292908 -14.278921127 -43.090881348 -0.640707970 -0.533773541 -0.427235216 0.349355549
