#Stereo rect[ms], MP culling[ms], MP creation[ms], LBA[ms], KF culling[ms], Total[ms]
9.234708,0.035680,0.413605,0.015553,0.015553,9.712506
9.445142,0.114273,1.066254,0.004384,0.004384,10.634469
9.626137,0.229475,5.775080,0.237219,0.237219,26.643981
10.141919,0.266371,15.226494,0.152898,0.152898,50.584952
11.080523,0.404453,15.299135,0.682376,0.682376,59.864972
11.951029,0.369925,17.092470,0.876843,0.876843,70.280719
12.524028,0.446086,24.629748,1.035021,1.035021,84.391583
12.242329,0.263715,24.557683,1.148719,1.148719,88.834199
13.227430,0.387749,27.197204,1.129550,1.129550,91.708955
14.115152,0.248484,34.467566,53.072152,53.072152,172.447180
14.899547,0.299907,37.212818,1.247759,1.247759,102.469633
11.549776,0.299620,28.620198,1.206703,1.206703,90.752718
16.916339,0.423429,39.136842,1.392881,1.392881,115.650245
18.493543,0.334533,37.479220,1.994169,1.994169,130.472799
19.104079,0.319812,39.570191,1.846871,1.846871,129.106990
18.359365,0.230371,39.745201,2.001177,2.001177,132.835388
18.695050,0.309988,45.334358,2.089338,2.089338,149.569006
13.493513,0.246723,31.557803,2.191644,2.191644,139.546833
19.773495,0.309604,50.070674,2.304189,2.304189,157.422128
17.755806,0.192355,45.032147,2.421310,2.421310,147.866169
22.076436,0.314116,52.849173,2.693538,2.693538,169.374822
13.694091,0.244771,37.114960,3.872880,3.872880,147.428435
21.852017,0.352581,50.254196,3.449387,3.449387,191.453593
18.302661,0.321540,40.811454,3.737679,3.737679,162.384238
13.823341,0.277187,33.511939,3.302250,3.302250,248.889799
16.681617,0.345220,37.784345,3.739087,3.739087,146.989134
15.570819,0.232130,35.048567,3.552109,3.552109,145.907200
21.539949,0.248804,53.556413,3.613549,3.613549,169.797131
23.117249,0.304292,52.882229,3.832144,3.832144,197.631687
20.912837,0.321797,42.558196,2.621057,2.621057,159.356808
20.942885,0.387781,53.246170,4.172660,4.172660,187.933997
24.760854,0.445861,65.265488,2.976902,2.976902,213.221546
25.834467,0.421765,57.476751,4.124436,4.124436,196.615610
26.175495,0.353605,52.156172,4.947134,4.947134,212.848517
17.149366,0.387525,38.113405,4.952574,4.952574,165.671319
10.593508,0.181698,25.368413,5.839209,5.839209,141.722667
11.400398,0.180034,23.917931,3.099719,3.099719,131.513484
12.443643,0.166466,27.281174,5.457701,5.457701,145.083382
17.802143,0.197698,42.527476,3.037734,3.037734,162.189548
17.059926,0.238051,47.154989,5.201793,5.201793,186.412795
15.143037,0.165378,34.664305,2.790307,2.790307,161.060861
15.813541,0.159010,43.439839,2.805987,2.805987,170.778487
9.559160,0.044224,0.524007,0.005440,0.005440,10.136319
9.477623,0.130369,1.203727,0.004480,0.004480,10.819880
9.812443,0.227843,1.679573,0.305060,0.305060,24.291568
10.251009,0.255459,7.010007,0.561863,0.561863,35.040918
10.713509,0.255972,15.218142,0.858827,0.858827,64.566439
11.623025,0.388101,15.560674,1.059629,1.059629,63.927743
12.332346,0.450085,22.574971,1.300528,1.300528,80.994612
13.320007,0.498630,27.841564,1.798582,1.798582,98.847252
9.459190,0.386949,23.766729,1.445042,1.445042,84.425151
9.984221,0.388708,29.192173,91.102931,91.102931,186.462555
9.641401,0.336868,22.561562,1.296688,1.296688,74.628229
15.272063,0.483622,43.309789,1.591444,1.591444,120.929768
16.054920,0.460806,41.332101,1.875767,1.875767,122.123510
16.755761,0.493190,41.763754,2.051514,2.051514,127.906783
16.998708,0.527431,43.370974,2.227676,2.227676,145.793342
14.825529,0.484550,41.762122,2.525471,2.525471,140.826112
16.637488,0.630888,47.111501,2.250492,2.250492,152.885559
11.393358,0.379173,31.947311,2.821924,2.821924,140.204825
13.162884,0.432838,34.666737,2.742147,2.742147,143.564803
17.217688,0.606087,51.074591,3.351338,3.351338,191.845343
16.553807,0.523911,40.017940,3.590477,3.590477,166.037756
9.026544,0.261796,24.364816,5.278082,5.278082,146.548104
16.153418,0.400101,34.648625,5.119488,5.119488,169.235108
8.892624,0.294275,22.633275,5.091360,5.091360,143.075133
8.666668,0.273956,22.723164,5.093535,5.093535,143.454113
8.791470,0.296068,21.831377,5.190017,5.190017,366.738505
8.603787,0.399109,24.073677,5.151841,5.151841,143.652644
15.014588,0.549735,48.512766,5.270402,5.270402,205.411208
11.038506,0.439173,28.778888,5.052287,5.052287,151.490246
15.672068,0.538215,43.260317,5.103328,5.103328,201.876316
16.297580,0.504070,44.513965,5.055359,5.055359,206.166834
13.393991,0.450342,32.394901,3.960818,3.960818,159.378153
11.158987,0.412517,35.774528,4.582106,4.582106,173.887358
8.937488,0.267843,19.551541,2.760034,2.760034,141.033059
9.054866,0.337764,22.125012,6.207886,6.207886,160.555288
8.214535,0.304387,19.609782,3.758799,3.758799,146.320261
8.743117,0.305956,21.941555,3.735118,3.735118,166.142365
8.644716,0.338693,21.708303,3.884369,3.884369,161.450019
9.075697,0.330085,21.773488,4.840157,4.840157,200.024549
10.518724,0.355620,26.357961,5.210530,5.210530,176.736386
8.876399,0.287428,21.887506,3.607438,3.607438,167.035945
16.145354,0.429093,38.055292,4.964350,4.964350,213.973491
12.492380,0.333188,30.750816,3.912881,3.912881,199.026456
12.219737,0.305252,29.213805,5.440068,5.440068,212.400800
17.528603,0.410053,41.866859,3.853968,3.853968,210.992557
17.969313,0.410597,44.944850,5.372099,5.372099,218.143015
17.344313,0.433350,44.577613,4.372950,4.372950,217.888740
13.747148,0.448549,39.393005,4.376855,4.376855,219.590649
17.698398,0.429093,40.658076,4.584377,4.584377,218.386667
14.891450,0.450053,36.883246,7.918499,7.918499,240.173210
8.824622,0.313860,22.488473,4.608217,4.608217,185.994965
8.963408,0.302339,23.279651,4.806140,4.806140,187.022306
15.249119,0.420261,38.562754,6.621971,6.621971,217.758499
14.638327,0.398021,36.482056,5.010591,5.010591,279.021376
11.337709,0.424806,31.189382,4.914109,4.914109,205.600618
18.500359,0.373317,52.747187,6.484081,6.484081,246.662956
17.719677,0.566439,53.660191,5.138176,5.138176,231.110313
17.914048,0.551591,50.411639,5.053503,5.053503,226.657714
15.726789,0.385956,42.795639,6.698420,6.698420,220.055007
11.686098,0.430854,33.007228,6.626547,6.626547,217.629697
18.281060,0.638344,50.320725,6.792693,6.792693,243.866185
18.538280,0.826026,52.964119,8.258343,8.258343,237.220726
18.895788,0.572039,51.898281,6.627987,6.627987,233.220036
17.268600,0.819594,52.217997,8.564843,8.564843,229.167217
18.007841,0.821578,54.678892,8.809294,8.809294,247.050064
18.009953,0.754634,48.172058,5.797032,5.797032,229.665143
18.793355,0.691145,51.686438,9.093682,9.093682,226.305486
19.585045,0.733513,56.305888,6.802069,6.802069,284.756200
16.212458,0.682633,40.333048,7.140538,7.140538,214.612155
13.453192,0.569191,32.924124,6.301903,6.301903,199.789058
14.537909,0.557031,35.339322,10.530787,10.530787,208.822002
21.262474,0.679688,55.627576,7.563358,7.563358,595.087568
11.177772,0.537479,30.764224,7.622816,7.622816,191.994913
19.763447,0.736457,58.118967,8.275463,8.275463,235.793892
12.121016,0.394117,34.385518,11.387598,11.387598,200.739822
15.985768,0.645736,36.174148,8.420169,8.420169,218.719630
13.111940,0.493638,31.494570,8.923535,8.923535,200.245159
20.216700,0.737001,57.991670,13.624107,13.624107,249.171243
20.264893,0.737161,52.676275,14.983676,14.983676,245.251802
14.645335,0.465893,35.079447,12.566141,12.566141,214.304343
12.047351,0.470886,30.770976,11.438159,11.438159,203.280942
21.099688,0.680041,52.614161,10.207552,10.207552,243.424964
14.077488,0.510823,39.475213,9.861563,9.861563,219.701659
20.765092,0.791658,50.151731,12.100311,12.100311,242.446679
12.318490,0.450086,32.361813,10.750791,10.750791,229.812218
20.697539,0.834091,49.434986,12.434492,12.434492,246.957008
19.861240,0.724745,50.211124,17.991425,17.991425,246.979760
9.712345,0.372069,24.344432,10.835655,10.835655,197.601510
11.846996,0.488294,30.818209,14.347507,14.347507,222.835554
9.660601,0.461669,26.215144,10.856904,10.856904,201.331797
10.215135,0.510119,27.912157,11.311758,11.311758,207.969512
10.114207,0.536902,29.616595,14.244370,14.244370,209.682718
9.917532,0.518695,29.022058,10.679846,10.679846,203.952694
11.729267,0.539591,33.167967,17.547804,17.547804,216.785911
8.712525,0.531270,25.084634,8.987440,8.987440,196.474872
10.712198,0.544487,29.481745,12.406523,12.406523,208.958389
10.890921,0.537318,31.324488,17.140342,17.140342,211.364979
12.560541,0.617576,34.447182,7.220154,7.220154,213.949939
8.483242,0.520134,25.841411,12.245145,12.245145,211.806968
8.149926,0.511815,23.563654,12.646206,12.646206,194.664098
9.770619,0.666280,27.733307,11.439599,11.439599,199.530207
10.273920,0.572263,30.191226,5.257154,5.257154,202.470755
11.827668,0.647592,36.772524,8.007524,8.007524,213.710288
7.735008,0.503911,23.582694,7.243354,7.243354,210.597737
14.172433,0.816138,48.500030,5.517093,5.517093,233.743434
7.721408,0.316388,21.387660,10.865928,10.865928,191.843390
14.693368,0.814218,47.326224,10.074142,10.074142,239.774966
8.108518,0.420453,23.078529,10.039901,10.039901,200.191143
8.979601,0.538598,23.201474,6.291759,6.291759,201.094707
8.767214,0.415717,21.811825,9.926012,9.926012,199.890435
15.020476,0.689480,43.410943,6.475985,6.475985,243.083135
13.604778,0.589447,25.632001,6.641523,6.641523,220.825161
14.860281,0.736330,44.232105,6.295887,6.295887,241.576780
15.281215,0.613160,44.291978,6.890358,6.890358,246.275079
16.027112,0.680521,42.211471,8.596939,8.596939,242.930781
15.796966,0.825194,42.151471,7.103960,7.103960,237.148501
15.329503,0.690441,49.661197,6.780853,6.780853,241.324809
15.783333,0.622728,45.898206,8.164390,8.164390,235.093595
15.394305,0.364932,29.570802,7.493277,7.493277,215.394085
10.168352,0.417637,29.955286,7.481021,7.481021,207.298144
8.392265,0.393669,25.157722,7.083161,7.083161,207.387713
11.897365,0.641000,44.633422,6.830454,6.830454,223.294504
10.638981,0.610375,40.404249,8.804302,8.804302,217.392350
12.665887,0.825130,46.589734,8.165542,8.165542,218.378123
12.134200,0.617608,46.316771,5.064863,5.064863,141.087236
12.190648,0.863275,46.216226,8.020580,8.020580,219.724027
10.972362,0.889931,42.131022,10.064829,10.064829,215.249220
7.548894,0.591144,21.497260,5.399075,5.399075,98.255372
12.591646,1.093101,42.546868,4.681082,4.681082,208.452398
12.822880,1.066958,41.082593,7.968804,7.968804,204.493949
10.791015,0.989484,41.486823,10.140735,10.140735,205.902254
13.606602,1.024045,42.549268,9.543128,9.543128,220.005887
14.659831,0.951404,42.889752,9.663576,9.663576,216.883735
15.249599,0.824842,45.703868,8.823567,8.823567,224.383958
12.673567,0.528262,25.273052,9.512439,9.512439,182.179910
16.260716,0.746313,46.270082,8.505546,8.505546,209.308281
9.455543,0.427429,24.971736,9.401078,9.401078,169.445191
15.675460,0.992909,44.428619,6.949079,6.949079,205.126789
15.078716,0.865611,47.933239,8.811214,8.811214,224.530711
14.643639,0.964364,39.808018,6.718196,6.718196,200.017541
13.971342,0.993709,43.457119,8.372553,8.372553,209.892096
13.762924,0.988492,42.108815,8.039012,8.039012,206.877466
13.743884,0.913580,38.385760,7.319548,7.319548,207.806471
10.813063,0.880875,25.363229,5.051519,5.051519,180.440656
14.547222,0.827626,37.492373,5.073055,5.073055,202.141184
11.878612,0.756874,28.111615,5.722920,5.722920,205.662315
9.457847,0.636968,25.431197,8.619340,8.619340,180.942231
13.041731,0.597192,30.141240,7.507294,7.507294,196.206453
9.036721,0.639048,29.908246,7.553278,7.553278,199.790178
13.387848,0.805482,43.647617,8.008548,8.008548,210.991278
10.596325,0.679816,33.520323,4.765564,4.765564,203.176397
13.945742,1.018861,49.082917,6.359599,6.359599,220.584038
10.789222,0.571848,30.323547,5.240385,5.240385,206.586230
15.576003,0.932203,46.278467,6.562802,6.562802,226.265037
8.007332,0.473638,23.528166,8.618827,8.618827,186.484347
11.972277,0.671337,32.646584,9.583095,9.583095,218.089798
8.416617,0.566023,21.495853,8.654988,8.654988,192.292804
9.870300,0.604455,27.934270,8.954640,8.954640,206.133970
8.490186,0.466310,24.228463,11.321837,11.321837,202.609381
8.910607,0.502246,27.275157,10.321761,10.321761,203.004106
8.997488,0.496679,27.930397,8.076517,8.076517,207.711301
8.308744,0.482950,26.613357,5.725671,5.725671,204.538077
9.227028,0.450341,27.544569,6.796725,6.796725,237.445177
16.564591,0.839243,53.345819,8.847150,8.847150,271.230303
9.801115,0.510982,35.175672,10.238752,10.238752,227.250937
8.265544,0.488998,29.529329,7.695904,7.695904,219.565145
8.489227,0.456677,30.699040,8.403049,8.403049,217.965286
16.055401,0.537927,48.862435,5.328962,5.328962,245.235226
13.166021,0.482694,47.094732,10.957513,10.957513,241.890640
12.324602,0.466534,41.522375,7.451485,7.451485,228.523689
9.286708,0.402341,39.454093,9.459799,9.459799,218.672718
13.406951,0.546535,49.468523,6.735860,6.735860,234.802359
13.770828,0.450566,47.558962,10.843432,10.843432,231.138890
13.870669,0.333636,49.943153,7.228186,7.228186,236.953682
17.789343,0.511622,67.564589,7.220314,7.220314,269.851182
15.400801,0.417989,61.705668,7.117689,7.117689,261.394501
12.982050,0.530215,57.736306,9.060785,9.060785,265.305141
10.803495,0.476838,47.022635,6.252270,6.252270,241.843759
13.955470,0.520167,55.766297,9.153586,9.153586,260.994975
14.379124,0.408773,47.385008,7.459261,7.459261,262.768502
16.725905,0.417637,55.979164,7.823426,7.823426,260.884990
9.350645,0.305796,30.945955,7.536831,7.536831,204.613951
13.734668,0.288291,47.290128,9.344341,9.344341,245.907235
13.841005,0.420517,55.792506,7.361820,7.361820,248.910408
11.894165,0.345092,39.363949,7.685248,7.685248,217.753955
9.062001,0.240323,28.799144,9.263988,9.263988,206.938555
10.775751,0.259907,32.260532,7.546622,7.546622,209.247448
11.402831,0.219427,35.319129,9.563799,9.563799,206.357076
19.077487,0.261571,53.814273,9.180051,9.180051,232.145783
17.711965,0.344549,55.755961,7.353884,7.353884,232.175671
19.711543,0.339748,66.488320,6.676371,6.676371,257.587957
15.078908,0.337028,43.075419,6.848501,6.848501,214.486841
11.980054,0.270915,36.287878,7.548319,7.548319,203.433840
20.206685,0.619304,47.714932,8.050533,8.050533,226.630002
18.980398,0.424517,47.675124,11.703122,11.703122,226.086891
9.052625,0.254211,27.344982,7.022871,7.022871,200.550795
10.463075,0.242723,29.809461,7.874434,7.874434,204.360379
10.096063,0.238499,29.091403,7.803137,7.803137,204.123481
20.994375,0.360484,56.515011,11.863829,11.863829,236.645711
21.054216,0.330468,59.035938,7.840258,7.840258,230.044093
21.648207,0.360580,57.374189,10.420898,10.420898,229.668760
14.785721,0.316196,42.719094,11.523568,11.523568,206.788250
15.238335,0.333828,39.946035,10.165215,10.165215,205.782253
11.634482,0.353860,33.885864,8.118054,8.118054,193.508372
12.089655,0.328676,33.434146,9.915548,9.915548,191.895391
13.927982,0.329380,38.287775,11.599473,11.599473,203.601202
20.707427,0.750089,53.293915,8.315176,8.315176,230.413601
14.483893,0.388037,38.257982,11.306221,11.306221,206.904443
11.981814,0.308931,32.310484,9.606680,9.606680,195.329194
13.243686,0.350628,37.073456,14.070128,14.070128,199.787266
10.852647,0.356869,31.689772,13.728523,13.728523,190.576654
13.489737,0.272644,36.640010,11.433327,11.433327,205.541386
10.699974,0.290371,32.787290,10.297857,10.297857,189.459297
20.186525,0.326212,56.656932,8.775630,8.775630,225.031390
12.800384,0.334500,43.054491,13.541161,13.541161,204.704607
20.862756,0.479238,52.851893,11.713266,11.713266,220.943594
12.243961,0.318244,32.048785,9.650905,9.650905,189.978215
16.387981,0.404005,41.650089,12.790880,12.790880,211.995579
12.608830,0.405285,33.588068,7.982532,7.982532,192.694441
17.519739,0.402309,43.627777,12.501916,12.501916,212.624162
12.399771,0.418565,35.900129,14.289203,14.289203,202.842888
12.940514,0.408741,33.016093,10.912424,10.912424,201.302581
15.044701,0.412261,34.945333,16.152074,16.152074,209.841632
21.555341,0.623528,56.697701,10.137695,10.137695,240.305564
15.930888,0.496294,48.847395,14.603415,14.603415,229.113393
16.667537,0.717609,53.162872,14.663640,14.663640,236.923379
16.321932,0.516838,38.641091,13.479305,13.479305,218.276841
18.744010,0.654984,53.395484,12.258073,12.258073,237.661147
18.927501,0.711913,55.527446,13.266534,13.266534,230.799590
10.702278,0.531686,35.239033,13.275910,13.275910,206.576823
11.817172,0.578791,30.939523,13.915438,13.915438,198.186126
11.103339,0.436805,29.617394,13.881965,13.881965,183.834586
18.767051,0.533126,55.266227,17.857696,17.857696,235.017659
17.721278,0.500742,49.514795,12.143863,12.143863,216.681269
18.225668,0.631176,54.790669,11.157228,11.157228,231.188011
18.986318,0.548807,54.551114,15.516290,15.516290,235.831685
19.897209,0.640424,55.838906,12.648510,12.648510,236.972563
20.844004,0.563176,59.739178,13.693067,13.693067,267.148940
21.017031,0.645064,53.598814,11.742290,11.742290,239.298736
21.674383,0.615912,56.751142,16.933651,16.933651,248.814023
17.074262,0.530406,40.904704,15.154653,15.154653,224.584344
11.744370,0.349573,31.559466,17.706078,17.706078,206.175442
11.214381,0.458341,33.206431,14.478773,14.478773,206.497718
9.713082,0.489638,27.534200,17.592220,17.592220,203.516305
9.572344,0.507174,27.456311,12.251450,12.251450,210.316070
10.278912,0.536135,30.780865,15.097949,15.097949,210.475272
8.480522,0.532167,27.104563,13.040515,13.040515,215.764810
15.456417,0.852107,47.120909,16.968532,16.968532,227.302554
9.624985,0.605895,33.227264,17.710782,17.710782,210.846125
8.174598,0.538855,29.566386,16.314828,16.314828,194.543264
10.246272,0.577607,40.769758,15.091773,15.091773,210.655914
8.592940,0.510470,37.684632,17.162615,17.162615,205.555339
9.434262,0.495078,40.683709,13.381512,13.381512,216.201904
9.453847,0.524646,40.604380,9.875132,9.875132,209.985058
8.432586,0.457893,34.088843,12.605725,12.605725,195.556653
10.972137,0.370405,43.877700,8.628651,8.628651,214.305591
8.982481,0.457477,31.700813,8.109125,8.109125,199.756066
10.846631,0.477350,37.015503,13.902125,13.902125,212.642914
8.909135,0.551495,30.414108,9.819323,9.819323,207.858183
8.952016,0.519911,29.381679,10.432706,10.432706,214.965056
9.020593,0.472582,30.882978,10.930793,10.930793,211.675063
16.246251,0.628520,53.493277,11.995958,11.995958,237.606619
16.379149,0.794250,59.901933,13.774860,13.774860,264.768847
10.308001,0.447365,35.561053,9.744826,9.744826,216.415314
8.996400,0.357317,29.805812,14.040528,14.040528,226.522064
9.188274,0.408902,30.400124,16.460494,16.460494,212.440192
9.681017,0.334020,30.315963,17.674877,17.674877,220.451300
9.140786,0.354436,31.738573,15.275455,15.275455,212.363743
9.368917,0.347460,31.650124,15.108989,15.108989,223.457546
9.458647,0.410085,32.120657,20.393119,20.393119,220.772201
9.093586,0.413445,29.757364,18.071330,18.071330,223.829231
17.473498,0.835371,62.188137,17.415226,17.415226,265.883996
17.437626,0.685289,66.193755,11.133772,11.133772,286.115034
17.990849,0.718152,62.117449,19.259729,19.259729,268.453500
10.870823,0.487719,34.843763,19.249136,19.249136,226.005833
9.380725,0.324932,29.529457,16.837618,16.837618,214.925183
10.423778,0.455302,31.928815,16.043304,16.043304,235.750243
9.803130,0.436742,31.201478,20.406047,20.406047,227.629566
10.728134,0.583719,36.574185,19.577237,19.577237,229.086832
19.352082,0.565671,58.932609,16.474478,16.474478,261.127937
20.049627,0.845450,66.722786,18.218884,18.218884,279.194787
19.120751,0.699752,56.157407,17.747070,17.747070,260.813821
19.221072,0.747210,59.541704,19.617621,19.617621,266.746887
18.845355,0.508999,61.200925,20.661442,20.661442,274.821196
11.506832,0.532166,37.720344,20.430943,20.430943,244.754004
10.333505,0.490023,36.894957,18.092514,18.092514,240.882116
10.803527,0.485734,39.354316,19.876729,19.876729,249.399279
15.147390,0.662504,47.572179,21.461901,21.461901,263.965285
13.482505,0.516262,43.466752,18.498951,18.498951,252.973435
13.539114,0.534758,44.628622,20.962918,20.962918,275.186193
10.277089,0.525350,32.945276,17.345657,17.345657,237.003156
13.047683,0.580424,42.627285,15.318784,15.318784,250.934594
10.058557,0.465382,34.596945,18.115234,18.115234,241.658285
9.914460,0.560135,34.052170,20.401215,20.401215,242.084947
15.809478,0.614279,44.979603,19.035310,19.035310,255.418938
18.406598,0.563751,50.660953,18.051778,18.051778,264.232072
20.442335,0.866283,57.097770,11.556176,11.556176,293.414644
20.982022,0.818122,65.096462,21.139144,21.139144,304.642209
21.443084,0.656552,70.243598,21.232874,21.232874,293.584823
19.704183,0.674504,50.610905,21.004839,21.004839,266.227617
19.864441,0.638440,47.714836,16.921140,16.921140,263.064602
15.893606,0.508231,44.693006,14.892890,14.892890,251.722539
24.100589,0.652008,64.390117,18.254597,18.254597,291.824001
24.043885,0.627624,63.053492,15.930216,15.930216,306.271190
24.605172,0.644200,54.925838,17.053718,17.053718,298.046607
25.673089,0.753961,66.194524,16.912884,16.912884,312.299297
15.065853,0.361316,43.431135,17.875231,17.875231,263.380829
26.724558,0.686888,71.563007,20.848773,20.848773,312.319713
13.882285,0.518151,40.876575,16.006664,16.006664,257.152079
19.936409,0.539943,46.078144,24.333521,24.333521,270.461142
19.281009,0.414950,48.208058,17.617052,17.617052,268.306491
25.756482,0.706761,79.078173,21.743728,21.743728,312.841960
11.317805,0.434918,31.684780,19.091118,19.091118,241.678958
13.035843,0.472998,41.991949,17.905504,17.905504,256.671977
10.867784,0.650280,35.400283,21.696623,21.696623,252.730840
10.066206,0.594055,35.478172,22.469912,22.469912,245.086264
10.007997,0.496870,40.768958,14.898810,14.898810,248.297664
9.741146,0.692777,38.836357,14.601910,14.601910,246.162598
10.719526,0.636904,39.550831,27.068819,27.068819,261.969996
15.997832,0.864203,59.527848,17.170359,17.170359,290.138156
9.158130,0.653801,32.391029,16.036585,16.036585,247.818491
17.304056,0.881291,60.046479,19.124431,19.124431,295.286252
10.714342,0.514503,37.025327,21.606670,21.606670,261.876683
10.805127,0.517766,37.833177,13.962959,13.962959,262.482290
13.884142,0.493958,50.433910,18.256964,18.256964,285.897047
15.163773,0.491846,54.886223,22.831006,22.831006,302.204835
11.587697,0.369861,42.243216,22.609179,22.609179,285.737429
12.175448,0.412485,45.137588,17.330297,17.330297,291.792384
11.990454,0.367172,42.001934,26.009061,26.009061,298.401363
15.072925,0.451109,54.418473,17.560764,17.560764,310.205383
16.441102,0.403141,53.769600,21.421484,21.421484,319.862432
16.346861,0.586567,56.592963,27.796347,27.796347,333.030724
19.671926,0.638440,58.856032,24.897463,24.897463,328.368202
12.277241,0.381445,38.178077,24.693909,24.693909,292.950703
24.762902,0.617128,73.754970,26.974929,26.974929,346.725296
18.563976,0.497414,50.404662,26.445227,26.445227,324.567418
17.604956,0.445350,53.613150,26.931025,26.931025,308.436401
24.992696,0.575495,76.766656,24.554963,24.554963,327.555903
18.661929,0.460870,48.949924,28.049727,28.049727,298.882233
28.068255,0.631304,75.532081,24.688821,24.688821,335.588677
21.349739,0.442725,57.224780,25.741538,25.741538,332.586174
29.810357,0.548327,72.012548,35.822048,35.822048,345.963878
23.294948,0.283459,54.523786,26.398378,26.398378,344.454068
15.814630,0.339684,40.988864,28.333058,28.333058,296.068086
23.049216,0.334308,54.673164,26.516556,26.516556,348.339172
16.081001,0.272676,41.234915,29.095755,29.095755,319.343802
16.206091,0.314628,43.716674,29.474609,29.474609,314.335355
16.623728,0.328068,52.713011,27.135667,27.135667,337.436411
27.216244,0.348388,59.968910,28.404291,28.404291,338.062403
24.503027,0.384037,67.425003,29.618419,29.618419,343.752459
34.564496,0.460422,75.563793,31.339752,31.339752,364.236586
33.128446,0.440646,67.651278,30.201946,30.201946,350.935908
21.286698,0.383877,53.640063,33.662661,33.662661,330.657223
27.634681,0.434278,56.625892,36.828077,36.828077,337.170968
30.754752,0.509511,63.782525,31.268263,31.268263,335.422562
31.450793,0.426117,59.924429,35.145528,35.145528,331.671219
18.980685,0.285540,42.325937,35.176184,35.176184,302.945004
21.035911,0.277475,47.025612,29.437552,29.437552,298.250737
20.708419,0.235587,40.939488,32.749530,32.749530,299.113949
29.720596,0.370052,62.787761,35.047606,35.047606,337.606717
18.127746,0.296452,40.590875,32.261204,32.261204,287.919184
12.610878,0.262723,31.140677,24.582100,24.582100,173.207510
16.951828,0.401925,52.072171,24.789110,24.789110,206.601368
