1403638538777829376.000000 3.405336380 4.365008354 1.259281754 -0.568588376 -0.615616679 -0.368722618 0.402202636
1403638539027829504.000000 3.403108835 4.376421928 1.259656191 -0.563395023 -0.609894693 -0.376661122 0.410780966
1403638539277829376.000000 3.399283648 4.396350384 1.285426855 -0.555878282 -0.599929869 -0.387714237 0.425160170
1403638539527829504.000000 3.395364046 4.418045998 1.356361628 -0.556444108 -0.604229450 -0.383808047 0.421862721
1403638542127829504.000000 2.684573650 5.331418991 1.683046937 -0.374130249 -0.735128641 -0.262107164 0.500911474
1403638542577829376.000000 2.359307289 5.473822117 1.724286556 -0.276705354 -0.762301743 -0.238686725 0.534189880
1403638542877829376.000000 2.127765179 5.511514664 1.766355991 -0.275832325 -0.769989312 -0.216085777 0.533235252
1403638543077829376.000000 1.969920039 5.507359982 1.824499965 -0.285309792 -0.772374332 -0.203669980 0.529674292
1403638543327829504.000000 1.767923474 5.497361183 1.876788974 -0.290844828 -0.770663977 -0.202920467 0.529442787
1403638544327829504.000000 0.877608061 5.416930199 2.025233030 -0.168982536 -0.807689309 -0.114575200 0.553132415
1403638545177829376.000000 0.074309602 5.372890949 2.119859934 -0.160705194 -0.806412399 -0.110376999 0.558291852
1403638545577829376.000000 -0.294134408 5.358272552 2.068534136 -0.151230216 -0.807029963 -0.103525996 0.561350524
1403638545927829504.000000 -0.619908214 5.342758179 2.066164017 -0.086226843 -0.818996191 -0.062671475 0.563810706
1403638546277829376.000000 -0.941014886 5.323943138 2.099699736 -0.027817374 -0.825222671 -0.031244189 0.563256323
1403638546677829376.000000 -1.314930797 5.292119503 2.115931273 -0.012971835 -0.826778591 -0.012898657 0.562230051
1403638547077829376.000000 -1.708998561 5.233887672 2.182267189 0.010092964 -0.828004301 -0.013539765 0.560467482
1403638547277829376.000000 -1.913312674 5.195057392 2.177144289 0.015973013 -0.828401744 -0.019378683 0.559571266
1403638548127829504.000000 -2.807420492 4.893655300 2.073067904 0.010210665 -0.829923630 -0.006251362 0.557748497
1403638548527829504.000000 -3.265276670 4.690747261 2.125297308 0.059863329 -0.829485893 0.031391397 0.554422438
1403638548777829376.000000 -3.569437504 4.554842949 2.165976763 0.078834869 -0.827597797 0.044676237 0.553959310
1403638549327829504.000000 -4.246534348 4.250477314 2.285962343 0.079522014 -0.825835526 0.053302020 0.555725515
1403638549727829504.000000 -4.754806519 4.028798103 2.407578468 0.073956139 -0.822235644 0.054918494 0.561643124
1403638549927829504.000000 -5.016038418 3.920967102 2.473313093 0.072413921 -0.824059069 0.055046879 0.559153497
1403638550327829504.000000 -5.559290409 3.727652311 2.700627565 0.071702607 -0.825511694 0.057822511 0.556817472
1403638550527829504.000000 -5.834110260 3.643501759 2.824530125 0.069452010 -0.825112402 0.063083082 0.557123482
1403638550777829376.000000 -6.179650307 3.551439762 2.945596218 0.065754130 -0.819156528 0.068228073 0.565688968
1403638551027829504.000000 -6.510553360 3.477001667 3.039477348 0.062739648 -0.805792391 0.070716806 0.584603846
1403638551427829504.000000 -6.963344097 3.431042671 3.192313910 0.045162149 -0.809913754 0.071251608 0.580451012
1403638553627829504.000000 -8.150469780 4.916659355 3.624604225 -0.039142061 -0.789328098 -0.027489839 0.612105668
1403638556177829376.000000 -6.588614464 7.030856609 4.001840115 -0.087907672 -0.820671201 -0.048786677 0.562486470
1403638558127829504.000000 -6.031861305 9.073977470 4.234639168 -0.083651245 -0.823672533 -0.054265454 0.558230579
1403638561027829504.000000 -7.070226192 11.998745918 4.157271385 -0.321111888 -0.735145390 -0.200826868 0.562242866
1403638563477829376.000000 -6.106107235 13.140995979 4.001324654 -0.552723646 -0.572759867 -0.381217659 0.470229536
1403638563677829376.000000 -5.921829224 13.146965981 3.977653027 -0.554510295 -0.577538848 -0.381757230 0.461767048
1403638563927829504.000000 -5.669847012 13.123326302 3.978075743 -0.555797517 -0.579950631 -0.373032540 0.464320064
1403638564227829504.000000 -5.325231552 13.052299500 3.976986408 -0.546305180 -0.585754693 -0.369966775 0.470708817
1403638566077829376.000000 -2.102913380 11.806986809 3.451396942 -0.534657896 -0.601866126 -0.388802856 0.448029637
1403638566777829376.000000 -0.821366847 11.059534073 3.030966043 -0.545346200 -0.626165628 -0.362881243 0.422884554
1403638566977829376.000000 -0.483763576 10.871682167 2.876305819 -0.550045907 -0.638030410 -0.349853665 0.409840465
1403638567177829376.000000 -0.159556776 10.718091011 2.725909710 -0.535252035 -0.624509037 -0.369330704 0.432537377
1403638567377829376.000000 0.149181023 10.568085670 2.530962706 -0.525634050 -0.617114842 -0.384063661 0.442010522
1403638568027829504.000000 1.024203658 10.109642982 2.081266165 -0.542719066 -0.623551428 -0.374070913 0.420369714
1403638569627829504.000000 2.143866539 9.526923180 1.674385667 -0.538428128 -0.629533172 -0.382559359 0.409184039
1403638572477829376.000000 3.460435390 8.914880753 1.179210901 -0.759830534 -0.336880147 -0.495295823 0.252688110
1403638573127829504.000000 4.276399612 8.632253647 1.202122092 -0.768301189 -0.333283216 -0.502330184 0.215174139
1403638573527829504.000000 4.817726612 8.572414398 1.232919216 -0.767690718 -0.337587655 -0.501513362 0.212532550
1403638573727829504.000000 5.094021320 8.582403183 1.276594281 -0.768575728 -0.334090501 -0.504601955 0.207489222
1403638573927829504.000000 5.380670547 8.626869202 1.345520139 -0.766601801 -0.310597003 -0.526939988 0.195411161
1403638574527829504.000000 6.187390804 8.710016251 1.399247885 -0.797317028 -0.155456260 -0.563266635 0.151161417
1403638574727829504.000000 6.443247318 8.699918747 1.419412136 -0.800842285 -0.137074724 -0.570054114 0.122068107
1403638575027829504.000000 6.799604893 8.660501480 1.469650745 -0.812742949 -0.133235469 -0.557262242 0.105622388
1403638575277829376.000000 7.103208065 8.630956650 1.469089508 -0.814816773 -0.124805011 -0.552934766 0.121492557
1403638575527829504.000000 7.413790703 8.583446503 1.442894578 -0.819634795 -0.133398101 -0.543807864 0.121147722
1403638576277829376.000000 8.471940041 8.491724968 1.595251679 -0.818951666 -0.161057606 -0.541624963 0.100104958
1403638576527829504.000000 8.861482620 8.510669708 1.657297134 -0.817506492 -0.171342671 -0.543345869 0.084262274
1403638576827829504.000000 9.335515022 8.597429276 1.687692642 -0.808886945 -0.174775228 -0.555756688 0.079309352
1403638577127829504.000000 9.793818474 8.740718842 1.699441552 -0.804605305 -0.160889521 -0.562928855 0.099177279
1403638577377829376.000000 10.148686409 8.884178162 1.733333111 -0.803237379 -0.166573554 -0.564621806 0.090913676
1403638578227829504.000000 11.245240211 9.540719032 1.855551243 -0.805662513 -0.157633603 -0.560032189 0.111460634
1403638578527829504.000000 11.603039742 9.809559822 1.903010488 -0.806528747 -0.150220126 -0.558982670 0.120348096
1403638578827829504.000000 11.953576088 10.052267075 1.902170181 -0.804537117 -0.156628653 -0.562400818 0.109054103
1403638579077829376.000000 12.228573799 10.257102013 1.916548610 -0.802509785 -0.161195949 -0.564975500 0.103906386
1403638579477829376.000000 12.633399963 10.606987953 1.998466492 -0.803342640 -0.151091561 -0.563139021 0.121187449
1403638579877829376.000000 13.006505966 10.934926033 2.020803690 -0.779153585 -0.208495975 -0.571954250 0.149390727
1403638582527829504.000000 13.968749046 12.111343384 2.090014219 -0.673321664 -0.445326746 -0.499430776 0.314469248
1403638585377829376.000000 12.892254829 12.315481186 2.633293867 -0.676957190 -0.444674224 -0.494387954 0.315554142
1403638586227829504.000000 12.241202354 12.233572006 2.747378826 -0.684815764 -0.445732296 -0.485969514 0.310135216
1403638589127829504.000000 9.622624397 11.915214539 2.667557478 -0.683503389 -0.439128458 -0.492679834 0.311858684
1403638589877829376.000000 8.913189888 11.751873016 2.600503206 -0.685239196 -0.440544069 -0.490947634 0.308769643
1403638590077829376.000000 8.733748436 11.699645042 2.581074953 -0.685870945 -0.439517349 -0.490788937 0.309082270
1403638591427829504.000000 7.578521729 11.349830627 2.524452209 -0.708866835 -0.449136108 -0.459592253 0.290791333
1403638592177829376.000000 7.215132236 11.470815659 2.480095863 -0.703891277 -0.442494422 -0.464757800 0.304525822
1403638592977829376.000000 7.106095791 11.787174225 2.779742241 -0.664358914 -0.505078673 -0.431787670 0.342172980
1403638593277829376.000000 7.138555050 11.940567017 2.872933388 -0.655678153 -0.506517708 -0.441560596 0.344311416
1403638594327829504.000000 7.157183170 12.451245308 3.248262644 -0.625219226 -0.512276590 -0.462512106 0.364357382
1403638595577829376.000000 6.890980244 12.539430618 3.574873924 -0.631475151 -0.513338983 -0.451413006 0.365989953
1403638596077829376.000000 6.764195442 12.499389648 3.562835693 -0.623867452 -0.522375703 -0.462671876 0.351920217
1403638597177829376.000000 5.700353622 12.419040680 3.723400831 -0.585495770 -0.552120030 -0.509405971 0.304735631
1403638597377829376.000000 5.301643848 12.425717354 3.746966600 -0.588902354 -0.543622613 -0.508367479 0.315009773
1403638597577829376.000000 4.846035004 12.429215431 3.748702288 -0.596093893 -0.526853740 -0.501556695 0.339909047
1403638597777829376.000000 4.354757786 12.411335945 3.742113113 -0.595369697 -0.527487159 -0.501437187 0.340371728
1403638597977829376.000000 3.835791588 12.372336388 3.718842745 -0.582627296 -0.543538213 -0.502499104 0.335568577
1403638598177829376.000000 3.280493736 12.317089081 3.701518774 -0.588027060 -0.540956557 -0.483492970 0.357525975
1403638598377829376.000000 2.697385311 12.244176865 3.720549107 -0.602819026 -0.536132514 -0.457947969 0.373436451
1403638598577829376.000000 2.125675440 12.158920288 3.695590734 -0.604312778 -0.540775657 -0.449206650 0.374941647
1403638598777829376.000000 1.564531565 12.071616173 3.650129318 -0.591668129 -0.556807518 -0.439339668 0.383242548
1403638598977829376.000000 1.017055988 11.979745865 3.627382755 -0.570941806 -0.578800023 -0.424496770 0.398520350
1403638599177829376.000000 0.476024210 11.882245064 3.634812355 -0.546448052 -0.602338314 -0.407038093 0.415816277
1403638599377829376.000000 -0.052129962 11.774366379 3.650786161 -0.520880580 -0.629484534 -0.387708277 0.426749349
1403638599577829376.000000 -0.577533126 11.665822983 3.671928644 -0.506170690 -0.646851957 -0.373609573 0.431033224
1403638599827829504.000000 -1.225830793 11.540259361 3.654577732 -0.504351914 -0.651184440 -0.367003977 0.432314932
1403638600127829504.000000 -1.985259295 11.414325714 3.603096008 -0.522540927 -0.639651239 -0.350614637 0.441437066
1403638600477829376.000000 -2.808417320 11.310155869 3.533814430 -0.551587522 -0.623304069 -0.319132715 0.453208208
1403638600727829504.000000 -3.295839071 11.293329239 3.540455103 -0.556127965 -0.624442279 -0.316347748 0.448015332
1403638600927829504.000000 -3.632526875 11.317197800 3.570260286 -0.549166918 -0.640018761 -0.324169189 0.428609401
1403638601127829504.000000 -3.937158585 11.374547958 3.588021040 -0.536389947 -0.651136398 -0.339818865 0.415728867
1403638601327829504.000000 -4.231837273 11.469424248 3.579018116 -0.518146932 -0.651753485 -0.361844152 0.419297099
1403638601527829504.000000 -4.536174774 11.580408096 3.563459158 -0.501422882 -0.652030110 -0.354823321 0.444446057
1403638601727829504.000000 -4.842109203 11.688137054 3.602613211 -0.466269046 -0.673065484 -0.339872450 0.462669224
1403638601977829376.000000 -5.226603031 11.808250427 3.684095383 -0.408201545 -0.707206070 -0.314408541 0.484126359
1403638602227829504.000000 -5.611116409 11.903022766 3.745617867 -0.370460600 -0.725588858 -0.298515707 0.497160196
1403638602477829376.000000 -6.013101578 11.962931633 3.796374321 -0.325061709 -0.715770245 -0.268820912 0.556545854
1403638604377829376.000000 -6.653091908 11.071298599 4.092428684 -0.171323135 -0.778632700 -0.152514696 0.584053874
1403638604677829376.000000 -6.539227486 10.762964249 4.097743511 -0.181009918 -0.791494668 -0.140556008 0.566582441
1403638605127829504.000000 -6.339359283 10.291273117 4.106882095 -0.193827182 -0.807886958 -0.123429216 0.542692304
1403638605477829376.000000 -6.220280170 9.972661018 4.149146080 -0.176003709 -0.805613458 -0.148013771 0.545986772
1403638605777829376.000000 -6.150532246 9.688405037 4.161681652 -0.160180867 -0.799461722 -0.168519050 0.553899348
1403638606477829376.000000 -6.140773296 8.774061203 4.212062836 -0.176958784 -0.810954928 -0.154328734 0.535929441
1403638606677829376.000000 -6.180952549 8.457872391 4.170962811 -0.187799111 -0.817854166 -0.131443769 0.527795911
1403638606927829504.000000 -6.276214123 8.090354919 4.109060287 -0.160816908 -0.831031144 -0.104009606 0.522213876
1403638607177829376.000000 -6.423804283 7.750811577 4.078554630 -0.124114439 -0.832320094 -0.069918960 0.535677254
1403638607677829376.000000 -6.782378674 7.184509754 3.996745110 -0.101117395 -0.815399230 -0.050459683 0.567761660
1403638607927829504.000000 -6.953598499 6.942965031 3.905983210 -0.105889559 -0.816240788 -0.048539210 0.565846503
1403638608727829504.000000 -7.407754421 6.364416122 3.413706541 -0.100979432 -0.797017455 -0.066699706 0.591707170
1403638609227829504.000000 -7.547065258 6.064836025 3.170010805 -0.109471671 -0.805203378 -0.053879045 0.580310702
1403638609477829376.000000 -7.582756996 5.950292110 3.057791948 -0.109457053 -0.805588424 -0.054992579 0.579674423
1403638609777829376.000000 -7.600468159 5.843560696 2.876684666 -0.105198264 -0.807372689 -0.061672844 0.577303469
1403638610177829376.000000 -7.596539497 5.738809109 2.692924976 -0.104326338 -0.800267339 -0.062830724 0.587146163
1403638610627829504.000000 -7.519236088 5.663759232 2.457661629 -0.102584034 -0.785704792 -0.066076107 0.606447399
1403638610927829504.000000 -7.389032841 5.623352051 2.311733007 -0.104782335 -0.798240602 -0.058827013 0.590230525
1403638611377829376.000000 -7.110074043 5.596595287 2.125577688 -0.097577602 -0.795081615 -0.065149337 0.595045805
1403638611677829376.000000 -6.875001907 5.580692768 2.042588234 -0.085416123 -0.801679909 -0.086531237 0.585257053
1403638612027829504.000000 -6.583340645 5.530048370 1.937585592 -0.105301246 -0.807008326 -0.062595606 0.577694535
1403638612327829504.000000 -6.326353550 5.500478745 1.874740839 -0.108645663 -0.807870626 -0.060481332 0.576092958
1403638612627829504.000000 -6.067880630 5.491268635 1.818847179 -0.104340725 -0.805229366 -0.072797269 0.579153895
1403638612877829376.000000 -5.851646900 5.483104229 1.737111807 -0.103511997 -0.801641643 -0.082309835 0.582993269
1403638613127829504.000000 -5.629521847 5.457959175 1.678612590 -0.108777113 -0.802841723 -0.079229861 0.580805838
1403638613377829376.000000 -5.404548168 5.421704769 1.666978002 -0.109873727 -0.804570436 -0.079020254 0.578230202
1403638613827829504.000000 -4.998431683 5.345347881 1.615120292 -0.128991261 -0.790625572 -0.082336396 0.592868507
1403638614127829504.000000 -4.691862106 5.295114040 1.519393682 -0.166784629 -0.786795318 -0.113333628 0.583345056
1403638614377829376.000000 -4.415605545 5.252019405 1.448531747 -0.202988192 -0.784673989 -0.136818171 0.569528937
1403638614627829504.000000 -4.133735657 5.206220627 1.425138950 -0.228150278 -0.779093862 -0.144437239 0.565772057
1403638614877829376.000000 -3.843572378 5.174618244 1.453354836 -0.274664044 -0.772583723 -0.148832381 0.552741468
1403638615127829504.000000 -3.540217638 5.177471638 1.521400094 -0.326361179 -0.755634189 -0.188488364 0.535702705
1403638615377829376.000000 -3.226979971 5.208870888 1.610471964 -0.375721395 -0.724063456 -0.250275046 0.521467090
1403638615627829504.000000 -2.917914629 5.242133141 1.672454476 -0.426717401 -0.692271233 -0.292806238 0.502928793
1403638615877829376.000000 -2.616922617 5.267334461 1.736930728 -0.454457313 -0.674919128 -0.308371872 0.492807925
1403638616127829504.000000 -2.314851046 5.286308289 1.790036798 -0.479842454 -0.657529056 -0.325745970 0.480932862
1403638616377829376.000000 -2.007648230 5.299531937 1.760780811 -0.516532540 -0.630717874 -0.347916305 0.462972254
1403638616627829504.000000 -1.699345589 5.308823586 1.674460530 -0.546764314 -0.611262202 -0.362100363 0.443047076
1403638616877829376.000000 -1.392942190 5.325750828 1.568235040 -0.574146390 -0.611094296 -0.341415107 0.424682677
1403638617227829504.000000 -0.949706733 5.418919563 1.490886092 -0.555885792 -0.616342425 -0.364034027 0.422601789
1403638617877829376.000000 -0.201306999 5.751220226 1.595146060 -0.543750346 -0.634261310 -0.360526025 0.414812177
1403638618177829376.000000 0.086915091 5.976567745 1.704095721 -0.541711926 -0.634531260 -0.357749790 0.419444084
1403638618527829504.000000 0.383939356 6.273365974 1.774761558 -0.537211180 -0.636413693 -0.358885974 0.421405554
1403638618877829376.000000 0.636887312 6.607808113 1.837989569 -0.542386413 -0.628167927 -0.369538784 0.417927384
1403638619227829504.000000 0.850987077 6.965025902 1.895057917 -0.574731648 -0.584054649 -0.407217115 0.403407812
1403638621927829504.000000 2.480264664 8.601745605 1.661979914 -0.614410460 -0.516452968 -0.459907502 0.379817396
1403638624277829376.000000 3.023631573 7.475497246 1.674937725 -0.634425581 -0.508856654 -0.446824580 0.372715622
1403638624777829376.000000 3.070896387 6.990898609 1.627007842 -0.625844538 -0.506260514 -0.456265748 0.379263043
1403638625077829376.000000 3.095662832 6.665890217 1.633129358 -0.623658359 -0.521144032 -0.440742135 0.381058604
1403638625427829504.000000 3.128597498 6.284855366 1.623039603 -0.622189105 -0.524374485 -0.433584958 0.387190253
1403638625727829504.000000 3.172397614 5.960985184 1.643758059 -0.624789715 -0.527532637 -0.429599762 0.383133411
1403638626027829504.000000 3.227882385 5.651659966 1.661364198 -0.629949391 -0.531127334 -0.424114883 0.375758201
1403638626327829504.000000 3.296754360 5.367357731 1.637967587 -0.626755834 -0.531604409 -0.430259794 0.373430490
1403638626627829504.000000 3.362231255 5.102685452 1.591083050 -0.623589456 -0.535303593 -0.434100658 0.368975610
1403638626977829376.000000 3.416771889 4.840394974 1.567648768 -0.630782008 -0.540289640 -0.422701329 0.362663388
1403638627327829504.000000 3.464113712 4.639459610 1.554186940 -0.628396273 -0.542105973 -0.424178183 0.362370163
1403638627627829504.000000 3.501433372 4.514456272 1.524366379 -0.625382364 -0.541332066 -0.429372549 0.362623453
1403638627927829504.000000 3.525978804 4.423487186 1.490662932 -0.622420013 -0.540512085 -0.434152931 0.363251030
1403638628227829504.000000 3.528244019 4.351974010 1.454867721 -0.624986112 -0.542238891 -0.432711810 0.357952386
1403638628577829376.000000 3.507464170 4.314628124 1.433323503 -0.628405452 -0.527358174 -0.429544240 0.377480745
1403638628877829376.000000 3.493247032 4.285599709 1.424284935 -0.628312409 -0.524311960 -0.430855364 0.380373687
1403638629177829376.000000 3.492118835 4.252628326 1.384860158 -0.622636318 -0.532823980 -0.438576788 0.368881017
1403638629477829376.000000 3.484871864 4.226388931 1.371476889 -0.629011750 -0.537806809 -0.430332333 0.360447377
1403638629877829376.000000 3.459319353 4.240563869 1.387054682 -0.635723889 -0.517820895 -0.422740042 0.386014938
1403638630227829504.000000 3.463338852 4.259003639 1.321476102 -0.619915605 -0.525555670 -0.445838392 0.375132143
1403638630527829504.000000 3.458740950 4.283505917 1.276935339 -0.622747302 -0.528039634 -0.438538611 0.375558019
1403638630827829504.000000 3.454930067 4.300927639 1.183122396 -0.624727011 -0.539976776 -0.429778278 0.365283281
1403638631377829376.000000 3.417697191 4.154808521 0.916841149 -0.618864298 -0.543940902 -0.436166078 0.361793339
