1403638538627829504.000000 -1.506875396 0.344409674 0.546375215 -0.573417008 -0.612224817 -0.371172428 0.398252100
1403638538927829504.000000 -1.508927464 0.353679806 0.543086767 -0.570006549 -0.610170424 -0.374431342 0.403219372
1403638539227829504.000000 -1.512349010 0.373107672 0.562271714 -0.560874164 -0.596889853 -0.389775068 0.420972943
1403638539477829376.000000 -1.516110778 0.394138843 0.625700951 -0.560681283 -0.599548042 -0.387540847 0.419512689
1403638539977829376.000000 -1.523522377 0.446512401 0.722379088 -0.563619554 -0.610039890 -0.375469983 0.411347270
1403638541127829504.000000 -1.673103929 0.894423664 0.805087745 -0.447467476 -0.693474650 -0.326635867 0.460624486
1403638541477829376.000000 -1.808305264 1.052194118 0.811331213 -0.431952298 -0.703662753 -0.314989299 0.468035936
1403638541827829504.000000 -2.006669998 1.200907350 0.893112957 -0.418642133 -0.707982183 -0.301305532 0.482405424
1403638542127829504.000000 -2.209552526 1.308786035 0.974631429 -0.379237384 -0.732534945 -0.265308261 0.499182552
1403638542577829376.000000 -2.532944918 1.454317212 1.018540263 -0.282038152 -0.760332167 -0.242073268 0.532681823
1403638543327829504.000000 -3.126216173 1.484777451 1.174486160 -0.296298444 -0.768597901 -0.206141889 0.528176248
1403638543627829504.000000 -3.377706051 1.474001646 1.200128436 -0.273447812 -0.778953254 -0.193957716 0.529942155
1403638544577829376.000000 -4.269372463 1.411925673 1.343086839 -0.172728226 -0.805470288 -0.117073983 0.554685712
1403638544727829504.000000 -4.416888714 1.408364773 1.365404606 -0.168008819 -0.799154937 -0.117413476 0.565100431
1403638545127829504.000000 -4.795299530 1.401243687 1.404052854 -0.167074963 -0.804002821 -0.112754412 0.559420943
1403638545477829376.000000 -5.115851402 1.398754478 1.365373731 -0.163484529 -0.802957356 -0.111679345 0.562192261
1403638545927829504.000000 -5.519982338 1.381933928 1.359833956 -0.092268810 -0.818234980 -0.064604193 0.563741267
1403638546227829504.000000 -5.785637379 1.367914915 1.403388262 -0.037927244 -0.824219346 -0.036255457 0.563834667
1403638546877829376.000000 -6.400064945 1.311290383 1.426919222 -0.005758992 -0.826116204 -0.011490877 0.563353240
1403638547077829376.000000 -6.598691463 1.282274485 1.456062198 0.003573589 -0.826699913 -0.015262982 0.562424779
1403638547677829376.000000 -7.219641209 1.119737864 1.435812831 -0.005699516 -0.827863038 -0.006807834 0.560860097
1403638548477829376.000000 -8.126735687 0.776749969 1.393721223 0.046906147 -0.828279793 0.026175009 0.557734013
1403638548627829504.000000 -8.308325768 0.699361145 1.417775393 0.062582627 -0.826667130 0.037393529 0.557948709
1403638549077829376.000000 -8.866158485 0.461815029 1.495752096 0.076614939 -0.825668991 0.049237713 0.556755364
1403638549227829504.000000 -9.052639008 0.380711675 1.547540188 0.075544506 -0.825005829 0.050529528 0.557767987
1403638549527829504.000000 -9.438585281 0.217417642 1.666036606 0.069034874 -0.823910475 0.055661231 0.559738934
1403638549977829376.000000 -10.026336670 -0.011341721 1.815764189 0.066803329 -0.823859811 0.055206262 0.560129225
1403638550427829504.000000 -10.648447037 -0.217531085 2.086812019 0.067013316 -0.823869646 0.058085408 0.559798419
1403638550827829504.000000 -11.206455231 -0.367994010 2.282052517 0.061034717 -0.815423667 0.066733979 0.571756482
1403638550977829376.000000 -11.409881592 -0.409810960 2.338427782 0.059575096 -0.806429088 0.067936242 0.584386468
1403638551277829376.000000 -11.775707245 -0.462231994 2.444767714 0.054520901 -0.802165329 0.074571550 0.589913011
1403638551427829504.000000 -11.933038712 -0.465876132 2.505428553 0.040460423 -0.808315754 0.069549851 0.583224952
1403638554377829376.000000 -12.719629288 1.718195081 3.157131195 -0.042300738 -0.816237807 -0.032489803 0.575248539
1403638556527829504.000000 -11.382399559 3.463445902 3.383529425 -0.096533343 -0.829408050 -0.047478218 0.548187375
1403638559427829504.000000 -11.259819984 6.679313183 3.846507549 -0.088747695 -0.819755256 -0.062317215 0.562353849
1403638561627829504.000000 -11.849481583 8.610224724 3.503074408 -0.366307884 -0.724450111 -0.251653671 0.526935458
1403638561827829504.000000 -11.779939651 8.729583740 3.471850157 -0.362926543 -0.727477431 -0.253368556 0.524275959
1403638562177829376.000000 -11.640225410 8.913927078 3.397334814 -0.383155257 -0.716175854 -0.273643374 0.515173376
1403638563677829376.000000 -10.736981392 9.310209274 3.320146322 -0.557647884 -0.574528635 -0.382621497 0.461027592
1403638564077829376.000000 -10.311443329 9.249288559 3.324879885 -0.555338979 -0.578777909 -0.370506197 0.468337387
1403638564477829376.000000 -9.790166855 9.114023209 3.334232330 -0.537696242 -0.587681711 -0.374896705 0.474305242
1403638564927829504.000000 -9.101481438 8.857006073 3.352590322 -0.546618819 -0.584377348 -0.360214531 0.479537785
1403638565077829376.000000 -8.846759796 8.753599167 3.301238060 -0.547742009 -0.583688557 -0.358408809 0.480447203
1403638565227829504.000000 -8.579383850 8.647540092 3.218592405 -0.548227310 -0.584746420 -0.357698947 0.479134679
1403638566177829376.000000 -6.708293915 7.817970276 2.783816099 -0.539523780 -0.599762022 -0.387156308 0.446440965
1403638566777829376.000000 -5.624104023 7.176445007 2.384918213 -0.550460160 -0.622923911 -0.361240417 0.422450930
1403638566927829504.000000 -5.372196198 7.029732704 2.258511543 -0.554374099 -0.633321226 -0.350569844 0.410699844
1403638567127829504.000000 -5.051097870 6.861812115 2.088911057 -0.543390334 -0.625893116 -0.363366365 0.425381720
1403638567427829504.000000 -4.599015713 6.637541771 1.812069297 -0.530609965 -0.613871932 -0.384766996 0.439964533
1403638567777829376.000000 -4.117374897 6.366633892 1.535133362 -0.540310800 -0.620424569 -0.380009085 0.422765493
1403638568027829504.000000 -3.815258265 6.194237232 1.397642374 -0.545382619 -0.621752381 -0.375898987 0.417949617
1403638568277829376.000000 -3.546682119 6.045359135 1.307725668 -0.542679608 -0.622225046 -0.381472111 0.415709049
1403638570377829376.000000 -2.720736265 5.585317612 0.946767211 -0.549906731 -0.612657845 -0.374844044 0.426315516
1403638572827829504.000000 -0.943031907 4.811121941 0.510968029 -0.768529713 -0.324520975 -0.505365133 0.220577210
1403638573227829504.000000 -0.422984898 4.682358265 0.558850348 -0.769320548 -0.333538741 -0.500310063 0.215841502
1403638573377829376.000000 -0.221499518 4.658242702 0.569467664 -0.769049704 -0.335986257 -0.498777777 0.216556326
1403638573727829504.000000 0.263356298 4.657331467 0.639160872 -0.770397305 -0.333797127 -0.502738714 0.205721557
1403638574127829504.000000 0.823368311 4.738888264 0.729794979 -0.774305463 -0.253309757 -0.545508146 0.196738854
1403638574277829376.000000 1.024492145 4.766420364 0.740818322 -0.782304883 -0.208167464 -0.555518270 0.189907685
1403638574477829376.000000 1.284768462 4.779561043 0.742372870 -0.795911551 -0.164611980 -0.561303079 0.156097814
1403638574777829376.000000 1.661220789 4.760804176 0.770451427 -0.803343892 -0.136143193 -0.568671167 0.112768926
1403638575227829504.000000 2.198599339 4.711699009 0.814435720 -0.815839052 -0.125222757 -0.552444041 0.116325520
1403638575627829504.000000 2.699280977 4.638873100 0.784266591 -0.821701467 -0.142361000 -0.540605783 0.110840201
1403638576427829504.000000 3.860705853 4.574150562 0.965257525 -0.818522334 -0.165302426 -0.542788804 0.089870036
1403638576877829376.000000 4.562280178 4.687794209 1.022199273 -0.808532178 -0.172618613 -0.557009220 0.078862660
1403638577177829376.000000 5.007293224 4.837474346 1.027396441 -0.805941880 -0.157905862 -0.561891854 0.098999374
1403638578027829504.000000 6.142741680 5.426849842 1.148509026 -0.806210041 -0.165945947 -0.560243249 0.092816502
1403638578377829376.000000 6.567428589 5.737370014 1.205427170 -0.807198763 -0.151517153 -0.558442295 0.116683431
1403638578777829376.000000 7.038745403 6.067103863 1.228074789 -0.805612564 -0.154981107 -0.561484635 0.108186774
1403638578977829376.000000 7.264203072 6.224611282 1.223692298 -0.803897321 -0.161956429 -0.563651383 0.099077560
1403638579427829504.000000 7.739347458 6.609433651 1.301081777 -0.804552317 -0.154544085 -0.562153697 0.113114737
1403638580527829504.000000 8.565059662 7.446874142 1.218944073 -0.702937722 -0.398344070 -0.508174896 0.298259854
1403638580777829376.000000 8.670038223 7.575635910 1.154512048 -0.689999580 -0.439692110 -0.479955316 0.316566646
1403638581277829376.000000 8.869609833 7.782444000 1.159492493 -0.681498230 -0.458498716 -0.473672688 0.317762822
1403638582877829376.000000 9.097393036 8.212159157 1.542373180 -0.679462135 -0.445490181 -0.494423479 0.308893353
1403638585777829376.000000 7.624795437 8.258158684 2.061079264 -0.690520406 -0.448925674 -0.478855640 0.303882748
1403638588127829504.000000 5.721805096 8.121246338 2.048220873 -0.685769558 -0.440660775 -0.490254998 0.308526158
1403638588927829504.000000 4.986400127 8.030941010 1.993239045 -0.685415685 -0.437933326 -0.490694314 0.312472075
1403638589277829376.000000 4.652452469 7.970724106 1.947733998 -0.684686601 -0.436994821 -0.492719591 0.312197566
1403638591477829376.000000 2.724117994 7.421221733 1.839262247 -0.713157892 -0.446197957 -0.455337703 0.291514784
1403638591777829376.000000 2.554017782 7.435664654 1.794789076 -0.715429842 -0.445867896 -0.452234834 0.291282713
1403638592627829504.000000 2.315489292 7.725066185 1.942244172 -0.670450568 -0.476758331 -0.450672686 0.346542478
1403638593027829504.000000 2.306942701 7.876681328 2.118051529 -0.665795267 -0.505041122 -0.429386526 0.342457950
1403638594677829376.000000 2.271662235 8.578229904 2.714749336 -0.624971986 -0.511543393 -0.459602803 0.369457424
1403638595777829376.000000 2.013598204 8.578139305 2.892742634 -0.631799757 -0.514563441 -0.454955488 0.359261990
1403638596227829504.000000 1.885477185 8.530297279 2.847461700 -0.618890762 -0.529120743 -0.472780973 0.336873353
1403638596627829504.000000 1.637766957 8.489290237 2.866743803 -0.600177467 -0.546017826 -0.493641406 0.313001305
1403638597077829376.000000 1.056782603 8.471580505 3.012712240 -0.589787304 -0.551199138 -0.506258488 0.303369164
1403638597377829376.000000 0.484495282 8.471945763 3.069399595 -0.591927111 -0.541483581 -0.508075058 0.313492715
1403638597477829376.000000 0.263552248 8.470831871 3.076230526 -0.595362723 -0.534429312 -0.505173922 0.323616952
1403638597577829376.000000 0.031074543 8.467581749 3.077800035 -0.599891841 -0.524794936 -0.500438511 0.338055491
1403638597727829504.000000 -0.331087589 8.456009865 3.071367264 -0.601220250 -0.521125555 -0.499573588 0.342620343
1403638597927829504.000000 -0.838683188 8.427186012 3.046403408 -0.588343263 -0.538645744 -0.503172934 0.332460463
1403638598077829376.000000 -1.244680285 8.397336006 3.027191877 -0.583692789 -0.543195903 -0.498919725 0.339588135
1403638598227829504.000000 -1.672792077 8.357011795 3.020500422 -0.595281720 -0.536076665 -0.476784170 0.361854017
1403638598377829376.000000 -2.107018471 8.308097839 3.015500069 -0.604860783 -0.532852352 -0.460316181 0.371915102
1403638598527829504.000000 -2.537849426 8.254101753 2.999126911 -0.607572258 -0.534024537 -0.453586489 0.374076366
1403638598677829376.000000 -2.963620901 8.195640564 2.966713667 -0.602283537 -0.543511868 -0.446768284 0.377157062
1403638598827829504.000000 -3.383769274 8.135400772 2.936772585 -0.589863241 -0.556598961 -0.438570142 0.387188852
1403638598977829376.000000 -3.797669649 8.072175026 2.917592287 -0.573853970 -0.574232817 -0.427773476 0.397439659
1403638599077829376.000000 -4.071211338 8.028614044 2.911478519 -0.562029123 -0.585735202 -0.419462144 0.406311661
1403638599227829504.000000 -4.479098320 7.958513737 2.914559841 -0.542734146 -0.604788303 -0.406646788 0.417503625
1403638599377829376.000000 -4.883664131 7.883713245 2.932087898 -0.525126338 -0.624688983 -0.390333056 0.426199615
1403638599527829504.000000 -5.282935619 7.806439400 2.960690737 -0.512817979 -0.639092088 -0.379083902 0.429970384
1403638599677829376.000000 -5.676339626 7.729681492 2.978557110 -0.508705258 -0.646102130 -0.371142834 0.431305110
1403638600027829504.000000 -6.573866367 7.568614960 2.962427616 -0.517820477 -0.640616536 -0.361850411 0.436505228
1403638600477829376.000000 -7.640870571 7.433960438 2.883496046 -0.554727793 -0.620631635 -0.322166711 0.450890243
1403638600677829376.000000 -8.038829803 7.417232513 2.880451679 -0.558877945 -0.620007634 -0.319237888 0.448701799
1403638600827829504.000000 -8.302920341 7.426948547 2.897863626 -0.559650123 -0.627015948 -0.317593366 0.439063936
1403638600977829376.000000 -8.542363167 7.456161022 2.920435190 -0.547597528 -0.641733766 -0.333097965 0.421142012
1403638601127829504.000000 -8.771286964 7.504602909 2.931787968 -0.538883746 -0.647943556 -0.343633980 0.414353937
1403638601277829376.000000 -8.996544838 7.569979668 2.934113503 -0.525789857 -0.649932146 -0.361010790 0.413284868
1403638601427829504.000000 -9.226669312 7.648115635 2.935101271 -0.516698837 -0.646931410 -0.361558229 0.428693056
1403638601577829376.000000 -9.460715294 7.731039047 2.948066473 -0.498930395 -0.653228343 -0.353854120 0.446260482
1403638601727829504.000000 -9.695241928 7.814277649 2.972905397 -0.471862704 -0.670613885 -0.341654062 0.459233284
1403638601877829376.000000 -9.931618690 7.891915321 3.013576269 -0.434397608 -0.692214012 -0.328130573 0.473781466
1403638602177829376.000000 -10.406666756 8.027862549 3.086272478 -0.385104179 -0.720259845 -0.301710993 0.491824269
1403638602327829504.000000 -10.647625923 8.082805634 3.105008602 -0.358024269 -0.726839066 -0.293830216 0.507136583
1403638602477829376.000000 -10.890634537 8.121295929 3.136106014 -0.331538647 -0.712372005 -0.270673335 0.556187212
1403638602927829504.000000 -11.435087204 8.084720612 3.315766335 -0.255675167 -0.723686337 -0.202879325 0.608069301
1403638603877829376.000000 -11.653443336 7.622440338 3.481271505 -0.177951634 -0.774843216 -0.156276509 0.586113393
1403638604977829376.000000 -11.309598923 6.597928524 3.429917097 -0.196902692 -0.796169579 -0.132628962 0.556554615
1403638605277829376.000000 -11.184144020 6.294651985 3.474513292 -0.199228793 -0.809135318 -0.129160494 0.537518024
1403638605677829376.000000 -11.081443787 5.927814007 3.509280682 -0.167418033 -0.797864318 -0.171972886 0.553000152
1403638606127829504.000000 -11.039722443 5.405470848 3.573163509 -0.161673322 -0.800503433 -0.183662385 0.547105372
1403638606277829376.000000 -11.044652939 5.196645737 3.582875252 -0.161237583 -0.802096486 -0.186100498 0.544068336
1403638606727829504.000000 -11.130403519 4.507344246 3.516716957 -0.188819602 -0.820373833 -0.133610278 0.522955298
1403638606877829376.000000 -11.189369202 4.285930634 3.473952293 -0.172450542 -0.827976346 -0.116568722 0.520699382
1403638607027829504.000000 -11.271018982 4.076127052 3.442064047 -0.147258252 -0.833331585 -0.096208356 0.524039567
1403638607177829376.000000 -11.370871544 3.880060911 3.430706501 -0.127751872 -0.831478298 -0.075273052 0.535403907
1403638607477829376.000000 -11.597723007 3.527929544 3.395279408 -0.107354142 -0.815743506 -0.057833105 0.565414071
1403638607927829504.000000 -11.922034264 3.081609726 3.244532347 -0.109479569 -0.815050721 -0.052932765 0.566484571
1403638608227829504.000000 -12.124919891 2.841128349 3.096242666 -0.109582379 -0.808759332 -0.063232407 0.574370861
1403638608377829376.000000 -12.218512535 2.734589100 3.007863283 -0.105807208 -0.801531613 -0.071470685 0.584160924
1403638608827829504.000000 -12.429160118 2.434608698 2.702741146 -0.108118325 -0.799751699 -0.068602659 0.586516261
1403638609027829504.000000 -12.486927986 2.310074329 2.602004766 -0.111987680 -0.806535542 -0.062488668 0.577108562
1403638609327829504.000000 -12.547834396 2.147723198 2.484478474 -0.118441932 -0.803318441 -0.053219613 0.581221640
1403638609627829504.000000 -12.575470924 2.024313450 2.318911552 -0.114242621 -0.806357086 -0.060894344 0.577086508
1403638609877829376.000000 -12.585015297 1.941840649 2.163802624 -0.112250373 -0.807003200 -0.063617550 0.576279938
1403638610227829504.000000 -12.574013710 1.853626013 2.014864206 -0.111944295 -0.798368275 -0.064400367 0.588157535
1403638610577829376.000000 -12.513748169 1.792038798 1.834268332 -0.110407136 -0.789742470 -0.067643613 0.599617839
1403638611027829504.000000 -12.314199448 1.733060837 1.615011215 -0.112336785 -0.795838535 -0.059626821 0.592001796
1403638611327829504.000000 -12.125670433 1.716933131 1.481242776 -0.107977405 -0.794269264 -0.062062368 0.594664216
1403638611527829504.000000 -11.971615791 1.710885763 1.411045790 -0.092167899 -0.797382712 -0.085999638 0.590161026
1403638611827829504.000000 -11.718093872 1.672697783 1.333336234 -0.103119917 -0.803772688 -0.074355863 0.581194401
1403638612177829376.000000 -11.413064957 1.620294571 1.220183492 -0.114024155 -0.807065070 -0.062761471 0.575938821
1403638612477829376.000000 -11.155368805 1.598095655 1.176541328 -0.113526873 -0.805443883 -0.066893205 0.577838361
1403638612927829504.000000 -10.759406090 1.574842811 1.046835065 -0.110045485 -0.800497711 -0.084956974 0.582988679
1403638613227829504.000000 -10.484724045 1.535422206 0.993054390 -0.115259781 -0.803584576 -0.081107654 0.578263402
1403638613427829504.000000 -10.300736427 1.502500296 0.990323305 -0.114403903 -0.804322362 -0.082629263 0.577191174
1403638613827829504.000000 -9.930798531 1.428321004 0.934728384 -0.133192614 -0.790388107 -0.086243667 0.591699719
1403638614227829504.000000 -9.507763863 1.357312799 0.797701418 -0.188217819 -0.785036087 -0.128540695 0.575994611
1403638614627829504.000000 -9.054333687 1.279901147 0.729417443 -0.232704058 -0.777645111 -0.147569925 0.565101862
1403638614827829504.000000 -8.823026657 1.252061248 0.744986653 -0.268316686 -0.771844327 -0.150211155 0.556506217
1403638614977829376.000000 -8.643503189 1.242928386 0.776214182 -0.299600095 -0.765909433 -0.163018078 0.545020819
1403638615177829376.000000 -8.396780014 1.253346205 0.833467424 -0.339553773 -0.746942341 -0.204600468 0.533778071
1403638615377829376.000000 -8.145555496 1.278903127 0.900062859 -0.379505962 -0.721747756 -0.253364265 0.520444095
1403638615577829376.000000 -7.897126675 1.305646181 0.945607781 -0.422474891 -0.694722652 -0.288912326 0.505376160
1403638615727829504.000000 -7.715386391 1.322472215 0.971422970 -0.442891538 -0.681594968 -0.304415524 0.496595055
1403638615877829376.000000 -7.535968781 1.335368872 1.011101484 -0.457584947 -0.671918213 -0.311792731 0.491861135
1403638616027829504.000000 -7.355603695 1.345604539 1.048750401 -0.472594798 -0.661865771 -0.321130306 0.485245526
1403638616177829376.000000 -7.173782349 1.353357553 1.066658735 -0.489195973 -0.650128722 -0.332825452 0.476704568
1403638616477829376.000000 -6.803920269 1.364496231 1.002449632 -0.533258915 -0.616816640 -0.358903795 0.454268962
1403638616777829376.000000 -6.434668541 1.372672439 0.884078085 -0.567600429 -0.607827008 -0.353554428 0.428223401
1403638617177829376.000000 -5.928662777 1.456192255 0.764928460 -0.559789002 -0.610926032 -0.366583377 0.423110306
1403638617577829376.000000 -5.437832832 1.622535586 0.773042142 -0.555398941 -0.627553940 -0.358685702 0.411160171
1403638618027829504.000000 -4.956984997 1.913925171 0.921370566 -0.544261575 -0.631504059 -0.363035500 0.416157663
1403638618377829376.000000 -4.636870384 2.197803020 1.011238098 -0.540995955 -0.632889986 -0.362047255 0.419160455
1403638618577829376.000000 -4.473423004 2.378948927 1.047494769 -0.538759649 -0.633531511 -0.363580167 0.419744372
1403638618777829376.000000 -4.323478222 2.572108984 1.082865357 -0.542799175 -0.629012883 -0.369173527 0.416440576
1403638619227829504.000000 -4.035167217 3.033144474 1.167708993 -0.575941682 -0.581624627 -0.410579771 0.401781410
1403638619427829504.000000 -3.922818422 3.232265234 1.157079220 -0.607643366 -0.544665694 -0.432507575 0.383465767
1403638621927829504.000000 -2.369410992 4.691330910 0.907543004 -0.614885330 -0.512627065 -0.463874936 0.379406929
1403638624677829376.000000 -1.783521175 3.176815271 0.869454980 -0.630232453 -0.491416663 -0.459868610 0.387088597
1403638625077829376.000000 -1.750572681 2.735620022 0.860489666 -0.624299169 -0.517127275 -0.444384158 0.381251544
1403638625277829376.000000 -1.735547543 2.510207176 0.854251981 -0.624347508 -0.519279242 -0.437622130 0.386039048
1403638625577829376.000000 -1.702359200 2.175050020 0.853685558 -0.622826219 -0.520626128 -0.437003046 0.387381464
1403638625827829504.000000 -1.665737748 1.901098847 0.884710371 -0.629293025 -0.526130199 -0.428577572 0.378812015
1403638626277829376.000000 -1.576997042 1.447264314 0.879406869 -0.630777538 -0.526315868 -0.429534495 0.374981940
1403638626677829376.000000 -1.492502928 1.087087750 0.816156089 -0.625432849 -0.532208264 -0.436321795 0.367711008
1403638627077829376.000000 -1.429876447 0.792795479 0.801749110 -0.631427824 -0.537315071 -0.426018775 0.362076670
1403638627477829376.000000 -1.377300382 0.581964970 0.771771789 -0.628541768 -0.539470136 -0.428652644 0.360782772
1403638627877829376.000000 -1.342707515 0.440744787 0.714687288 -0.622691333 -0.535708606 -0.439004183 0.364070386
1403638628277829376.000000 -1.341051340 0.342875063 0.661604404 -0.626342773 -0.537805319 -0.436715931 0.357406616
1403638628477829376.000000 -1.353742957 0.315511912 0.648914278 -0.629658937 -0.532185674 -0.433018506 0.364421695
1403638628977829376.000000 -1.375766397 0.267112255 0.623840511 -0.626532316 -0.523306370 -0.438836157 0.375540346
1403638629227829504.000000 -1.377669096 0.244363010 0.605480850 -0.623892784 -0.529213667 -0.441986859 0.367883682
1403638629527829504.000000 -1.393471599 0.224507391 0.599726081 -0.632317305 -0.534803867 -0.431189954 0.358099103
1403638630027829504.000000 -1.410315514 0.250013173 0.587057233 -0.623458862 -0.513925791 -0.446306705 0.384694308
1403638630377829376.000000 -1.407590508 0.257345051 0.492776632 -0.635558724 -0.537958384 -0.426989257 0.352627397
1403638630527829504.000000 -1.412974834 0.277722597 0.509794474 -0.622240186 -0.525131941 -0.444576919 0.373369724
1403638630677829376.000000 -1.417295218 0.294655681 0.489641696 -0.632955194 -0.540440261 -0.425054789 0.355837941
1403638630777829376.000000 -1.412405014 0.298540354 0.487044364 -0.632786155 -0.549398422 -0.421198636 0.346892983
1403638631077829376.000000 -1.411664963 0.292034119 0.484807998 -0.632495403 -0.547804773 -0.419901341 0.351486087
1403638631577829376.000000 -1.411471248 0.289714664 0.486642063 -0.633147895 -0.547435403 -0.419123858 0.351814479
