1403637149738319104.000000 -1.526851773 -2.692075968 5.210660934 -0.548264980 -0.588573992 -0.371605754 0.463568002
1403637152338319104.000000 -1.228273392 -2.169827461 5.728342533 -0.557067871 -0.604008675 -0.377640665 0.426891565
1403637153838319104.000000 -0.971844912 -1.825659871 5.823380470 -0.550326049 -0.604279280 -0.386286438 0.427516788
1403637156638319104.000000 -0.194843560 -0.759748518 5.626523972 -0.735654652 -0.349080652 -0.500302851 0.294367135
1403637159238319104.000000 2.280435801 -1.132570744 5.340139866 -0.788764775 -0.215175450 -0.543600440 0.189864129
1403637160938319104.000000 4.298453331 -2.122456789 5.038374901 -0.823544204 -0.024995385 -0.566178620 0.024332879
1403637162588318976.000000 5.971792698 -3.380878448 5.334679127 0.805997729 -0.051755663 0.589351416 -0.018815253
1403637164288318976.000000 5.432046413 -5.409896851 5.250916958 0.759323120 -0.275800616 0.574240744 0.132702366
1403637166738319104.000000 3.002813578 -8.586473465 5.195318222 0.765488029 -0.266606152 0.532950759 0.242719650
1403637169188318976.000000 4.072427750 -6.225420475 4.675642967 0.788739622 -0.216676071 0.543576777 0.188323393
1403637172038319104.000000 4.111457825 -1.446649551 4.290339470 -0.712927997 -0.303941131 -0.599326551 0.200402483
1403637173338319104.000000 2.247141600 -0.773181617 4.329133511 -0.827362597 -0.175780699 -0.499973595 0.186007023
1403637173588318976.000000 2.115060568 -0.769209027 4.267335892 -0.828291118 -0.115027063 -0.524684191 0.159402102
1403637173988318976.000000 2.081540108 -0.878002346 4.129225254 -0.854174078 -0.038860012 -0.504781902 0.118624173
1403637174238319104.000000 2.197958469 -1.029124737 4.132533073 -0.816100180 -0.050873529 -0.570925236 0.073734216
1403637174738319104.000000 2.430520773 -1.432696223 4.269878387 -0.797212005 -0.003757633 -0.599676430 0.069476917
1403637177538319104.000000 1.248304844 -5.629519463 4.278123379 0.845525622 -0.134469122 0.510957003 0.076989815
1403637180388318976.000000 3.446549892 -6.590614319 3.866234541 0.788204074 -0.211075231 0.556218028 0.157489806
1403637182838319104.000000 5.709325314 -3.231348753 4.662391186 0.746608734 -0.233675599 0.602415144 0.158326104
1403637183838319104.000000 5.211467743 -1.690279245 4.597309113 0.740222394 -0.277853459 0.603945076 0.100592189
1403637184438319104.000000 4.237368584 -1.255105615 4.526386738 0.766899347 -0.268022507 0.569599926 0.124841198
1403637184938319104.000000 3.341216803 -1.153962731 4.371298790 0.799447000 -0.260733038 0.525766373 0.128344849
1403637185188318976.000000 2.961683273 -1.178382397 4.364940643 0.804606736 -0.260178417 0.517958641 0.128972590
1403637185438319104.000000 2.643740416 -1.258568168 4.413013458 0.815772057 -0.255457044 0.500555933 0.136753485
1403637185688318976.000000 2.396566153 -1.383745432 4.514515400 0.804612696 -0.251527280 0.517403722 0.147057563
1403637186388318976.000000 1.940778255 -1.798521161 4.755236149 0.781896234 -0.240603894 0.550803900 0.165418372
1403637186688318976.000000 1.797251344 -1.963101029 4.905410290 0.776445687 -0.251076162 0.556894004 0.154796660
1403637187138319104.000000 1.565219164 -2.229579449 4.993206978 0.769945860 -0.277430922 0.561886191 0.120413564
1403637187738319104.000000 1.219919682 -2.776968718 5.000667095 0.792251050 -0.284601241 0.516547203 0.156586632
1403637188038319104.000000 1.100839257 -3.109323978 4.976078510 0.793984592 -0.283709764 0.512289286 0.163269222
1403637188338319104.000000 1.045345187 -3.480544567 4.924797535 0.783960581 -0.266332507 0.527623773 0.189962968
1403637191238319104.000000 0.410154402 -6.737842560 4.616116524 0.750440836 -0.297414541 0.555172384 0.200416520
1403637192038319104.000000 0.079293288 -7.223345280 4.644373894 0.772448480 -0.285002798 0.518374085 0.231052369
1403637192338319104.000000 0.037909586 -7.328738213 4.769001961 0.782373369 -0.285251260 0.500951111 0.235736266
1403637192738319104.000000 0.115063235 -7.417938709 4.900527000 0.781707585 -0.309119999 0.501047432 0.205741331
1403637193388318976.000000 0.443078637 -7.607203960 5.100279808 0.772352338 -0.323628217 0.515410841 0.181902170
1403637193988318976.000000 0.862758636 -7.915723801 5.266919136 0.771829426 -0.296916783 0.518582284 0.217237458
1403637194338319104.000000 1.168879628 -8.065922737 5.274921417 0.768591821 -0.299078405 0.522549570 0.216242343
1403637194638319104.000000 1.449088693 -8.172332764 5.314352989 0.770854831 -0.302046806 0.518438220 0.213944882
1403637194888318976.000000 1.703829408 -8.247621536 5.366503239 0.776553333 -0.307114273 0.508241177 0.210563019
1403637197838319104.000000 4.624654293 -6.132925510 5.352256775 0.804389358 -0.052415244 0.586913228 0.075785011
1403637199988318976.000000 3.996914387 -0.889546514 5.641446590 -0.705795109 -0.271949410 -0.593607366 0.274822116
1403637200188318976.000000 3.729643345 -0.505785584 5.542677879 -0.667245805 -0.322477818 -0.582181036 0.334449470
1403637203038319104.000000 1.493270874 -0.341835350 5.320859909 -0.732410133 -0.364921153 -0.516334176 0.252600431
1403637205938319104.000000 1.664434075 -1.117167234 5.162485600 -0.722293913 -0.375969052 -0.519271195 0.259415120
1403637208538319104.000000 1.128953099 -1.424668550 5.404983044 -0.734923422 -0.352944642 -0.514851630 0.265038610
1403637211388318976.000000 1.479444265 0.365956008 5.002082348 -0.717159152 -0.396107763 -0.490631938 0.296751976
1403637212288318976.000000 2.295253754 1.780057430 4.773970127 -0.712311924 -0.390670866 -0.501772344 0.297006130
1403637212588318976.000000 2.594340563 2.183046103 4.809929848 -0.715770304 -0.391545564 -0.500350595 0.289852262
1403637212888318976.000000 2.880234480 2.578322887 4.887889385 -0.724052608 -0.398441523 -0.490152031 0.277025551
1403637213188318976.000000 3.156773329 2.984227657 4.984235287 -0.724859655 -0.401019871 -0.485344648 0.279646605
1403637213488318976.000000 3.431092501 3.395828247 5.018396854 -0.720386744 -0.399789214 -0.490305215 0.284275264
1403637213788318976.000000 3.678364754 3.793192625 5.017452240 -0.711639941 -0.415127516 -0.502130926 0.262873203
1403637214038319104.000000 3.843501568 4.128524303 4.958486080 -0.705860257 -0.418808401 -0.506986260 0.263298035
1403637214288318976.000000 3.967738867 4.483177662 4.936594486 -0.689235210 -0.426060647 -0.504719496 0.297800809
1403637214538319104.000000 4.053148270 4.815448284 4.966619492 -0.645402253 -0.472975791 -0.507502913 0.319672912
1403637214788318976.000000 4.074205875 5.117583752 5.041089058 -0.603487730 -0.514047682 -0.514236152 0.327290058
1403637215088318976.000000 3.983375549 5.430375099 5.123775005 -0.592003047 -0.520351410 -0.512694180 0.340457678
1403637215338319104.000000 3.799133301 5.641343117 5.164219856 -0.589777768 -0.513232291 -0.510034144 0.358636260
1403637215588318976.000000 3.542125940 5.793525696 5.179766178 -0.567515552 -0.518883288 -0.494750619 0.404855758
1403637216388318976.000000 2.496639252 5.764946938 5.379286289 -0.506424069 -0.614213884 -0.380005777 0.471032381
1403637216688318976.000000 2.145507336 5.619376659 5.426166058 -0.500162959 -0.601221800 -0.384187788 0.490682393
1403637217288318976.000000 1.599605799 5.073469639 5.492230415 -0.525977552 -0.581983924 -0.370310366 0.497506350
1403637217688318976.000000 1.425942540 4.541103840 5.461690903 -0.512186885 -0.588376105 -0.376763225 0.499527335
1403637217988318976.000000 1.376622319 4.058794498 5.442566395 -0.446790993 -0.640023768 -0.373315841 0.501380861
1403637218238319104.000000 1.352562904 3.588440418 5.455606461 -0.430169344 -0.662997365 -0.347977400 0.504282296
1403637218488318976.000000 1.340923905 3.078700066 5.441203117 -0.424147308 -0.667716146 -0.343394578 0.506294847
1403637218738319104.000000 1.337718964 2.538825512 5.429254055 -0.429518253 -0.671371341 -0.340505421 0.498829335
1403637219038319104.000000 1.333713055 1.865384459 5.361015320 -0.426489502 -0.679670990 -0.353488207 0.480832875
1403637219338319104.000000 1.298111796 1.161016941 5.246597767 -0.430242777 -0.678017974 -0.352214843 0.480757177
1403637221088318976.000000 0.533599555 -2.304327726 5.551034451 -0.479202688 -0.674940884 -0.309207082 0.468199402
1403637223888318976.000000 0.150528789 -3.631563663 5.409330845 -0.582565129 -0.571208417 -0.412731797 0.404958248
1403637225938319104.000000 -0.000362806 -3.650604010 5.267842770 -0.578650236 -0.578669846 -0.413009435 0.399660408
1403637226438319104.000000 -0.125830576 -3.728518724 5.361481667 -0.578127861 -0.579208076 -0.413970560 0.398641080
1403637227038319104.000000 -0.325322986 -3.798145056 5.359869957 -0.591624916 -0.575686395 -0.394995898 0.403166831
1403637227788318976.000000 -0.480958164 -3.741075993 5.367088795 -0.599446893 -0.566207111 -0.393995672 0.406005412
1403637228388318976.000000 -0.507436156 -3.668904066 5.298841000 -0.575861335 -0.563891828 -0.422381818 0.414732903
1403637230438319104.000000 -0.672861278 -3.865195036 5.137270927 -0.722898722 -0.391957760 -0.500450313 0.270806283
1403637230788318976.000000 -0.654726982 -3.844223499 5.190088749 -0.728872895 -0.350195587 -0.525909722 0.263678640
1403637231088318976.000000 -0.640410483 -3.844769716 5.210952282 -0.780359983 -0.282187045 -0.515434742 0.213859558
1403637231438319104.000000 -0.560333848 -3.863698721 5.126514435 -0.814992428 -0.153266177 -0.540445745 0.142180696
1403637231738319104.000000 -0.454786032 -3.911598921 4.916255951 -0.832073450 -0.029872391 -0.549467266 0.069621891
1403637232188318976.000000 -0.199335724 -4.074103355 4.703989029 0.810359001 -0.107888132 0.575816751 0.010650361
1403637232588318976.000000 0.000936225 -4.330450535 4.649799347 0.789915383 -0.199889168 0.574738562 0.075853452
1403637232988318976.000000 0.141721204 -4.715680122 4.678921700 0.794482052 -0.287540227 0.523073852 0.111860536
1403637233338319104.000000 0.304409772 -5.192654610 4.776352406 0.812804461 -0.289888233 0.488351703 0.129717022
1403637235888318976.000000 3.987084150 -5.388556004 3.980589390 0.806351542 -0.006362981 0.588260651 0.060878806
1403637236238319104.000000 4.383963585 -4.875001907 4.052657604 -0.797773123 -0.078406118 -0.595856428 -0.048640013
1403637236588318976.000000 4.689607620 -4.174734116 4.199573517 -0.791496813 -0.122079872 -0.598786592 0.009164074
1403637239038319104.000000 2.244923830 -1.272316337 5.593709946 0.872433424 -0.118528485 0.461350679 -0.109391890
1403637239488318976.000000 2.030406713 -2.124996662 5.758880138 0.852576852 -0.127291620 0.506693423 -0.013090895
1403637239838319104.000000 2.038041115 -2.952606678 5.701594830 0.812406003 -0.195315912 0.544886589 0.070333600
1403637240188318976.000000 2.087715149 -3.825202227 5.515347004 0.765978992 -0.266491950 0.561904013 0.162856564
1403637240488318976.000000 2.110929728 -4.543462276 5.321460247 0.772911489 -0.319461107 0.510199130 0.200622723
1403637240788318976.000000 2.173246861 -5.252945900 5.189131737 0.772375882 -0.323045731 0.501653790 0.217762068
1403637241088318976.000000 2.308255672 -5.940552711 5.148465157 0.758487284 -0.306105107 0.527234972 0.230260611
1403637241388318976.000000 2.458775997 -6.547433853 5.038474560 0.765563428 -0.288448751 0.523618698 0.237767950
1403637241688318976.000000 2.652512312 -7.069625854 4.927974224 0.762419581 -0.265323430 0.531345963 0.256887972
1403637241988318976.000000 2.887996197 -7.451636314 4.877818584 0.737734139 -0.268795073 0.569022477 0.244358242
1403637242288318976.000000 3.105205297 -7.688729286 4.880865574 0.740329921 -0.265642166 0.561809659 0.256351054
1403637242638319104.000000 3.334837198 -7.779181480 4.877157211 0.739200473 -0.245106682 0.563672900 0.275278598
1403637243038319104.000000 3.582716227 -7.579161644 4.940325260 0.745749116 -0.216138557 0.589739442 0.222148329
1403637243388318976.000000 3.728984833 -7.217504978 4.962348938 0.764114082 -0.214822829 0.572749317 0.204790130
1403637243688318976.000000 3.824254751 -6.808806419 4.956162930 0.772612333 -0.229888886 0.561792791 0.186037660
1403637243888318976.000000 3.879481077 -6.519838333 4.984889030 0.777943254 -0.252960324 0.552624166 0.159442842
1403637244238319104.000000 3.951536417 -6.058637619 5.154942036 0.776613772 -0.266010433 0.549680650 0.154792547
1403637244538319104.000000 4.002594471 -5.715750217 5.345765591 0.787338018 -0.255107850 0.539575994 0.154520437
1403637244888318976.000000 4.083775997 -5.374054909 5.545163631 0.807539880 -0.205056250 0.533157587 0.146882340
1403637245288318976.000000 4.259185791 -5.022132874 5.675950527 0.819107592 -0.209284201 0.522033513 0.112889506
1403637245588318976.000000 4.457208633 -4.820019245 5.723396301 0.818150818 -0.182549357 0.530319989 0.126750842
1403637245888318976.000000 4.713651657 -4.631505013 5.731583118 0.815131128 -0.129219621 0.556546926 0.095494442
1403637246188318976.000000 4.998966217 -4.431422234 5.718456745 0.813136935 -0.029646238 0.580528259 0.030272497
1403637246488318976.000000 5.248045921 -4.206083775 5.655276775 -0.801940501 -0.100966975 -0.587093055 0.044931106
1403637246788318976.000000 5.432645798 -3.951542616 5.549055576 -0.763830066 -0.212449759 -0.598566711 0.114659064
1403637247088318976.000000 5.516915321 -3.673192978 5.466164112 -0.755330086 -0.289150029 -0.564147174 0.166152760
1403637247488318976.000000 5.514516830 -3.280713558 5.368605137 -0.738469541 -0.293407083 -0.573662698 0.198711395
1403637247888318976.000000 5.384264946 -2.907187223 5.232919693 -0.716746092 -0.333246589 -0.578387082 0.201718077
1403637248188318976.000000 5.151463032 -2.637796164 5.180933952 -0.713754296 -0.365320802 -0.546767414 0.241124496
1403637248488318976.000000 4.870842457 -2.382002115 5.119015694 -0.711809039 -0.381670654 -0.530305982 0.257742345
1403637249088318976.000000 4.188427448 -1.928760648 5.090788364 -0.722696364 -0.375509709 -0.525906861 0.245202839
1403637249388318976.000000 3.820448160 -1.692139983 5.170809746 -0.724265397 -0.368749648 -0.529109836 0.243938819
1403637249888318976.000000 3.163556576 -1.283660650 5.131251335 -0.713290155 -0.368748248 -0.538502276 0.255454928
1403637250188318976.000000 2.727920771 -1.077810287 5.115400314 -0.711755931 -0.388968140 -0.511236608 0.284155786
1403637252838319104.000000 0.898899198 -0.361382365 5.422026634 -0.667881489 -0.482126325 -0.438843489 0.359033436
1403637255338319104.000000 0.451161265 -1.090831757 5.598818302 -0.610870481 -0.527256846 -0.444819987 0.388551891
1403637256388318976.000000 0.023479834 -1.588277459 5.651017189 -0.524150610 -0.617441893 -0.391874194 0.436424345
1403637256988318976.000000 -0.261241198 -1.876310945 5.594830990 -0.542144060 -0.612003744 -0.371070296 0.440270483
1403637259088318976.000000 -1.326604724 -2.531769037 5.507620811 -0.446486354 -0.678544879 -0.298591077 0.501069009
1403637259388318976.000000 -1.437099457 -2.562261820 5.557061672 -0.450302213 -0.675152302 -0.298809022 0.502105951
1403637259888318976.000000 -1.516572237 -2.616166115 5.584774017 -0.454972535 -0.675660670 -0.296890587 0.498335868
1403637260288318976.000000 -1.511782527 -2.651502371 5.549124241 -0.446025610 -0.681210577 -0.309060991 0.491420954
1403637260588318976.000000 -1.499780774 -2.681959867 5.488063335 -0.442317903 -0.693579316 -0.312558770 0.474983811
1403637260838319104.000000 -1.509766221 -2.710341692 5.431087494 -0.443358183 -0.690732539 -0.310060829 0.479775280
1403637261088318976.000000 -1.532913327 -2.738275766 5.361155033 -0.440116227 -0.686430693 -0.312511057 0.487285852
1403637261388318976.000000 -1.570919037 -2.766848087 5.306521893 -0.446076930 -0.693992198 -0.304954827 0.475807637
1403637261638319104.000000 -1.611313939 -2.771386862 5.288926125 -0.451519758 -0.694788039 -0.297723234 0.474088967
1403637262088318976.000000 -1.691473842 -2.731926203 5.281290054 -0.443306834 -0.679470778 -0.312532693 0.494086921
1403637262388318976.000000 -1.717098594 -2.712777853 5.245965958 -0.430255175 -0.674840450 -0.336368501 0.496313453
1403637262688318976.000000 -1.673745871 -2.650268555 5.371482372 -0.466574013 -0.665138543 -0.330825239 0.480056405
1403637263088318976.000000 -1.682444334 -2.558880329 5.584874153 -0.470558017 -0.659741104 -0.330819666 0.483606458
1403637263488318976.000000 -1.782459855 -2.440334558 5.805070877 -0.470759511 -0.659875333 -0.331631362 0.482670367
1403637263638319104.000000 -1.847199917 -2.388442993 5.881083488 -0.471036375 -0.659710944 -0.331236482 0.482896149
1403637263988318976.000000 -2.054343462 -2.252508163 6.049107075 -0.471467346 -0.659127355 -0.330863953 0.483527511
1403637264388318976.000000 -2.387169838 -2.073922634 6.225435257 -0.471784353 -0.659031510 -0.330645800 0.483498156
1403637264788318976.000000 -2.818749666 -1.865475535 6.386209011 -0.472138345 -0.658836067 -0.330609530 0.483443677
1403637265238319104.000000 -3.420556545 -1.597514033 6.548498631 -0.472563088 -0.658738852 -0.330380172 0.483317852
1403637265338319104.000000 -3.570755005 -1.533591628 6.581999779 -0.472599864 -0.658704937 -0.330327064 0.483364582
1403637265438319104.000000 -3.726999044 -1.467808843 6.614974022 -0.472814351 -0.658609390 -0.330253482 0.483335286
