1403637148738319104.000000 -9.151920319 -1.505015731 18.216873169 -0.577452481 -0.549601853 -0.400492907 0.451765239
1403637151688318976.000000 -8.910923958 -1.117168903 18.611440659 -0.575063646 -0.582514644 -0.397295892 0.414890885
1403637153938319104.000000 -8.526659966 -0.637155175 18.836563110 -0.569540501 -0.585547447 -0.401995599 0.413711876
1403637156538319104.000000 -7.759762764 0.346018255 18.656867981 -0.738879204 -0.345048428 -0.500480056 0.290721208
1403637159188318976.000000 -5.324260235 -0.148433298 18.404865265 -0.798661530 -0.191327721 -0.546191335 0.164950401
1403637161138319104.000000 -3.137944698 -1.465608954 18.138032913 0.830026329 -0.016528044 0.557304025 -0.013973828
1403637163038319104.000000 -1.693694592 -3.254296541 18.364334106 0.777295232 -0.117830232 0.615602493 0.054423042
1403637165088318976.000000 -3.441132545 -5.924746513 18.390684128 0.754649222 -0.287191361 0.559637904 0.186631262
1403637167938319104.000000 -4.850100040 -6.939147949 18.132247925 0.779477835 -0.284795403 0.520703137 0.200434983
1403637168988318976.000000 -4.043567657 -5.683485031 17.785467148 0.780280888 -0.252546817 0.536250174 0.199543864
1403637171938319104.000000 -3.339217901 -0.738766432 17.327690125 -0.724908948 -0.282783419 -0.601090372 0.182293549
1403637172088318976.000000 -3.531131029 -0.568769336 17.317146301 -0.724215269 -0.277640313 -0.605583012 0.178037658
1403637173288318976.000000 -5.259290218 0.149339586 17.379629135 -0.835505903 -0.160146073 -0.496392816 0.172850400
1403637173738319104.000000 -5.481830597 0.150904968 17.280225754 -0.839579701 -0.047322240 -0.524755776 0.132279813
1403637174038319104.000000 -5.474785328 0.028646544 17.187261581 -0.855023384 -0.016487429 -0.511772096 0.082173355
1403637174238319104.000000 -5.386627674 -0.101791218 17.201271057 -0.820008337 -0.024838848 -0.569469452 0.051708985
1403637175088318976.000000 -5.105238438 -0.922671497 17.395288467 0.803882957 -0.093468927 0.587168097 0.016413100
1403637177738319104.000000 -6.748839855 -5.011141300 17.325202942 0.838021159 -0.143823668 0.510917485 0.126485392
1403637180388318976.000000 -4.532536507 -5.763516903 16.913141251 0.781750798 -0.234540597 0.550342083 0.176011607
1403637182188318976.000000 -2.473807573 -3.562063217 17.438657761 0.756712615 -0.262134522 0.567148387 0.192390740
1403637184238319104.000000 -3.000924110 -0.591246784 17.603927612 0.743051529 -0.310442895 0.581753969 0.114289179
1403637184438319104.000000 -3.360155106 -0.475716054 17.575401306 0.760837734 -0.289645374 0.561539173 0.148004517
1403637184838319104.000000 -4.082828045 -0.323831528 17.456617355 0.790815055 -0.285345405 0.520431697 0.149467349
1403637185038319104.000000 -4.410506725 -0.297043175 17.430644989 0.796538591 -0.284308821 0.512076259 0.149908856
1403637185338319104.000000 -4.831933975 -0.333995670 17.459722519 0.803518534 -0.284429789 0.500585198 0.151235417
1403637185588318976.000000 -5.112802982 -0.425472945 17.541639328 0.808104277 -0.278742850 0.492938310 0.162116542
1403637186088318976.000000 -5.500610828 -0.699796200 17.705635071 0.777926564 -0.266306102 0.538318574 0.184728444
1403637187288318976.000000 -6.215040684 -1.373660564 18.092786789 0.767754376 -0.302220911 0.543793619 0.153311044
1403637187538319104.000000 -6.388916492 -1.589717865 18.087812424 0.782215416 -0.303292155 0.515680373 0.173857942
1403637187938319104.000000 -6.606704712 -2.001157284 18.050163269 0.785866082 -0.311536580 0.504593432 0.175342202
1403637190538319104.000000 -7.312906742 -5.132959843 17.621242523 0.726687610 -0.357707918 0.532337248 0.246144965
1403637191838319104.000000 -7.872044563 -6.112188339 17.657501221 0.757528365 -0.314128757 0.522464991 0.233461633
1403637192288318976.000000 -7.992301464 -6.286797523 17.806646347 0.772615969 -0.310912699 0.494659930 0.248413846
1403637192788318976.000000 -7.903193951 -6.409077644 17.974283218 0.771641970 -0.331711978 0.494928598 0.222668990
1403637193088318976.000000 -7.763508320 -6.496013165 18.057483673 0.763044894 -0.330712140 0.509848952 0.220104903
1403637193888318976.000000 -7.276701450 -6.892482758 18.283348083 0.765884817 -0.319478691 0.506557047 0.233995080
1403637194438319104.000000 -6.819426060 -7.158773899 18.329267502 0.760391772 -0.321137369 0.513824522 0.233793646
1403637194788318976.000000 -6.481749058 -7.298913956 18.396926880 0.765726268 -0.326985121 0.504170060 0.229252070
1403637197638319104.000000 -3.445111990 -5.759835720 18.376642227 0.796000898 -0.158616349 0.567946732 0.136601970
1403637199638319104.000000 -3.200036049 -0.945594668 18.788932800 -0.756621182 -0.194642916 -0.611328602 0.126158670
1403637199788318976.000000 -3.354552269 -0.566840410 18.774219513 -0.745268524 -0.218140006 -0.606308997 0.171404049
1403637199938319104.000000 -3.526433229 -0.203757420 18.714794159 -0.727364659 -0.240289599 -0.599726915 0.231364131
1403637200088318976.000000 -3.714044809 0.123797119 18.632112503 -0.698101282 -0.269093156 -0.596726656 0.290104985
1403637200238319104.000000 -3.918248415 0.395647377 18.539545059 -0.675859213 -0.315014213 -0.583531559 0.321669579
1403637202988318976.000000 -6.028214931 0.683755457 18.326574326 -0.745342195 -0.339707255 -0.523512304 0.234518588
1403637205938319104.000000 -5.893335819 -0.128435746 18.217599869 -0.737290323 -0.351240903 -0.524860561 0.239904478
1403637208438319104.000000 -6.430093765 -0.381573349 18.405969620 -0.748349011 -0.327835530 -0.520845413 0.247422218
1403637209588318976.000000 -6.649541855 -0.546047926 18.369403839 -0.743679583 -0.389318377 -0.485634327 0.243990317
1403637212438319104.000000 -4.896088123 2.944926500 17.782520294 -0.723346114 -0.364370584 -0.517251790 0.276505262
1403637212888318976.000000 -4.424371719 3.511912823 17.871984482 -0.737663746 -0.373743325 -0.500162184 0.256916106
1403637213088318976.000000 -4.217695236 3.764975309 17.926170349 -0.736075938 -0.377569944 -0.500181496 0.255835205
1403637213238319104.000000 -4.065145493 3.957778454 17.955926895 -0.736778915 -0.377213627 -0.496866852 0.260749280
1403637213688318976.000000 -3.617682457 4.533229828 17.974710464 -0.724492073 -0.386667579 -0.512962997 0.249936596
1403637213888318976.000000 -3.441400766 4.786256790 17.948596954 -0.722468734 -0.394741088 -0.514198005 0.240455508
1403637214038319104.000000 -3.324803352 4.984276295 17.924959183 -0.718289375 -0.396019369 -0.517449677 0.243874997
1403637214338319104.000000 -3.138104677 5.396767139 17.923192978 -0.696048915 -0.410367161 -0.515600085 0.285081297
1403637214488318976.000000 -3.069051504 5.594796181 17.944667816 -0.670192480 -0.441054851 -0.517783582 0.297006428
1403637214638319104.000000 -3.024101973 5.781533241 17.978324890 -0.641897619 -0.473933190 -0.520360291 0.304269701
1403637214988318976.000000 -3.045553207 6.180326939 18.084970474 -0.610260785 -0.504082739 -0.523530781 0.315274328
1403637215438319104.000000 -3.351720572 6.585346699 18.142927170 -0.600050628 -0.493997455 -0.518703103 0.356164098
1403637215588318976.000000 -3.513055801 6.676953793 18.152374268 -0.584081411 -0.501192451 -0.509518027 0.384767950
1403637215888318976.000000 -3.894462824 6.760509014 18.205427170 -0.558672607 -0.559792340 -0.453996599 0.410371214
1403637216738319104.000000 -4.994167328 6.580295086 18.403617859 -0.520461798 -0.580472589 -0.403398603 0.478999794
1403637217438319104.000000 -5.615368843 5.898117065 18.466100693 -0.554494321 -0.558814645 -0.381034791 0.484845012
1403637217738319104.000000 -5.739651203 5.481934547 18.428552628 -0.520190358 -0.578891516 -0.399894089 0.484119177
1403637217938319104.000000 -5.793962955 5.160491467 18.416244507 -0.477135986 -0.615795672 -0.394913495 0.487011522
1403637218138319104.000000 -5.842300415 4.797761917 18.422904968 -0.459472746 -0.639215231 -0.371202141 0.492440581
1403637218538319104.000000 -5.918449402 3.993821621 18.395185471 -0.448246777 -0.651186645 -0.360056490 0.495368838
1403637218738319104.000000 -5.954307556 3.563515663 18.389282227 -0.454117119 -0.654379487 -0.356788188 0.488126308
1403637219238319104.000000 -6.061314106 2.424879551 18.250028610 -0.451796740 -0.662400961 -0.370702177 0.468705267
1403637219388318976.000000 -6.113870144 2.065510273 18.210105896 -0.456547290 -0.662176609 -0.366544932 0.467687398
1403637219538319104.000000 -6.176536083 1.701626658 18.183998108 -0.466402918 -0.667494535 -0.354625851 0.459521502
1403637220088318976.000000 -6.473121643 0.454074711 18.226778030 -0.484710693 -0.677305520 -0.333115160 0.441980898
1403637223038319104.000000 -7.575917721 -2.521095753 18.183485031 -0.628835022 -0.548936367 -0.406039625 0.371977478
1403637223538319104.000000 -7.572476387 -2.549718618 18.330009460 -0.609653175 -0.551416636 -0.419034690 0.385581046
1403637224038319104.000000 -7.561337471 -2.509438992 18.451963425 -0.602743506 -0.550771832 -0.425940186 0.389776319
1403637225038319104.000000 -7.598095417 -2.451989651 18.345184326 -0.600485444 -0.548519135 -0.430665821 0.391242981
1403637227188318976.000000 -8.099874496 -2.644700289 18.369676590 -0.617597103 -0.543961406 -0.401312947 0.402029723
1403637227938319104.000000 -8.212169647 -2.556499720 18.365575790 -0.612651646 -0.543436885 -0.417741686 0.393479675
1403637228888318976.000000 -8.281134605 -2.529060841 18.356920242 -0.603868365 -0.550001264 -0.423339158 0.391951144
1403637229738319104.000000 -8.417934418 -2.664261818 18.267059326 -0.679378271 -0.483326524 -0.421281517 0.356878996
1403637230188318976.000000 -8.400897980 -2.709522724 18.168098450 -0.725318074 -0.395249009 -0.492782801 0.273600012
1403637230888318976.000000 -8.379590988 -2.692368507 18.234180450 -0.760440826 -0.305373996 -0.523755014 0.232716650
1403637231088318976.000000 -8.370989799 -2.701707125 18.263225555 -0.791926503 -0.254502863 -0.519084811 0.196549550
1403637231338319104.000000 -8.332586288 -2.721002579 18.230348587 -0.816451609 -0.165593535 -0.533568919 0.145910501
1403637231838319104.000000 -8.179875374 -2.827020407 17.940368652 0.833672047 -0.032150704 0.550719321 -0.025801361
1403637232338319104.000000 -7.922836304 -3.072116613 17.784748077 0.798057854 -0.164973408 0.576381564 0.060594823
1403637232738319104.000000 -7.762360573 -3.387127876 17.779966354 0.783473790 -0.272128552 0.548670471 0.105240472
1403637233088318976.000000 -7.665567398 -3.786626339 17.846622467 0.792341650 -0.316703171 0.502171814 0.140418410
1403637233388318976.000000 -7.543417454 -4.238412857 17.905315399 0.809033513 -0.314545393 0.474460363 0.146333560
1403637235688318976.000000 -4.175844669 -4.807852745 17.033876419 0.821223855 -0.079555750 0.559987664 0.075339690
1403637235938319104.000000 -3.832139015 -4.532099724 17.049020767 0.805238485 -0.016488276 0.586820483 0.083432510
1403637236188318976.000000 -3.516921282 -4.184104443 17.102859497 -0.804005086 -0.042119894 -0.588789403 -0.071616575
1403637236388318976.000000 -3.298002005 -3.834061861 17.178815842 -0.801969647 -0.078337133 -0.590622783 -0.043273918
1403637239138319104.000000 -5.444767952 -0.491348177 18.707511902 0.874400318 -0.138461724 0.460217893 -0.066723846
1403637239388318976.000000 -5.590662003 -0.966665447 18.803487778 0.855691195 -0.137304887 0.498861194 -0.008803652
1403637239588318976.000000 -5.643288612 -1.408769369 18.830360413 0.841141045 -0.174341455 0.511341870 0.024825839
1403637239788318976.000000 -5.662528038 -1.892125010 18.789047241 0.816624105 -0.213185221 0.531267643 0.073700838
1403637239988318976.000000 -5.666500568 -2.396946669 18.698247910 0.782462358 -0.245118901 0.555857360 0.136718780
1403637240188318976.000000 -5.676654339 -2.896731853 18.579721451 0.758455575 -0.290666342 0.554089963 0.182325676
1403637240438319104.000000 -5.705687046 -3.499076843 18.416862488 0.760651052 -0.338861585 0.510505795 0.214398503
1403637240888318976.000000 -5.676361561 -4.569668770 18.241750717 0.754593432 -0.336599618 0.505961716 0.247572258
1403637241088318976.000000 -5.621106148 -5.023368359 18.201116562 0.749128163 -0.327564031 0.518310905 0.250724167
1403637241488318976.000000 -5.464972973 -5.844660759 18.057165146 0.758694112 -0.302592933 0.513087690 0.263745666
1403637241888318976.000000 -5.211720943 -6.476736069 17.963016510 0.740556061 -0.283034146 0.543215930 0.276378334
1403637242338319104.000000 -4.909178257 -6.870975018 17.965253830 0.734536886 -0.283161312 0.548382461 0.282049477
1403637242788318976.000000 -4.615550518 -6.906589031 17.964962006 0.738205612 -0.255528361 0.563155472 0.269469470
1403637243188318976.000000 -4.383469582 -6.622408867 18.020723343 0.748666108 -0.228849828 0.573433578 0.241455480
1403637243588318976.000000 -4.207942009 -6.141595840 18.011922836 0.762001157 -0.245126441 0.559961259 0.213800818
1403637243988318976.000000 -4.059760094 -5.571960926 18.082227707 0.771336913 -0.283797503 0.543456852 0.170742929
1403637244388318976.000000 -3.945909023 -5.072614670 18.289787292 0.771274865 -0.290199608 0.539149642 0.173887432
1403637244588318976.000000 -3.896916151 -4.857370853 18.421501160 0.783211350 -0.270130396 0.531721234 0.175733045
1403637244988318976.000000 -3.760391712 -4.468827724 18.627990723 0.804662168 -0.224157050 0.526181638 0.159390420
1403637245388318976.000000 -3.538903713 -4.152739525 18.740791321 0.811363757 -0.224900350 0.519858837 0.144414529
1403637245788318976.000000 -3.211625814 -3.913708925 18.781021118 0.816311359 -0.178822070 0.533951044 0.128665596
1403637245988318976.000000 -3.015547276 -3.795753002 18.770704269 0.810466170 -0.126076654 0.563406706 0.099107280
1403637246188318976.000000 -2.820028305 -3.667966366 18.738777161 0.812010944 -0.055286832 0.578637421 0.052538283
1403637246388318976.000000 -2.634973049 -3.528977156 18.688121796 -0.810433507 -0.028955385 -0.585114002 0.000885370
1403637246788318976.000000 -2.336208105 -3.211565018 18.551223755 -0.771313667 -0.187142432 -0.601282835 0.092259638
1403637247238319104.000000 -2.219729424 -2.794395924 18.448234558 -0.773234010 -0.273203313 -0.549512684 0.159702510
1403637247588318976.000000 -2.222007751 -2.449083328 18.350839615 -0.746970952 -0.268413514 -0.581128597 0.179661497
1403637247888318976.000000 -2.312320709 -2.160310984 18.252603531 -0.729506969 -0.306824028 -0.583813131 0.181220293
1403637248138319104.000000 -2.479065657 -1.922647476 18.214286804 -0.726123571 -0.332600802 -0.560767412 0.218314454
1403637248538319104.000000 -2.836503744 -1.564591646 18.138830185 -0.723641098 -0.355381727 -0.540066242 0.241611063
1403637248738319104.000000 -3.038901567 -1.395937562 18.105991364 -0.724936128 -0.356549889 -0.539482296 0.237273529
1403637249188318976.000000 -3.550792217 -1.027926803 18.142049789 -0.738598168 -0.347330004 -0.532035351 0.225328773
1403637251888318976.000000 -6.277430534 0.664332628 18.445009232 -0.675230384 -0.451327682 -0.471712500 0.343299717
1403637254788318976.000000 -6.913197994 0.193985641 18.584754944 -0.645412326 -0.496375889 -0.465131342 0.347428888
1403637256738319104.000000 -7.724605083 -0.628688693 18.657442093 -0.559589207 -0.597066641 -0.392813265 0.419606030
1403637257038319104.000000 -7.879496574 -0.771255195 18.621128082 -0.558504701 -0.596782148 -0.386704862 0.427063137
1403637257288318976.000000 -7.999681473 -0.887032509 18.627344131 -0.541445553 -0.610617757 -0.385437280 0.430605203
1403637257538319104.000000 -8.121069908 -0.999567568 18.659503937 -0.532016277 -0.622357965 -0.382655084 0.428023726
1403637257988318976.000000 -8.360814095 -1.176714420 18.635993958 -0.528736174 -0.641983747 -0.351571232 0.429758817
1403637258438319104.000000 -8.619324684 -1.271641731 18.610675812 -0.470824212 -0.669495821 -0.330609351 0.469890863
1403637258838319104.000000 -8.834529877 -1.323735356 18.541540146 -0.464870542 -0.669427633 -0.317616343 0.484646112
1403637259188318976.000000 -8.985309601 -1.359306812 18.520957947 -0.469092995 -0.664795041 -0.316644579 0.487581402
1403637259538319104.000000 -9.094729424 -1.388385177 18.564853668 -0.478031486 -0.655431926 -0.310056597 0.495741695
1403637260038319104.000000 -9.143730164 -1.420852542 18.556421280 -0.475503355 -0.658235073 -0.316583633 0.490303993
1403637260388318976.000000 -9.128026962 -1.443714499 18.497852325 -0.460958421 -0.671065032 -0.335334182 0.474067599
1403637260788318976.000000 -9.132540703 -1.477753401 18.407209396 -0.465948641 -0.678653777 -0.326439083 0.464498013
1403637261188318976.000000 -9.174630165 -1.506501794 18.316356659 -0.465859383 -0.677336097 -0.323997557 0.468205512
1403637261338319104.000000 -9.194908142 -1.517264843 18.289754868 -0.468302041 -0.681368232 -0.320642859 0.462189168
1403637261688318976.000000 -9.249355316 -1.525676966 18.267688751 -0.473772943 -0.681323051 -0.313876778 0.461323708
1403637262138319104.000000 -9.325490952 -1.492106438 18.270557404 -0.467568070 -0.663753510 -0.327859342 0.483031780
1403637262588318976.000000 -9.327400208 -1.501181483 18.237163544 -0.489146441 -0.619488895 -0.345638633 0.507447720
1403637262888318976.000000 -9.326770782 -1.498140454 18.229412079 -0.495921195 -0.625961244 -0.338488996 0.497654527
1403637263388318976.000000 -9.325966835 -1.497843742 18.228956223 -0.495594859 -0.625738442 -0.339470625 0.497591168
1403637263888318976.000000 -9.326322556 -1.498475790 18.229843140 -0.495879501 -0.625509501 -0.339124590 0.497831285
1403637264388318976.000000 -9.325980186 -1.499350548 18.229940414 -0.495877743 -0.625655949 -0.339091986 0.497671247
1403637264888318976.000000 -9.326112747 -1.498771667 18.229940414 -0.496064484 -0.625560939 -0.338887215 0.497743964
1403637265388318976.000000 -9.325778961 -1.499168396 18.230247498 -0.496144682 -0.625655591 -0.338807434 0.497599393
