1403638538777829376.000000 -0.086692832 1.016830921 0.012446310 -0.561664581 -0.622633576 -0.363982707 0.405434340
1403638539027829504.000000 -0.089312673 1.025842309 0.013515029 -0.556503475 -0.616886258 -0.371878892 0.414078921
1403638539277829376.000000 -0.094003178 1.042849779 0.040139284 -0.549069107 -0.606873274 -0.382810891 0.428583384
1403638540777829376.000000 -0.184005693 1.374169469 0.262910306 -0.501627624 -0.656938672 -0.352240682 0.439007908
1403638541227829504.000000 -0.314297765 1.573220968 0.273158729 -0.425487220 -0.708288312 -0.311621606 0.469233781
1403638541627829504.000000 -0.497132480 1.740972281 0.308890820 -0.415544003 -0.712010682 -0.308102638 0.474801898
1403638542077829376.000000 -0.795126379 1.899370790 0.437544793 -0.374557883 -0.735403359 -0.262838185 0.499804318
1403638542227829504.000000 -0.907152474 1.939867020 0.459149629 -0.346934587 -0.749924779 -0.241049960 0.509062052
1403638543277829376.000000 -1.741932154 2.036682606 0.610793829 -0.281186163 -0.774130404 -0.197579294 0.531619251
1403638543727829504.000000 -2.128630638 2.000610828 0.636538327 -0.239722729 -0.790652394 -0.175881028 0.535226762
1403638544177829376.000000 -2.547092199 1.949449897 0.722127736 -0.166291237 -0.809337854 -0.117020160 0.551022589
1403638544677829376.000000 -3.032007456 1.910983920 0.778923035 -0.154412851 -0.803522468 -0.109049961 0.564461231
1403638545127829504.000000 -3.460553885 1.884710431 0.821606100 -0.152148813 -0.807496309 -0.104539350 0.560242891
1403638545477829376.000000 -3.780575037 1.868930817 0.782064378 -0.148841336 -0.806388855 -0.103343830 0.562941730
1403638545677829376.000000 -3.960531235 1.854150772 0.765358806 -0.129880205 -0.811357081 -0.087281458 0.563216507
1403638546127829504.000000 -4.361918926 1.817633033 0.824825287 -0.034298178 -0.825286031 -0.036824644 0.562468350
1403638546427829504.000000 -4.636402130 1.785135269 0.846340418 -0.016127726 -0.826799035 -0.013774884 0.562097311
1403638546827829504.000000 -5.022844315 1.729425073 0.865925014 0.008117541 -0.827503443 -0.005010793 0.561379671
1403638547877829376.000000 -6.097413540 1.430391908 0.821702421 0.013815493 -0.828260779 -0.007059978 0.560128093
1403638548077829376.000000 -6.313954353 1.341163039 0.797444165 0.016037740 -0.829839587 -0.002158623 0.557767451
1403638548327829504.000000 -6.597314835 1.211019754 0.810707688 0.039150402 -0.829633534 0.018789032 0.556617022
1403638548577829376.000000 -6.892570496 1.066193700 0.846417487 0.071739413 -0.827216744 0.043200955 0.555607557
1403638548827829504.000000 -7.194557190 0.924818277 0.858050406 0.088033319 -0.825406492 0.053672608 0.555043817
1403638549027829504.000000 -7.441119194 0.810157478 0.896028101 0.092055365 -0.825237036 0.055720013 0.554441035
1403638549227829504.000000 -7.686604023 0.693106115 0.955249071 0.090477549 -0.823978543 0.058173042 0.556317329
1403638549677829376.000000 -8.257565498 0.433109522 1.104055762 0.081876203 -0.820378184 0.064382292 0.562255263
1403638549877829376.000000 -8.509935379 0.325951397 1.154283404 0.081671648 -0.821818113 0.063083827 0.560326040
1403638550277829376.000000 -9.051008224 0.119421244 1.380743146 0.081174754 -0.823595226 0.065469503 0.557508230
1403638550677829376.000000 -9.604200363 -0.063123897 1.616316438 0.076307952 -0.818951666 0.074318200 0.563890159
1403638551077829376.000000 -10.146697044 -0.204688236 1.774711490 0.072108790 -0.802292645 0.077363998 0.587487578
1403638551277829376.000000 -10.386826515 -0.247740805 1.846024990 0.066209346 -0.801912725 0.084062502 0.587780535
1403638551477829376.000000 -10.593160629 -0.257179826 1.919927120 0.043948658 -0.809417665 0.075005352 0.580763102
1403638551727829504.000000 -10.831513405 -0.222461373 1.988848686 -0.014824486 -0.812804878 0.054052532 0.579833567
1403638554327829504.000000 -11.419336319 1.863880754 2.565176010 -0.029540272 -0.815363765 -0.022783140 0.577745855
1403638556827829504.000000 -10.002689362 3.973886728 2.840205669 -0.094497301 -0.821863115 -0.025018224 0.561235666
1403638558577829376.000000 -9.763545990 5.925596237 3.074350834 -0.084036872 -0.841622531 -0.047504954 0.531368792
1403638561327829504.000000 -10.841001511 8.604480743 2.870697737 -0.354998857 -0.712637842 -0.230193526 0.559583902
1403638561627829504.000000 -10.771265030 8.821851730 2.850696087 -0.356301516 -0.728328168 -0.247395307 0.530455470
1403638562027829504.000000 -10.642139435 9.070463181 2.771692753 -0.361281604 -0.726748228 -0.258472979 0.523931682
1403638562277829376.000000 -10.545704842 9.195656776 2.711201906 -0.381040066 -0.715226054 -0.276029706 0.516786039
1403638563477829376.000000 -9.861256599 9.565914154 2.680226326 -0.548623979 -0.575304151 -0.377781302 0.474676907
1403638563877829376.000000 -9.470482826 9.553626060 2.655034065 -0.552433610 -0.581077278 -0.371331483 0.468272656
1403638564077829376.000000 -9.237910271 9.512281418 2.691087723 -0.550278962 -0.583469868 -0.364429265 0.473230660
1403638564527829504.000000 -8.615604401 9.361783981 2.689584494 -0.531055152 -0.593762934 -0.368568629 0.479148328
1403638564727829504.000000 -8.300816536 9.267018318 2.713589191 -0.536018193 -0.594148874 -0.358179003 0.481019229
1403638564927829504.000000 -7.965809345 9.150114059 2.712450027 -0.539172709 -0.591372728 -0.354546309 0.483598977
1403638565127829504.000000 -7.606725216 9.020207405 2.644318104 -0.539744139 -0.592030048 -0.352651626 0.483542800
1403638565327829504.000000 -7.225553513 8.885716438 2.525021315 -0.539683640 -0.594896674 -0.353294671 0.479606539
1403638566277829376.000000 -5.299767017 8.104170799 2.033382893 -0.528124571 -0.608107924 -0.385154545 0.450494319
1403638566377829376.000000 -5.116151810 8.002320290 1.965318561 -0.528043509 -0.609383762 -0.384747326 0.449211419
1403638566777829376.000000 -4.422358990 7.585236549 1.663228154 -0.541949511 -0.628498554 -0.359651327 0.426533967
1403638566977829376.000000 -4.096711636 7.396251202 1.506729841 -0.547054172 -0.639876366 -0.346591800 0.413720012
1403638567177829376.000000 -3.775341272 7.243322372 1.359226584 -0.531998515 -0.626523972 -0.365767837 0.436645389
1403638567377829376.000000 -3.466937780 7.101494789 1.189709187 -0.521872878 -0.621240139 -0.379991949 0.444202274
1403638567777829376.000000 -2.903942585 6.814525127 0.876981616 -0.531783640 -0.628852844 -0.374986321 0.425600171
1403638568227829504.000000 -2.372359753 6.526051998 0.667099237 -0.535194755 -0.628317475 -0.375178069 0.421930283
1403638568677829376.000000 -1.958201766 6.294639111 0.521806002 -0.536448717 -0.634271920 -0.373554081 0.412770331
1403638569277829376.000000 -1.600579023 6.114352226 0.392012924 -0.536733329 -0.635477483 -0.374906033 0.409305811
1403638569827829504.000000 -1.458626509 6.059494495 0.341325760 -0.533105195 -0.632751882 -0.380254894 0.413315952
1403638571227829504.000000 -1.296528697 6.001892090 -0.003143214 -0.659166992 -0.476921886 -0.429479003 0.391908497
1403638572727829504.000000 0.200412810 5.327864647 -0.147133142 -0.762324750 -0.333933711 -0.501646161 0.236009404
1403638573027829504.000000 0.590790510 5.222833633 -0.111958295 -0.764258087 -0.340686202 -0.500497520 0.222136855
1403638573327829504.000000 0.987794042 5.167430878 -0.088987619 -0.762727678 -0.346953034 -0.497478098 0.224467635
1403638573727829504.000000 1.541936874 5.183454037 -0.007285645 -0.765586436 -0.344221860 -0.500106931 0.212795615
1403638573927829504.000000 1.822536349 5.234226227 0.051961478 -0.763402879 -0.320122331 -0.523595035 0.201459691
1403638574077829376.000000 2.027624369 5.277139187 0.077477776 -0.768748820 -0.278881580 -0.538359404 0.203518093
1403638574327829504.000000 2.356256962 5.330173016 0.093513168 -0.782974541 -0.205432788 -0.555220783 0.190992504
1403638574577829376.000000 2.668691635 5.340024948 0.090286806 -0.797988951 -0.156828895 -0.562002003 0.150904655
1403638574877829376.000000 3.029292345 5.320427895 0.141768500 -0.806955874 -0.144670919 -0.561379731 0.112895623
1403638575277829376.000000 3.496298075 5.287212849 0.174721688 -0.815250456 -0.134500951 -0.548909307 0.126391202
1403638575577829376.000000 3.861771345 5.241162300 0.148660138 -0.820747375 -0.147910818 -0.538163900 0.121966727
1403638576377829376.000000 4.995858669 5.187647820 0.316058248 -0.818478107 -0.173000529 -0.538509965 0.100853845
1403638576577829376.000000 5.298594952 5.222747803 0.355220556 -0.817799151 -0.181457296 -0.539223015 0.086697288
1403638576977829376.000000 5.910127163 5.379994869 0.386687547 -0.806153595 -0.174612895 -0.557106018 0.096226655
1403638577827829504.000000 7.077197075 5.935667038 0.483081520 -0.807052195 -0.173595563 -0.555375457 0.100446135
1403638578277829376.000000 7.619431973 6.337856293 0.514669359 -0.806456387 -0.163024664 -0.555288792 0.121265523
1403638578877829376.000000 8.326187134 6.862208366 0.537182331 -0.802993596 -0.167831004 -0.561065853 0.110630341
1403638579177829376.000000 8.660831451 7.128816605 0.551532924 -0.801380515 -0.171398133 -0.562898338 0.107506029
1403638579377829376.000000 8.872109413 7.320442677 0.595275283 -0.802595556 -0.165295273 -0.560908616 0.117895953
1403638580527829504.000000 9.784809113 8.303265572 0.357240468 -0.694468975 -0.401654303 -0.510718882 0.309116513
1403638580927829504.000000 9.976293564 8.568325043 0.285333961 -0.675249100 -0.458383024 -0.475182056 0.328824818
1403638581427829504.000000 10.182165146 8.807780266 0.359678119 -0.673060656 -0.460043132 -0.479834199 0.324205071
1403638584177829376.000000 9.925975800 9.169826508 1.440993309 -0.672025859 -0.447377175 -0.495163500 0.321010947
1403638585027829504.000000 9.313961029 9.047785759 1.538334370 -0.680566192 -0.452096879 -0.481602818 0.317012489
1403638587877829376.000000 7.085024834 8.732068062 1.569490314 -0.681879878 -0.447596669 -0.480902165 0.321605563
1403638590727829504.000000 4.543332577 8.160784721 1.217029333 -0.686906636 -0.445519030 -0.478343248 0.317584515
1403638591527829504.000000 3.929040432 7.998034477 1.238722920 -0.709108472 -0.455358237 -0.447076827 0.299894124
1403638591977829376.000000 3.714004755 8.060071945 1.162387609 -0.703888834 -0.453248054 -0.453719258 0.305361480
1403638593027829504.000000 3.545620680 8.486179352 1.498423100 -0.657854795 -0.514840066 -0.423851490 0.350023866
1403638595027829504.000000 3.409164429 9.207242012 2.221381426 -0.623328745 -0.520480752 -0.447261393 0.374857783
1403638595427829504.000000 3.313022137 9.203460693 2.266571283 -0.626277149 -0.519833148 -0.446031302 0.372299165
1403638597227829504.000000 2.017041683 9.061852455 2.406917334 -0.580095530 -0.556704164 -0.506326556 0.311774224
1403638597377829376.000000 1.714255452 9.055891037 2.425452232 -0.583352506 -0.550165057 -0.504747510 0.319762886
1403638597527829504.000000 1.380277395 9.046278954 2.431886196 -0.589237809 -0.538182616 -0.499372512 0.337321013
1403638597677829376.000000 1.024691224 9.029026031 2.427042484 -0.593383253 -0.529146492 -0.495612711 0.349668860
1403638597827829504.000000 0.654109001 9.002625465 2.410671711 -0.587087512 -0.537714601 -0.498373538 0.343242139
1403638597977829376.000000 0.264537305 8.966706276 2.385357380 -0.577149510 -0.549440324 -0.499703020 0.339574426
1403638598127829504.000000 -0.149448723 8.924193382 2.367777109 -0.578869581 -0.549290240 -0.488515258 0.352906615
1403638598277829376.000000 -0.581323564 8.868354797 2.360685349 -0.591551363 -0.542620242 -0.466469973 0.371531963
1403638598427829504.000000 -1.015224934 8.805766106 2.349718809 -0.598874509 -0.540392041 -0.454318792 0.378048062
1403638598577829376.000000 -1.445814967 8.737589836 2.325286388 -0.599835873 -0.543938875 -0.447241664 0.379871607
1403638598727829504.000000 -1.871260762 8.666399002 2.289149284 -0.591298580 -0.555103838 -0.440625250 0.384805262
1403638598877829376.000000 -2.292033195 8.592374802 2.260655642 -0.577192962 -0.569166780 -0.431620300 0.395728827
1403638599027829504.000000 -2.706365585 8.515173912 2.242683172 -0.561054170 -0.586658537 -0.418959647 0.406844884
1403638599177829376.000000 -3.117944717 8.434327126 2.240618229 -0.541791379 -0.604627371 -0.406806052 0.418803751
1403638599377829376.000000 -3.661437511 8.317887306 2.259278774 -0.517182827 -0.631360352 -0.385813206 0.430179387
1403638599577829376.000000 -4.196433067 8.196821213 2.295564651 -0.503387988 -0.648393869 -0.370739579 0.434439987
1403638599777829376.000000 -4.722073555 8.076849937 2.307549238 -0.500104010 -0.653217971 -0.365227610 0.435673118
1403638599977829376.000000 -5.239799976 7.967985153 2.295433760 -0.507396102 -0.649470031 -0.359134555 0.437904418
1403638600477829376.000000 -6.437614918 7.777075291 2.223935604 -0.547329426 -0.627636850 -0.316416353 0.454294205
1403638600627829504.000000 -6.746308804 7.749530315 2.220989227 -0.549881637 -0.627972901 -0.315471113 0.451395869
1403638600777829376.000000 -7.024878979 7.741377831 2.236402988 -0.553704381 -0.630118430 -0.310061693 0.447464019
1403638600927829504.000000 -7.277299404 7.753496170 2.262423754 -0.544450402 -0.644457459 -0.321693897 0.429838836
1403638601127829504.000000 -7.592306614 7.799959660 2.282652140 -0.530945659 -0.654899538 -0.338196903 0.418122113
1403638601327829504.000000 -7.900764942 7.877882004 2.288359404 -0.513486743 -0.655539930 -0.359810680 0.420874357
1403638601527829504.000000 -8.219430923 7.972922802 2.299889803 -0.498534173 -0.656361341 -0.350543648 0.444716394
1403638601727829504.000000 -8.540565491 8.070079803 2.333614111 -0.463533789 -0.676849961 -0.335556179 0.463047206
1403638601927829504.000000 -8.861131668 8.160242081 2.394584894 -0.414832175 -0.704624832 -0.315312922 0.481659442
1403638602527829504.000000 -9.829689980 8.339372635 2.531194925 -0.314127922 -0.709365845 -0.254177272 0.577509940
1403638602927829504.000000 -10.296709061 8.277354240 2.705539703 -0.246702582 -0.727470696 -0.194548026 0.609979868
1403638603327829504.000000 -10.486277580 8.087345123 2.858210802 -0.201184452 -0.767003477 -0.133639872 0.594450176
1403638603827829504.000000 -10.510917664 7.833062172 2.886989832 -0.172201365 -0.779301524 -0.141262054 0.585731089
1403638604877829376.000000 -10.183766365 6.903217793 2.823124409 -0.182880461 -0.793475926 -0.127130985 0.566381872
1403638605127829504.000000 -10.066686630 6.644155502 2.841016769 -0.188828796 -0.808255255 -0.118998490 0.544891298
1403638605777829376.000000 -9.876218796 6.043018341 2.910101175 -0.153872147 -0.800776303 -0.165050864 0.554832280
1403638606027829504.000000 -9.844669342 5.757287979 2.955866814 -0.150073901 -0.802831173 -0.172312006 0.550680161
1403638606277829376.000000 -9.838538170 5.422628880 2.982499123 -0.148850739 -0.805128634 -0.177371785 0.546031773
1403638606527829504.000000 -9.857708931 5.044637680 2.960890532 -0.175165743 -0.814659357 -0.144897297 0.533527672
1403638606777829376.000000 -9.913626671 4.665077209 2.905843735 -0.171662211 -0.826087296 -0.120226577 0.523122907
1403638607027829504.000000 -10.021658897 4.308512211 2.850094080 -0.134210229 -0.836152136 -0.087731034 0.524538279
1403638607277829376.000000 -10.181959152 3.986644745 2.838897467 -0.102780282 -0.826212585 -0.060856678 0.550550044
1403638607527829504.000000 -10.360589027 3.698182583 2.796641588 -0.093813092 -0.817706585 -0.046704814 0.566015720
1403638607777829376.000000 -10.532789230 3.440827370 2.718442440 -0.089890450 -0.815862894 -0.048983287 0.569111705
1403638608027829504.000000 -10.697281837 3.212404490 2.613790751 -0.099907272 -0.816515863 -0.041583873 0.567090094
1403638608527829504.000000 -10.997030258 2.839555502 2.320820570 -0.093105331 -0.804976583 -0.062084310 0.582657337
1403638609027829504.000000 -11.172611237 2.511557341 2.012146711 -0.098354265 -0.808928251 -0.053289149 0.577167034
1403638609277829376.000000 -11.221973419 2.372600794 1.917191625 -0.104477443 -0.806085169 -0.044269010 0.580819607
1403638609527829504.000000 -11.247506142 2.262333632 1.792408228 -0.101527341 -0.808323085 -0.049829423 0.577774107
1403638609777829376.000000 -11.257557869 2.173531294 1.633873701 -0.098300800 -0.809521914 -0.054840624 0.576197624
1403638610027829504.000000 -11.258697510 2.101249456 1.504415631 -0.099423803 -0.807357192 -0.053355016 0.579174042
1403638610377829376.000000 -11.227434158 2.026494980 1.357465744 -0.099304572 -0.799257576 -0.054323785 0.590232968
1403638610677829376.000000 -11.152844429 1.981816888 1.189782262 -0.096453555 -0.786275446 -0.058459345 0.607495070
1403638610927829504.000000 -11.037667274 1.950112343 1.066018701 -0.098404206 -0.800259829 -0.051627859 0.589266896
1403638611227829504.000000 -10.864342690 1.932737112 0.938080072 -0.097108878 -0.795797706 -0.050057508 0.595625937
1403638611527829504.000000 -10.641119957 1.930091977 0.824632943 -0.079108313 -0.799584031 -0.076535143 0.590381086
1403638611827829504.000000 -10.385794640 1.899720669 0.747313380 -0.089969300 -0.806155443 -0.065050982 0.581194699
1403638612127829504.000000 -10.122978210 1.861427188 0.647009492 -0.101294510 -0.809251606 -0.052571904 0.576270342
1403638612377829376.000000 -9.906888962 1.844125390 0.606121480 -0.100855567 -0.809294403 -0.055372111 0.576024950
1403638612627829504.000000 -9.688914299 1.839300275 0.558019757 -0.097085342 -0.807157993 -0.066354007 0.578504622
1403638612877829376.000000 -9.467827797 1.832508445 0.478256315 -0.096221194 -0.803637803 -0.075939402 0.582358181
1403638613127829504.000000 -9.239546776 1.810202599 0.421154380 -0.101272427 -0.804973960 -0.073104948 0.580014288
1403638613377829376.000000 -9.008892059 1.777588964 0.409802884 -0.102161549 -0.806761384 -0.073055714 0.577375174
1403638613727829504.000000 -8.687363625 1.722865343 0.380884588 -0.115280949 -0.797365010 -0.073300511 0.587832034
1403638614027829504.000000 -8.386496544 1.676938295 0.295450568 -0.143935412 -0.789961636 -0.094704635 0.588450670
1403638614327829504.000000 -8.053448677 1.631824374 0.196912110 -0.190812722 -0.787919939 -0.127990499 0.571306586
1403638614627829504.000000 -7.711615086 1.583494186 0.159845054 -0.221906796 -0.782117426 -0.138605043 0.565542519
1403638614927829504.000000 -7.356548309 1.560698509 0.197876692 -0.277839988 -0.773872733 -0.149129912 0.549259901
1403638615227829504.000000 -6.975631237 1.596488357 0.292936355 -0.337385118 -0.748113155 -0.210506782 0.531210840
1403638615527829504.000000 -6.589257717 1.658789635 0.387975633 -0.402256757 -0.708951294 -0.273681521 0.510564506
1403638615727829504.000000 -6.340706348 1.695111156 0.429122746 -0.432697177 -0.689894438 -0.296598732 0.498846859
1403638615977829376.000000 -6.041678905 1.722114921 0.499043107 -0.459205508 -0.673689842 -0.309312880 0.489487410
1403638616227829504.000000 -5.738441944 1.742376685 0.531245291 -0.488184750 -0.653596342 -0.328788817 0.475799799
1403638616477829376.000000 -5.429306984 1.760092497 0.474196434 -0.525731206 -0.625613928 -0.351536602 0.456766933
1403638617227829504.000000 -4.497367382 1.892014265 0.253299952 -0.550900102 -0.622432470 -0.360126495 0.423551589
1403638617477829376.000000 -4.190417767 2.003182411 0.254831105 -0.549870968 -0.634223342 -0.352022797 0.414104640
1403638617727829504.000000 -3.906258821 2.148597956 0.305427492 -0.541854620 -0.638863087 -0.355398387 0.414655834
1403638618227829504.000000 -3.420447350 2.528813839 0.475069702 -0.535395145 -0.641715944 -0.353652924 0.420097917
1403638618477829376.000000 -3.211380005 2.749882460 0.522576869 -0.532357037 -0.643403172 -0.354037732 0.421053052
1403638618727829504.000000 -3.023463726 2.987514496 0.559390247 -0.533510208 -0.640716732 -0.360680521 0.418041289
1403638618977829376.000000 -2.858216763 3.238646507 0.618761420 -0.541412950 -0.625875533 -0.372750670 0.419772416
1403638620677829376.000000 -1.933151364 4.650173664 0.494671494 -0.639332235 -0.508821249 -0.435806483 0.377396464
1403638621677829376.000000 -1.239162683 5.079246998 0.454754084 -0.617936134 -0.526959956 -0.444852054 0.377590895
1403638624427829504.000000 -0.526541173 3.895689011 0.419664532 -0.632181883 -0.514428616 -0.440823168 0.376010925
1403638625377829376.000000 -0.411856294 2.908231497 0.365798444 -0.618247688 -0.531056225 -0.427717894 0.390904874
1403638625677829376.000000 -0.363704234 2.587528944 0.380672187 -0.618111432 -0.533220351 -0.426671475 0.389314681
1403638625977829376.000000 -0.307334363 2.283634663 0.401181489 -0.624418736 -0.537498593 -0.419748127 0.380799204
1403638626277829376.000000 -0.238154188 2.009960175 0.389687359 -0.625116289 -0.537258387 -0.420576602 0.379075825
1403638626627829504.000000 -0.155179113 1.717650533 0.343804687 -0.619439363 -0.542423010 -0.428542376 0.372053176
1403638626927829504.000000 -0.101737969 1.498481154 0.321725100 -0.625124574 -0.548686683 -0.418627352 0.364572942
1403638627277829376.000000 -0.051976211 1.298354864 0.325129151 -0.625062943 -0.549796224 -0.417208225 0.364633620
1403638627627829504.000000 -0.017063096 1.146786690 0.300516486 -0.621001542 -0.549535811 -0.424080998 0.364036709
1403638627927829504.000000 0.001185983 1.054116964 0.264933705 -0.617977500 -0.548391342 -0.429315537 0.364772499
1403638628227829504.000000 0.003066033 0.985051930 0.233332172 -0.620593131 -0.549635172 -0.428077132 0.359882385
1403638628527829504.000000 -0.014152929 0.942721128 0.226708129 -0.624727607 -0.539873064 -0.423740834 0.372419566
1403638628977829376.000000 -0.036628932 0.899581850 0.230164617 -0.623613894 -0.535640299 -0.427340657 0.376264900
1403638629277829376.000000 -0.034480281 0.875958264 0.203868881 -0.618454099 -0.542244375 -0.433125257 0.368630171
1403638629577829376.000000 -0.045139626 0.857378364 0.185222432 -0.628260612 -0.547760963 -0.420091361 0.358845264
1403638630077829376.000000 -0.056490965 0.884540796 0.151433274 -0.616110146 -0.527568996 -0.440895289 0.384305388
1403638630377829376.000000 -0.059131846 0.889496207 0.063282266 -0.630153000 -0.550269902 -0.418305665 0.353738189
1403638630577829376.000000 -0.065701261 0.916318536 0.071599290 -0.615870774 -0.536027551 -0.436602622 0.377830595
1403638631027829504.000000 -0.064617842 0.902099669 0.016112359 -0.625046611 -0.564915180 -0.412802368 0.346095026
1403638631177829376.000000 -0.074877031 0.888855457 0.007674903 -0.624775648 -0.565112472 -0.413335741 0.345625281
1403638631327829504.000000 -0.088981226 0.877716601 0.001265842 -0.625218153 -0.564613760 -0.412743092 0.346347600
1403638631477829376.000000 -0.105364256 0.869267821 -0.004309060 -0.625273407 -0.564778268 -0.413208008 0.345424324
1403638631677829376.000000 -0.131420895 0.863077819 -0.009675670 0.625961781 0.563885093 0.412802905 -0.346120179
