1403638139095097088.000000 1.217335701 1.310294271 -6.039783478 -0.625495732 -0.562277973 -0.401095957 0.362933397
1403638140595097088.000000 1.217068553 1.309912086 -6.039564610 -0.625909507 -0.561969817 -0.400891900 0.362922937
1403638143345096960.000000 1.217060566 1.310822845 -6.039314270 -0.626243353 -0.561987996 -0.400457054 0.362798661
1403638145845096960.000000 1.216884494 1.309980392 -6.039134026 -0.626778364 -0.561467230 -0.400151730 0.363017946
1403638148695097088.000000 1.225068688 1.398172736 -5.825424194 -0.608764172 -0.560715497 -0.414442062 0.378473520
1403638151195097088.000000 0.728184819 2.030173063 -5.640323162 -0.530151188 -0.629166067 -0.377206445 0.425211877
1403638151645096960.000000 0.473836303 2.200490713 -5.648463726 -0.465057641 -0.679786980 -0.325930983 0.464090616
1403638151945096960.000000 0.290888369 2.306929111 -5.583488941 -0.447384208 -0.693198621 -0.314298421 0.469616532
1403638152245096960.000000 0.092842445 2.413979292 -5.511866570 -0.444985241 -0.695630133 -0.314867735 0.467915893
1403638153095097088.000000 -0.613891900 2.709513664 -5.455361843 -0.418081373 -0.711943209 -0.287143201 0.485688806
1403638153295097088.000000 -0.797842979 2.784620047 -5.414046764 -0.405068189 -0.724164546 -0.275651008 0.485306054
1403638153495097088.000000 -0.985855579 2.864373207 -5.388831139 -0.382146180 -0.738691807 -0.266287506 0.487226725
1403638153895097088.000000 -1.407072425 3.028805494 -5.312775612 -0.325212896 -0.762266815 -0.237035334 0.506951928
1403638154345096960.000000 -1.919859171 3.192277908 -5.316542625 -0.305560797 -0.753364742 -0.234994933 0.532777309
1403638154645096960.000000 -2.252504110 3.257400751 -5.348072052 -0.304510772 -0.748420179 -0.233414724 0.540978789
1403638155045096960.000000 -2.675548792 3.268932581 -5.306240559 -0.274907500 -0.769655764 -0.218974188 0.533016145
1403638155195097088.000000 -2.835972309 3.253161430 -5.269671917 -0.260499120 -0.772619069 -0.209473625 0.539741516
1403638155345096960.000000 -2.996115446 3.228180170 -5.244675636 -0.248011604 -0.771315277 -0.205359370 0.548990369
1403638155545096960.000000 -3.206896305 3.174566746 -5.234207630 -0.226980731 -0.773539722 -0.194256812 0.558910012
1403638156145096960.000000 -3.755635262 2.881840229 -5.277744293 -0.132962629 -0.809810936 -0.090571821 0.564202130
1403638156295097088.000000 -3.874821901 2.799456835 -5.262402534 -0.108943075 -0.818392038 -0.066877268 0.560261905
1403638156645096960.000000 -4.157497883 2.634601831 -5.251886845 -0.083521128 -0.827444077 -0.041813679 0.553725779
1403638156845096960.000000 -4.334007263 2.559273481 -5.275825977 -0.082750253 -0.828202426 -0.041455869 0.552733660
1403638157195097088.000000 -4.671723366 2.459274530 -5.300369263 -0.090326421 -0.832571089 -0.046470672 0.544524610
1403638157645096960.000000 -5.176043034 2.370494604 -5.266143322 -0.064077526 -0.824110448 -0.046742503 0.560848773
1403638158045096960.000000 -5.650807381 2.272136927 -5.220408440 0.002581873 -0.821909547 -0.001754703 0.569609582
1403638158395097088.000000 -6.053894997 2.183600187 -5.194377422 0.022763683 -0.822303653 0.022666195 0.568141460
1403638158795097088.000000 -6.494433403 2.092337847 -5.219119072 0.024955146 -0.821187794 0.018427780 0.569814205
1403638158995097088.000000 -6.707851410 2.041888714 -5.214821339 0.016280394 -0.828323007 0.024223126 0.559490144
1403638159195097088.000000 -6.924973965 1.996902227 -5.187470436 0.012974582 -0.843375027 0.023912068 0.536636293
1403638159745096960.000000 -7.580524445 1.931975603 -5.115439415 -0.012917989 -0.794888735 0.056780297 0.603954613
1403638160195097088.000000 -7.960659981 2.027198076 -4.904691696 0.015180891 -0.807023942 0.022629689 0.589889765
1403638160745096960.000000 -8.324500084 2.179368019 -4.522810936 0.016641319 -0.827822983 0.023150282 0.560264468
1403638160945096960.000000 -8.468764305 2.238451481 -4.406171799 -0.004715424 -0.811549187 0.026333977 0.583671272
1403638161095097088.000000 -8.567490578 2.294031620 -4.328963757 -0.027110761 -0.805548310 0.012231768 0.591783226
1403638161445096960.000000 -8.751235962 2.452207088 -4.176827908 -0.092879400 -0.813896060 -0.043204188 0.571909189
1403638161995097088.000000 -9.017327309 2.741673708 -4.032245636 -0.142410725 -0.808503032 -0.072557561 0.566372335
1403638162595097088.000000 -9.290297508 3.160264492 -3.890324116 -0.160942882 -0.807296216 -0.077176787 0.562506914
1403638165545096960.000000 -9.248990059 6.225051403 -3.258981943 -0.277236462 -0.760751128 -0.165346354 0.563079357
1403638165945096960.000000 -8.968690872 6.627311707 -3.345577240 -0.268371969 -0.758233905 -0.186092049 0.564293921
1403638166145096960.000000 -8.802772522 6.801544666 -3.363879681 -0.267713964 -0.772564471 -0.183675006 0.545652807
1403638166395097088.000000 -8.603206635 7.006434917 -3.293741941 -0.260102570 -0.778010964 -0.185469463 0.540968180
1403638166595097088.000000 -8.450391769 7.155887604 -3.197974205 -0.257140279 -0.779112160 -0.183838472 0.541356266
1403638166795097088.000000 -8.306865692 7.298783779 -3.132337093 -0.264129192 -0.779475868 -0.169014454 0.542298198
1403638167395097088.000000 -7.962789059 7.819669724 -3.004976034 -0.267872274 -0.797016740 -0.160547197 0.516946316
1403638167595097088.000000 -7.898621559 8.035907745 -2.945798397 -0.270089000 -0.787686169 -0.160125583 0.530058801
1403638167795097088.000000 -7.842556477 8.265152931 -2.912895441 -0.289800465 -0.773725331 -0.155959755 0.541332841
1403638168195097088.000000 -7.711141109 8.785422325 -2.872725248 -0.337894231 -0.750503898 -0.184045672 0.537306964
1403638168395097088.000000 -7.620649338 9.068902016 -2.818418980 -0.357723027 -0.741134584 -0.211116180 0.527431309
1403638168595097088.000000 -7.524430275 9.359521866 -2.759013414 -0.367393941 -0.745085120 -0.237655342 0.503378570
1403638168995097088.000000 -7.385643482 9.943695068 -2.725696325 -0.369226903 -0.752890885 -0.252798349 0.482617676
1403638169145096960.000000 -7.364175797 10.165560722 -2.735112190 -0.365380198 -0.745185375 -0.251631588 0.497873157
1403638169695097088.000000 -7.264945984 10.977557182 -2.829159498 -0.419278383 -0.690543771 -0.262399346 0.527732491
1403638169845096960.000000 -7.194491863 11.190549850 -2.830615997 -0.434196353 -0.683718920 -0.295706511 0.506517231
1403638169995097088.000000 -7.117592812 11.392815590 -2.813224316 -0.446954429 -0.668774724 -0.334368408 0.491090417
1403638170295097088.000000 -6.966969490 11.741494179 -2.786557436 -0.501717448 -0.620441437 -0.365347415 0.479430228
1403638170495097088.000000 -6.857728481 11.934042931 -2.801051617 -0.543195724 -0.593185067 -0.374368966 0.461430192
1403638170645096960.000000 -6.764889240 12.066128731 -2.804317236 -0.567375839 -0.565379143 -0.384515166 0.458889276
1403638171095097088.000000 -6.399794579 12.364282608 -2.767723083 -0.618952632 -0.505180359 -0.428509086 0.421983898
1403638171495097088.000000 -5.995156288 12.490486145 -2.783954859 -0.637143135 -0.474148124 -0.445299119 0.413450032
1403638171795097088.000000 -5.638298512 12.483246803 -2.811884403 -0.650710106 -0.448160827 -0.453424811 0.412473202
1403638171945096960.000000 -5.438831806 12.439386368 -2.817652464 -0.653960586 -0.434192896 -0.461726606 0.413062602
1403638172145096960.000000 -5.150391579 12.332139969 -2.806828022 -0.655088305 -0.430779308 -0.472366303 0.402689308
1403638172345096960.000000 -4.848994255 12.174286842 -2.815830708 -0.656080961 -0.431933761 -0.474940747 0.396764696
1403638172545096960.000000 -4.539199829 11.977901459 -2.866843700 -0.653656363 -0.429693460 -0.475978613 0.401922047
1403638172745096960.000000 -4.218927860 11.742397308 -2.951339722 -0.651897728 -0.429976672 -0.472697079 0.408297718
1403638172945096960.000000 -3.884530783 11.457355499 -3.054043770 -0.652145445 -0.432184309 -0.465308219 0.414018631
1403638173145096960.000000 -3.532793522 11.126549721 -3.175801992 -0.658370137 -0.438819706 -0.449659079 0.414478838
1403638174295097088.000000 -1.387788773 8.870104790 -4.192560673 -0.658716977 -0.475731343 -0.456809580 0.362072825
1403638174545096960.000000 -0.965551734 8.358995438 -4.421063900 -0.664493620 -0.481764108 -0.447147608 0.355542868
1403638174695097088.000000 -0.715005994 8.067378998 -4.544565678 -0.665966988 -0.489480644 -0.444137901 0.345887482
1403638174895097088.000000 -0.386591256 7.699842930 -4.683385372 -0.668576002 -0.495546848 -0.439745039 0.337733477
1403638175095097088.000000 -0.069397047 7.365592480 -4.796871185 -0.669384658 -0.494850844 -0.440487057 0.336181581
1403638175295097088.000000 0.239209175 7.070008278 -4.884181023 -0.671089768 -0.495871574 -0.441731453 0.329580337
1403638175445096960.000000 0.463671982 6.871486664 -4.931541920 -0.676364005 -0.502251863 -0.435541272 0.317141533
1403638175595097088.000000 0.682085454 6.702864647 -4.960100651 -0.683210671 -0.510840237 -0.424761474 0.303056479
1403638175745096960.000000 0.893053472 6.565206051 -4.974247456 -0.690712631 -0.516110778 -0.411874831 0.294796497
1403638175945096960.000000 1.169455171 6.437039375 -5.010758400 -0.689700544 -0.522706628 -0.410695285 0.287089497
1403638176245096960.000000 1.560770631 6.369811535 -5.088116646 -0.658253193 -0.508441210 -0.456298977 0.316198558
1403638176945096960.000000 2.209379673 6.407528400 -5.092998981 -0.655155480 -0.498464704 -0.464272946 0.326733589
1403638177195097088.000000 2.358623266 6.453022003 -5.080272198 -0.653785646 -0.502788961 -0.466642678 0.319393545
1403638177695097088.000000 2.543525219 6.600131989 -5.163692474 -0.667024493 -0.485565066 -0.452109694 0.338971704
1403638178945096960.000000 3.041980267 6.713182449 -5.294044971 -0.753165185 -0.329844654 -0.503562927 0.265271842
1403638179295097088.000000 3.242635965 6.636940479 -5.376454353 -0.774216175 -0.316523552 -0.500990152 0.222285628
1403638179745096960.000000 3.563188076 6.573873997 -5.508879185 -0.786287427 -0.234814674 -0.540380120 0.186020270
1403638180045096960.000000 3.783630610 6.519933701 -5.552378178 -0.806605041 -0.185080290 -0.541366637 0.148512349
1403638180445096960.000000 4.106167793 6.448350906 -5.588359356 -0.815427125 -0.167171195 -0.538308442 0.131744415
1403638180945096960.000000 4.580575466 6.377746582 -5.644951344 -0.818559766 -0.181674436 -0.529509246 0.128741577
1403638181345096960.000000 5.031274319 6.355911732 -5.689136028 -0.808244884 -0.168474391 -0.544023931 0.149647951
1403638181795097088.000000 5.562579632 6.245071411 -5.785631657 -0.805421174 -0.086911947 -0.576660991 0.105854712
1403638182145096960.000000 5.931892872 6.077436924 -5.772876263 -0.826224506 -0.046091601 -0.558884919 0.053630803
1403638182395097088.000000 6.198431969 5.950574875 -5.750247002 -0.835061312 -0.027898943 -0.546639383 0.055495404
1403638182795097088.000000 6.679647446 5.729708672 -5.664115429 -0.838100076 -0.047777813 -0.542101443 0.037837807
1403638183245096960.000000 7.292566776 5.508726597 -5.591544151 -0.823300660 -0.058773167 -0.563207269 0.038979307
1403638184895097088.000000 9.622035027 5.248738766 -5.462859154 -0.822549880 -0.059975479 -0.564721107 0.030079784
1403638185295097088.000000 10.159691811 5.324563503 -5.411770344 -0.821762264 -0.064549290 -0.565641999 0.024277939
1403638185545096960.000000 10.484441757 5.406779766 -5.373775959 -0.813326001 -0.083954893 -0.575192750 0.024608806
1403638185945096960.000000 10.955322266 5.610710144 -5.312299252 -0.815867126 -0.092515163 -0.564332604 0.085618548
1403638186245096960.000000 11.288638115 5.754834175 -5.301280975 -0.818797648 -0.104564093 -0.558924019 0.078999013
1403638187395097088.000000 12.504849434 6.436060429 -5.166704655 -0.777654469 -0.214876011 -0.570712566 0.152869523
1403638190195097088.000000 12.292293549 7.648310184 -4.726911068 -0.751374841 -0.339672446 -0.513489902 0.237458631
1403638190845096960.000000 11.914133072 7.838232994 -4.786819458 -0.719427586 -0.369970262 -0.531623781 0.250842988
1403638190945096960.000000 11.833202362 7.866513729 -4.789206982 -0.721580744 -0.368988067 -0.526706517 0.256416202
1403638191295097088.000000 11.527205467 7.936396122 -4.749555111 -0.730343580 -0.370097309 -0.512750328 0.258289218
1403638191495097088.000000 11.348668098 7.969524384 -4.711300373 -0.736231387 -0.372430354 -0.505631864 0.252181381
1403638191645096960.000000 11.218817711 7.999995232 -4.696146965 -0.735933185 -0.372613251 -0.507373035 0.249267876
1403638192045096960.000000 10.877467155 8.115550041 -4.705892086 -0.733060002 -0.378683448 -0.512331605 0.238198012
1403638194945096960.000000 7.858922482 7.680380344 -3.920058727 -0.730017960 -0.397108108 -0.487794399 0.267274529
1403638196395097088.000000 6.828786850 7.453834534 -3.976813793 -0.725450754 -0.394460171 -0.492864907 0.274238139
1403638196845096960.000000 6.662573338 7.554724693 -3.986185789 -0.739672661 -0.396745145 -0.474016786 0.266055822
1403638197245096960.000000 6.583611488 7.705062866 -3.992757559 -0.725126266 -0.392870396 -0.495892972 0.271909565
1403638197695097088.000000 6.494468689 7.897341728 -3.872281075 -0.711143732 -0.396577597 -0.515254796 0.267419934
1403638198095097088.000000 6.366184235 8.063715935 -3.785049200 -0.702065647 -0.384043664 -0.525995255 0.287998796
1403638198545096960.000000 6.170502186 8.180272102 -3.932873964 -0.708521128 -0.399217695 -0.516590953 0.267874688
1403638198945096960.000000 5.902860641 8.270798683 -4.073985100 -0.685679495 -0.419869959 -0.544464886 0.238978848
1403638199345096960.000000 5.429719925 8.392848015 -4.068968296 -0.688157737 -0.411058217 -0.542756259 0.250770420
1403638199545096960.000000 5.124514103 8.458357811 -4.015358448 -0.687688529 -0.418307364 -0.542972684 0.239341065
1403638199845096960.000000 4.584943771 8.574042320 -3.901477337 -0.692222714 -0.425142020 -0.518028021 0.267822802
1403638199995097088.000000 4.295141697 8.634463310 -3.855514765 -0.693939149 -0.426871806 -0.507394314 0.280677497
1403638200195097088.000000 3.902585745 8.715752602 -3.807114601 -0.677549422 -0.446911424 -0.507480204 0.289241970
1403638200295097088.000000 3.701472282 8.756705284 -3.778872013 -0.663916588 -0.456862867 -0.509847939 0.300908834
1403638200395097088.000000 3.494937897 8.796630859 -3.744493246 -0.651171148 -0.467542738 -0.509703279 0.312382013
1403638200495097088.000000 3.283820629 8.834268570 -3.704388618 -0.640876830 -0.481986701 -0.508858562 0.313095301
1403638200695097088.000000 2.840477467 8.905071259 -3.604177952 -0.621318400 -0.510329604 -0.504820943 0.314138591
1403638200795097088.000000 2.606523275 8.938543320 -3.550447464 -0.616183341 -0.521684170 -0.498742044 0.315309733
1403638200945096960.000000 2.240066290 8.987227440 -3.480179787 -0.617752671 -0.525905132 -0.485625237 0.325535953
1403638201095097088.000000 1.860389233 9.035681725 -3.426016569 -0.623045683 -0.519755661 -0.474207908 0.341752946
1403638201395097088.000000 1.090618253 9.125191689 -3.366946936 -0.627563477 -0.514570296 -0.471055239 0.345670998
1403638201545096960.000000 0.705138683 9.166379929 -3.362222195 -0.627650142 -0.511665165 -0.474113405 0.345645189
1403638201695097088.000000 0.318515003 9.204266548 -3.373448372 -0.627633214 -0.508487463 -0.477155864 0.346178234
1403638201845096960.000000 -0.069731601 9.236530304 -3.403775930 -0.628752470 -0.505878747 -0.477643281 0.347295046
1403638201995097088.000000 -0.461899161 9.260903358 -3.441178799 -0.626761734 -0.510518134 -0.474354446 0.348609984
1403638202445096960.000000 -1.631094694 9.278420448 -3.491040945 -0.631581247 -0.522894502 -0.440535158 0.365534157
1403638202595097088.000000 -2.003147602 9.285979271 -3.511617899 -0.633094907 -0.522762299 -0.436288536 0.368188441
1403638202745096960.000000 -2.362062693 9.296039581 -3.546189547 -0.634219110 -0.523268282 -0.434697211 0.367416382
1403638202895097088.000000 -2.707495928 9.308018684 -3.589159489 -0.632278442 -0.522704482 -0.438469857 0.367080748
1403638203345096960.000000 -3.676974773 9.329934120 -3.662753582 -0.626725614 -0.517471433 -0.447791636 0.372721165
1403638203495097088.000000 -3.981078863 9.328459740 -3.677702665 -0.626971841 -0.515556335 -0.447178781 0.375685006
1403638203945096960.000000 -4.828361988 9.290539742 -3.705397367 -0.627822399 -0.516631305 -0.444344521 0.376150459
1403638204095097088.000000 -5.090119839 9.266011238 -3.687155485 -0.629178286 -0.518396318 -0.440319180 0.376190245
1403638204245096960.000000 -5.341116428 9.238091469 -3.653059244 -0.635609210 -0.517709732 -0.429647714 0.378656119
1403638204395097088.000000 -5.576384068 9.211781502 -3.609892845 -0.648633718 -0.513323724 -0.410912544 0.383306742
1403638204645096960.000000 -5.917577744 9.178284645 -3.549263954 -0.649982154 -0.511247873 -0.406709313 0.388247877
1403638204845096960.000000 -6.148606300 9.160109520 -3.529653788 -0.626262307 -0.536820531 -0.412498415 0.386606306
1403638204995097088.000000 -6.309876442 9.150223732 -3.532325983 -0.594593763 -0.567475796 -0.411587447 0.393732548
1403638205195097088.000000 -6.526893616 9.141138077 -3.547888041 -0.541690648 -0.615873754 -0.385339737 0.422828585
1403638205395097088.000000 -6.749137402 9.131851196 -3.539582729 -0.474708855 -0.663594782 -0.346998453 0.462477595
1403638205595097088.000000 -6.968762875 9.115343094 -3.500159740 -0.409747392 -0.698316216 -0.332265586 0.483798742
1403638205795097088.000000 -7.194275856 9.073299408 -3.436051130 -0.367878973 -0.712804258 -0.332360864 0.496096283
1403638205995097088.000000 -7.442798615 8.989659309 -3.355171919 -0.339809358 -0.729911268 -0.304170698 0.509155631
1403638206395097088.000000 -7.975091457 8.713766098 -3.165124416 -0.283877820 -0.751459539 -0.240395516 0.544914544
1403638206795097088.000000 -8.469584465 8.343408585 -3.069048643 -0.266057968 -0.752850056 -0.209494308 0.564395428
1403638206995097088.000000 -8.682806969 8.138071060 -3.059385061 -0.256180644 -0.753032625 -0.201439291 0.571607888
1403638207195097088.000000 -8.870002747 7.919825554 -3.076838255 -0.251605392 -0.750855565 -0.197893441 0.577709973
1403638207395097088.000000 -9.027894974 7.685285091 -3.123241425 -0.234083563 -0.752518594 -0.187269941 0.586387873
1403638207595097088.000000 -9.151399612 7.430114269 -3.164659977 -0.203489169 -0.763634086 -0.164159074 0.590344787
1403638207795097088.000000 -9.233998299 7.163670063 -3.180213928 -0.191486433 -0.780103385 -0.135983840 0.579896629
1403638208195097088.000000 -9.334660530 6.661782265 -3.143510103 -0.188169405 -0.785666585 -0.123375177 0.576280296
1403638208645096960.000000 -9.368808746 6.141930580 -3.174380064 -0.176637322 -0.794593215 -0.115681157 0.569244206
1403638208845096960.000000 -9.365043640 5.923523903 -3.162021160 -0.161537871 -0.796537519 -0.101278663 0.573738813
1403638209095097088.000000 -9.343285561 5.667740822 -3.160147905 -0.148839399 -0.797714829 -0.094928540 0.576616287
1403638209545096960.000000 -9.261636734 5.248974800 -3.261688471 -0.147618756 -0.796066523 -0.089211911 0.580110490
1403638209795097088.000000 -9.199289322 5.043420315 -3.425848007 -0.148017034 -0.796090603 -0.092294931 0.579493165
1403638210195097088.000000 -9.060060501 4.738569736 -3.811236143 -0.143025830 -0.781841695 -0.101456158 0.598309040
1403638210595097088.000000 -8.811050415 4.430454731 -4.163068771 -0.144771636 -0.781195939 -0.100879587 0.598830104
1403638210995097088.000000 -8.447777748 4.122541428 -4.520900726 -0.149647802 -0.785888076 -0.094715051 0.592464924
1403638211195097088.000000 -8.231076241 3.974953890 -4.656001568 -0.152174816 -0.791469395 -0.089904122 0.585095048
1403638211645096960.000000 -7.713474751 3.693109035 -4.914177895 -0.193050534 -0.784518003 -0.111904398 0.578567624
1403638211895097088.000000 -7.398817062 3.567324638 -5.089507580 -0.254257143 -0.768493772 -0.138985589 0.570485532
1403638212095097088.000000 -7.131824493 3.490624666 -5.205462933 -0.298905790 -0.753559649 -0.169610962 0.560388625
1403638212345096960.000000 -6.777355194 3.419197559 -5.302212715 -0.345852792 -0.733991385 -0.212493420 0.544508100
1403638212545096960.000000 -6.478325367 3.371492863 -5.341801167 -0.383750826 -0.714360714 -0.242222235 0.532684207
1403638212745096960.000000 -6.164728165 3.326302767 -5.352848530 -0.422541618 -0.695114136 -0.270105571 0.515090227
1403638212945096960.000000 -5.838806629 3.282698870 -5.338273525 -0.463853180 -0.668717861 -0.298138499 0.498768598
1403638213145096960.000000 -5.502705097 3.243307352 -5.305736542 -0.509228170 -0.638685048 -0.323881298 0.477356195
1403638213245096960.000000 -5.331393719 3.224953651 -5.293573380 -0.536030829 -0.623852074 -0.329189956 0.463803440
1403638213445096960.000000 -4.979454517 3.199101686 -5.288564205 -0.591360748 -0.589222729 -0.332006067 0.439182252
1403638213545096960.000000 -4.794476986 3.194686413 -5.293425560 -0.611983657 -0.570087373 -0.339728653 0.430186987
1403638213745096960.000000 -4.405105114 3.203190327 -5.300077915 -0.611442149 -0.548642516 -0.389768600 0.416185498
1403638213845096960.000000 -4.206647396 3.210909843 -5.295599461 -0.608161390 -0.545227170 -0.406188697 0.409728855
1403638214245096960.000000 -3.425023079 3.244514465 -5.230278969 -0.614994526 -0.559909880 -0.397375494 0.387782693
1403638214445096960.000000 -3.046541452 3.278031349 -5.203316689 -0.614305079 -0.569651425 -0.388493776 0.383665323
1403638214645096960.000000 -2.674378633 3.333373547 -5.196699619 -0.600745261 -0.566983104 -0.399338931 0.397697985
1403638215245096960.000000 -1.615603089 3.490177870 -5.302603245 -0.583295345 -0.568637908 -0.409349680 0.410914123
1403638215645096960.000000 -0.981203079 3.561957359 -5.395194054 -0.578023970 -0.573140621 -0.417097181 0.404262275
1403638215845096960.000000 -0.696977615 3.588959217 -5.412554264 -0.583977640 -0.566489995 -0.414124906 0.408117265
1403638216245096960.000000 -0.167105407 3.612466097 -5.480218410 -0.590692282 -0.557695091 -0.422498822 0.401937485
1403638216845096960.000000 0.500928938 3.586094856 -5.530241966 -0.588519692 -0.556125939 -0.434717804 0.394194096
1403638219495097088.000000 1.352866411 3.004592896 -5.600700378 -0.635043442 -0.483977079 -0.478838503 0.364965379
1403638220895097088.000000 1.277441859 2.288386822 -5.602015018 -0.650580585 -0.495124876 -0.462260216 0.343382746
1403638221345096960.000000 1.237166524 2.062755108 -5.645045280 -0.658088446 -0.494092494 -0.455144346 0.340052783
1403638221845096960.000000 1.187627077 1.845742345 -5.673736095 -0.659824431 -0.486157835 -0.454014301 0.349504352
1403638222345096960.000000 1.154952765 1.651466966 -5.646938801 -0.662418723 -0.496736288 -0.449971944 0.334633917
1403638222795097088.000000 1.127626777 1.535979271 -5.689130783 -0.657086611 -0.491004854 -0.457753479 0.342947781
1403638223245096960.000000 1.090698123 1.433371544 -5.740653515 -0.664136589 -0.492751807 -0.447508126 0.340374559
1403638223545096960.000000 1.069641709 1.366505504 -5.756470680 -0.669137180 -0.479294151 -0.440368026 0.358620554
1403638223795097088.000000 1.079152226 1.316824555 -5.781861305 -0.658382058 -0.490664542 -0.456884235 0.342108577
1403638224045096960.000000 1.088633299 1.271176457 -5.815775871 -0.655395269 -0.497613579 -0.460733354 0.332509458
1403638224295097088.000000 1.085792780 1.240055561 -5.856664181 -0.662923515 -0.501392841 -0.449435174 0.327331275
1403638224645096960.000000 1.070785880 1.231535077 -5.899876118 -0.655001342 -0.488916397 -0.461230367 0.345254362
1403638224895097088.000000 1.055504441 1.227752686 -5.922975540 -0.664376378 -0.493231297 -0.447679579 0.338983655
1403638225345096960.000000 1.046591163 1.243241668 -5.911102772 -0.660486162 -0.496137440 -0.450062662 0.339189172
1403638225745096960.000000 1.045354605 1.258713245 -5.944114208 -0.640265822 -0.484815449 -0.477885783 0.355863690
1403638225995097088.000000 1.031289816 1.245615005 -6.029888630 -0.661607087 -0.499663383 -0.447772533 0.334831893
1403638226195097088.000000 1.015950561 1.262366533 -6.026242256 -0.672882199 -0.500463009 -0.425599456 0.340046346
1403638226345096960.000000 1.010022044 1.266341209 -6.026649475 -0.663196266 -0.505629182 -0.442048192 0.330307782
1403638226845096960.000000 1.026539803 1.268978000 -5.987967491 -0.662908971 -0.505231142 -0.442088246 0.331438243
1403638227345096960.000000 1.040384531 1.264414310 -5.956368446 -0.663180411 -0.505670667 -0.441490710 0.331020892
1403638227845096960.000000 1.048479080 1.257447124 -5.935394764 -0.663227856 -0.506113350 -0.441102296 0.330767244
1403638228145096960.000000 1.049943209 1.254031062 -5.929131985 -0.663384259 -0.506151497 -0.440780073 0.330824733
1403638228645096960.000000 1.049296498 1.251765966 -5.928343296 -0.663565934 -0.506317377 -0.440317690 0.330822080
