#Stereo rect[ms], MP culling[ms], MP creation[ms], LBA[ms], KF culling[ms], Total[ms]
4.686764,0.009377,0.091009,0.014240,0.014240,4.811310
2.746828,0.037217,0.394311,0.004320,0.004320,3.185972
3.563706,0.106722,1.812862,0.002496,0.002496,5.488698
3.988161,0.143779,2.182051,0.278213,0.278213,16.960277
7.610620,0.298244,15.723745,0.644778,0.644778,55.893678
6.134468,0.239460,8.620237,0.929999,0.929999,58.118259
4.835791,0.171267,8.389449,0.887726,0.887726,64.893345
6.442088,0.127491,10.386729,1.219828,1.219828,64.800511
8.169189,0.143042,20.245738,1.190099,1.190099,66.980738
9.509306,0.156195,17.111095,1.366294,1.366294,73.723984
10.111621,0.187747,21.033846,46.400979,46.400979,133.845059
5.675581,0.077473,9.996451,1.354422,1.354422,57.396455
5.907328,0.101410,10.735310,2.200068,2.200068,47.352259
6.255366,0.082241,10.397001,2.020289,2.020289,57.123490
6.103108,0.084609,11.880545,2.322373,2.322373,61.095842
5.990497,0.103266,13.751296,2.536201,2.536201,61.963824
6.368520,0.114914,14.242696,1.753468,1.753468,65.553483
6.377928,0.105441,13.592702,2.205732,2.205732,69.193766
6.129732,0.090529,11.956195,2.361702,2.361702,69.943890
6.256486,0.089377,11.523036,2.253668,2.253668,76.523421
5.835999,0.057761,12.093221,2.503753,2.503753,76.400284
8.746191,0.066625,17.307993,2.700844,2.700844,91.983033
14.102981,0.099906,30.672051,3.459288,3.459288,136.603342
14.112421,0.103458,29.726308,3.276245,3.276245,127.714749
13.067668,0.162307,29.343965,2.960944,2.960944,120.544488
11.670686,0.156002,30.693492,2.793165,2.793165,127.089555
10.772815,0.190723,30.492976,2.744269,2.744269,133.800512
10.416458,0.190019,28.498319,2.911791,2.911791,111.637527
8.630316,0.220004,27.244667,2.775309,2.775309,125.808317
8.752974,0.201156,32.795829,2.725933,2.725933,135.638557
10.443370,0.186691,36.690260,2.333382,2.333382,273.565087
13.605149,0.230916,38.866903,3.140691,3.140691,158.817684
14.749200,0.222244,37.270813,2.520745,2.520745,126.696747
10.166630,0.150850,29.592577,2.687339,2.687339,120.701737
13.193558,0.211396,32.475951,2.677355,2.677355,132.371238
8.816367,0.168162,29.657282,2.796749,2.796749,126.134272
10.644557,0.209059,24.569071,2.394407,2.394407,109.113068
6.917681,0.097377,15.476795,2.830030,2.830030,97.520176
6.019874,0.097025,14.141830,2.603307,2.603307,63.331397
8.557867,0.081025,21.489309,2.245732,2.245732,90.590271
7.824607,0.091361,20.508749,3.180692,3.180692,81.851089
7.332695,0.075938,19.156183,3.587291,3.587291,85.279241
6.879312,0.095777,17.937764,2.427591,2.427591,83.039812
6.029570,0.077473,15.753312,2.691852,2.691852,73.684812
5.684413,0.066529,16.294312,1.828798,1.828798,81.962899
5.055378,0.115938,1.411542,0.005568,0.005568,6.593195
5.282454,0.290468,2.079522,0.004832,0.004832,7.660988
6.506410,0.403142,3.404951,0.423782,0.423782,31.686432
7.344118,0.296197,8.565451,0.929583,0.929583,58.229517
7.533050,0.168355,11.249110,0.896111,0.896111,51.711652
6.643243,0.221284,14.164677,1.168819,1.168819,70.765367
8.596779,0.298213,15.705854,1.349270,1.349270,77.553925
8.671341,0.270564,24.765008,1.345781,1.345781,86.383891
9.403192,0.319045,19.333560,1.539801,1.539801,81.581094
9.178164,0.356518,25.313817,49.475550,49.475550,163.452271
4.404167,0.114370,1.419607,0.005600,0.005600,5.948608
6.061410,0.408135,3.624410,0.004704,0.004704,10.102211
6.616715,0.480327,7.587707,0.574665,0.574665,55.248059
5.049938,0.352549,7.074386,1.254773,1.254773,56.539088
6.835599,0.281892,10.745805,1.458807,1.458807,63.345981
6.277957,0.308389,14.974897,1.190772,1.190772,53.768899
6.720012,0.214116,16.102371,1.112018,1.112018,47.667712
6.975441,0.210947,24.834896,1.374262,1.374262,69.603778
7.926207,0.269349,25.019795,1.427319,1.427319,75.367966
7.129779,0.305476,21.648733,37.744032,37.744032,111.466979
6.486889,0.195043,1.718684,0.005632,0.005632,8.410888
7.554170,0.441127,4.655339,0.004736,0.004736,12.659052
6.880975,0.554025,8.359078,0.527977,0.527977,33.768640
6.396135,0.401638,9.979681,0.867822,0.867822,56.286026
6.753805,0.205347,14.029218,0.911023,0.911023,58.264842
5.946687,0.220644,14.253189,0.976176,0.976176,66.313035
6.024513,0.237668,12.094114,1.158067,1.158067,63.582495
8.620234,0.245156,22.512203,1.088817,1.088817,79.837668
9.148052,0.281284,20.753326,1.108530,1.108530,75.113721
8.939408,0.258596,22.232774,36.247303,36.247303,114.880472
4.418727,0.092482,1.266676,0.004160,0.004160,5.785885
5.437175,0.376614,3.654331,0.004480,0.004480,9.476344
7.119283,0.559721,9.059121,0.231332,0.231332,38.600141
7.248181,0.467687,11.868319,1.168147,1.168147,41.764511
6.682059,0.200004,15.637723,1.112754,1.112754,54.999092
7.739068,0.280069,18.662956,1.506744,1.506744,63.057621
6.510537,0.266788,9.017393,1.394999,1.394999,61.227448
5.846046,0.260421,12.542409,1.368086,1.368086,65.418491
8.235109,0.302084,17.924448,1.019664,1.019664,81.660832
5.701275,0.203587,11.480217,42.411817,42.411817,101.763106
4.490888,0.114978,1.229203,0.005920,0.005920,5.844670
4.413959,0.301605,2.712203,0.004064,0.004064,7.435127
4.349734,0.372646,4.059361,0.365221,0.365221,26.517129
6.124578,0.328837,5.461560,0.745932,0.745932,31.625467
7.745404,0.274725,11.391959,1.151890,1.151890,59.109045
6.089154,0.256772,11.540185,1.524440,1.524440,65.837537
6.145954,0.310853,14.627531,1.425783,1.425783,57.618332
9.173811,0.362598,14.827278,1.210803,1.210803,70.176038
5.823838,0.284324,10.565098,1.291125,1.291125,68.651150
9.106002,0.420326,20.168324,45.097780,45.097780,134.030054
4.960688,0.100609,1.006544,0.004352,0.004352,6.075585
6.960335,0.463432,4.724972,0.004832,0.004832,12.157507
7.594073,0.805389,7.706620,0.538216,0.538216,59.838783
5.038993,0.363717,4.719180,0.673035,0.673035,26.400551
6.177091,0.345285,7.209556,1.073490,1.073490,52.450921
5.991936,0.422727,9.308117,1.104658,1.104658,59.568476
5.523161,0.350053,9.066226,1.371126,1.371126,54.183685
4.753228,0.301061,8.340230,0.897134,0.897134,42.098979
6.274180,0.384167,11.635706,1.190163,1.190163,63.646908
5.878558,0.367846,12.690028,36.205828,36.205828,98.091908
6.010112,0.130242,1.369046,0.004864,0.004864,7.518744
5.879070,0.343525,3.292469,0.004352,0.004352,9.521976
4.268196,0.440647,3.821694,0.289573,0.289573,22.461992
7.800541,0.592842,10.753420,0.881166,0.881166,43.491865
6.159619,0.382982,8.076834,1.330773,1.330773,50.952144
5.221460,0.400391,8.499272,1.312629,1.312629,49.103507
7.677147,0.498248,14.112834,1.167731,1.167731,53.226164
3.828542,0.270276,6.902223,1.365558,1.365558,36.409159
3.420694,0.232708,7.118898,1.574265,1.574265,45.767260
4.038497,0.076001,0.827085,0.005376,0.005376,4.950927
3.460759,0.194691,1.555833,0.002944,0.002944,5.217235
4.292005,0.382118,4.231876,0.502408,0.502408,27.864926
3.319158,0.222723,3.974016,0.861326,0.861326,20.065442
4.390375,0.216355,8.735372,1.122514,1.122514,39.099858
6.528776,0.324357,12.434439,1.227603,1.227603,45.613785
4.303045,0.207811,8.183779,1.447671,1.447671,49.235603
5.520696,0.252388,9.725852,1.312341,1.312341,49.740924
6.837357,0.270789,9.431990,1.464119,1.464119,53.032144
3.969888,0.156066,9.002352,27.051825,27.051825,67.438391
3.294485,0.056577,0.610090,0.002336,0.002336,3.966400
5.147090,0.347366,4.438759,0.004160,0.004160,9.940895
5.134066,0.425830,9.611546,0.133314,0.133314,34.598249
5.835549,0.327781,11.438071,0.571913,0.571913,36.731979
3.988511,0.182531,6.087074,0.705579,0.705579,26.712331
7.487383,0.301637,13.629850,1.226996,1.226996,61.911837
6.922159,0.294436,14.112546,1.030096,1.030096,57.529943
4.991823,0.199683,9.468376,0.765772,0.765772,42.130177
4.767500,0.208612,9.086833,0.922447,0.922447,62.244515
2.924911,0.201859,5.766205,24.872878,24.872878,56.920110
3.463352,0.064353,0.647370,0.004224,0.004224,4.181987
3.490519,0.267077,1.728699,0.002880,0.002880,5.491575
7.233971,0.654858,5.589914,0.417735,0.417735,39.237746
8.047840,0.576042,9.450966,1.092914,1.092914,61.141360
5.180307,0.373606,8.137890,1.658106,1.658106,59.845723
6.023168,0.300228,9.695227,1.394902,1.394902,58.038877
7.867422,0.322373,15.282516,1.290645,1.290645,73.095406
9.060561,0.307013,17.019279,1.981312,1.981312,73.354482
9.299060,0.301701,17.138545,1.800444,1.800444,79.560532
8.304805,0.205155,16.290916,41.998909,41.998909,113.037674
3.208275,0.052545,0.526792,0.003520,0.003520,3.793788
5.134386,0.517097,2.698155,0.005184,0.005184,8.359334
4.634410,0.566281,5.005456,0.348069,0.348069,33.370804
4.966223,0.512648,5.465463,0.748940,0.748940,39.373491
5.451159,0.329157,8.403398,1.201619,1.201619,56.176991
3.912254,0.273861,4.322148,0.797484,0.797484,30.233218
4.776716,0.364326,9.260148,0.894158,0.894158,56.592421
3.263572,0.228067,5.947391,1.257940,1.257940,39.341586
3.032432,0.232100,5.226003,0.827213,0.827213,33.654200
3.811357,0.294661,9.341748,31.359123,31.359123,86.454785
2.962446,0.052449,0.589097,0.004033,0.004033,3.611705
2.388262,0.243043,1.599962,0.002720,0.002720,4.236323
2.940431,0.397670,2.771180,0.101954,0.101954,12.207041
2.680714,0.241988,2.327173,0.206436,0.206436,12.097695
2.872013,0.211043,3.414678,0.312068,0.312068,16.051356
2.936014,0.043969,0.464999,0.003712,0.003712,3.451382
5.282131,0.344357,3.163890,0.003840,0.003840,8.797642
3.886077,0.409766,3.118097,0.365414,0.365414,19.400369
3.909950,0.073953,0.775436,0.004672,0.004672,4.767275
4.003103,0.307748,2.799244,0.003328,0.003328,7.116047
4.271523,0.419591,4.747946,0.354277,0.354277,22.728453
2.884334,0.226371,3.028848,0.353414,0.353414,17.774808
3.648537,0.043457,0.431654,0.004000,0.004000,4.130337
5.786907,0.313605,4.016831,0.004320,0.004320,10.124799
5.371060,0.451336,5.462325,0.404486,0.404486,23.819606
5.607256,0.238019,4.069024,0.744908,0.744908,28.722723
6.212897,0.272901,8.728073,0.977775,0.977775,39.285321
8.162529,0.414246,12.366754,1.618873,1.618873,63.593703
5.816540,0.281828,10.749993,1.423606,1.423606,60.064688
5.139153,0.229891,9.299858,1.053425,1.053425,65.552838
7.391700,0.304997,14.032156,1.256276,1.256276,66.839898
9.065134,0.424071,19.602420,54.350037,54.350037,133.295213
3.811196,0.051905,0.525768,0.005024,0.005024,4.397989
5.069488,0.546537,4.613768,0.003968,0.003968,10.236673
4.442982,0.601481,3.326836,0.220003,0.220003,21.352623
5.348116,0.530409,7.492597,0.430887,0.430887,30.503999
4.657609,0.338693,5.239538,0.557353,0.557353,24.237660
7.566007,0.506920,12.673543,0.496136,0.496136,36.031286
4.492678,0.267172,8.041438,0.737548,0.737548,34.360347
7.847163,0.421959,15.085132,1.033520,1.033520,60.035982
5.268371,0.358117,12.564518,0.669386,0.669386,58.210097
5.315123,0.313477,14.218111,34.666527,34.666527,100.223267
3.553432,0.049664,0.523817,0.004704,0.004704,4.134561
3.683034,0.281765,1.967038,0.002560,0.002560,5.936573
4.078560,0.334438,3.811707,0.270148,0.270148,20.062971
5.281170,0.296773,7.569143,0.860077,0.860077,37.662894
7.880219,0.238820,14.225375,1.194386,1.194386,59.239008
7.798907,0.275620,15.356145,1.346293,1.346293,66.115948
8.166560,0.195907,17.212366,1.749019,1.749019,70.183724
4.514982,0.129506,8.702441,1.704250,1.704250,46.250324
4.269411,0.134818,9.864923,1.035952,1.035952,57.493893
5.347380,0.140930,11.172719,40.504699,40.504699,101.397269
4.748362,0.102466,11.588213,1.286100,1.286100,71.068217
5.521751,0.154946,15.160110,1.417110,1.417110,70.395535
5.438549,0.151170,15.454290,1.610010,1.610010,62.753591
5.861787,0.174787,15.418226,1.562616,1.562616,65.730949
5.987902,0.166595,15.828920,1.722651,1.722651,72.860790
5.988830,0.113762,16.456354,1.843229,1.843229,76.161418
6.322275,0.149955,18.604259,2.035136,2.035136,87.408889
6.416580,0.141218,17.869752,2.140290,2.140290,89.285238
6.834699,0.151363,20.731908,2.315301,2.315301,98.997007
6.495782,0.116322,19.423088,2.279364,2.279364,100.287875
6.993933,0.121890,22.923079,2.146721,2.146721,120.297052
8.089342,0.130370,26.482303,3.150641,3.150641,132.931777
9.722456,0.155555,29.211849,3.203122,3.203122,122.979398
8.960876,0.157475,29.948085,3.290260,3.290260,125.185416
6.483013,0.131682,22.107226,3.295476,3.295476,129.475659
7.375508,0.182467,27.482286,3.047696,3.047696,135.819407
6.512710,0.182850,21.338030,3.088048,3.088048,124.094390
5.847420,0.207651,18.687492,2.866989,2.866989,105.489908
4.434181,0.151106,14.223551,3.220338,3.220338,97.379156
4.641513,0.141858,13.784152,3.286739,3.286739,95.832732
4.685514,0.149538,13.278320,2.937678,2.937678,94.970575
4.731338,0.157379,13.682838,3.122832,3.122832,91.962528
4.386917,0.120162,12.838889,3.143378,3.143378,89.813118
3.427446,0.133986,10.008188,2.777388,2.777388,158.350062
3.582360,0.133666,8.954508,2.479878,2.479878,73.656128
3.075889,0.129762,8.021309,2.654025,2.654025,60.699126
3.552951,0.175331,9.394867,1.446998,1.446998,73.255354
3.428854,0.181218,9.797978,1.025584,1.025584,71.196538
3.767515,0.225507,10.360610,0.873614,0.873614,70.832756
3.530679,0.232740,10.556613,0.714731,0.714731,78.479372
3.458806,0.185923,8.737000,0.791052,0.791052,62.734005
2.662666,0.179171,5.736506,2.260579,2.260579,93.645978
2.402214,0.144514,5.302387,0.744556,0.744556,38.318456
2.762475,0.130114,6.175489,1.997312,1.997312,78.903859
2.137825,0.121794,5.117616,0.673002,0.673002,34.484635
2.319652,0.097442,4.982445,2.228674,2.228674,74.513613
2.358021,0.094977,5.677625,0.628842,0.628842,33.517484
2.481991,0.068353,5.593975,2.634697,2.634697,76.854322
2.851277,0.082081,7.269298,0.746060,0.746060,37.969970
2.391366,0.096417,7.006350,1.477816,1.477816,37.999635
2.536200,0.129314,8.247969,1.046992,1.046992,39.599147
2.582696,0.115682,7.770618,0.623529,0.623529,40.043186
2.835532,0.142082,8.316994,2.017823,2.017823,76.728976
4.462566,0.154882,17.736405,2.472391,2.472391,108.307454
5.270771,0.193923,17.938424,2.144769,2.144769,103.287823
5.463638,0.205091,20.725700,1.998623,1.998623,125.830960
5.920476,0.177027,18.158492,2.047168,2.047168,100.527907
5.175473,0.148899,12.998379,2.341284,2.341284,86.727468
4.993870,0.146114,13.956090,2.310372,2.310372,93.100911
4.700586,0.140066,11.230032,2.307940,2.307940,85.884671
4.513351,0.098657,11.071341,2.531527,2.531527,82.405544
5.346932,0.122306,13.367633,2.659530,2.659530,85.180980
5.396628,0.120770,13.904185,2.573992,2.573992,86.025632
5.293619,0.113922,13.091853,1.841085,1.841085,85.299638
4.784171,0.121442,11.775160,2.077216,2.077216,90.352164
5.243282,0.123490,13.121613,2.448838,2.448838,77.876129
5.269331,0.114689,12.867338,3.042927,3.042927,85.812957
5.630584,0.142562,13.786168,1.992383,1.992383,84.162660
5.495798,0.148706,13.995035,1.354933,1.354933,91.189617
5.513046,0.130466,15.104300,3.090736,3.090736,106.242940
5.491286,0.147234,14.874601,3.467158,3.467158,89.300436
5.989534,0.133346,14.807303,1.347189,1.347189,84.820045
5.638136,0.127458,15.482994,2.138338,2.138338,93.453428
5.640568,0.133218,15.630260,3.479414,3.479414,84.052385
5.683481,0.103426,16.581859,2.495655,2.495655,82.889487
5.936957,0.133026,17.601523,2.465158,2.465158,89.837979
5.328595,0.149347,15.950617,3.009423,3.009423,83.694652
5.920284,0.136738,17.866455,2.959214,2.959214,85.670906
5.544374,0.132867,14.882280,1.555832,1.555832,87.186258
5.953533,0.140002,17.104299,1.618329,1.618329,86.169410
6.007422,0.142434,17.192141,1.997471,1.997471,90.756650
9.229168,0.210404,31.368426,2.307364,2.307364,120.817439
7.632056,0.191363,24.564255,2.631081,2.631081,118.369401
5.109551,0.131010,13.773719,3.144337,3.144337,90.828330
5.637080,0.157379,16.108475,2.093376,2.093376,88.698953
6.076639,0.131618,17.335247,3.276499,3.276499,126.463383
6.260482,0.148130,28.013430,2.830636,2.830636,122.287765
6.745738,0.153154,19.093482,2.797100,2.797100,118.869184
6.356451,0.149954,21.396366,3.147985,3.147985,104.039832
5.077039,0.132258,12.452483,3.555319,3.555319,91.808953
4.837899,0.132866,12.731111,3.619736,3.619736,87.094640
9.258000,0.221636,22.660225,3.082928,3.082928,119.562378
4.943757,0.130658,13.212590,2.280420,2.280420,93.534004
5.205009,0.139522,13.893305,3.056656,3.056656,104.485374
5.256946,0.138786,13.794680,2.322469,2.322469,94.102941
6.926956,0.188515,20.583842,3.004463,3.004463,125.200194
10.036893,0.233635,21.298797,2.404358,2.404358,123.034080
9.107150,0.159234,20.690371,3.397653,3.397653,123.295331
8.136351,0.171203,20.190235,2.748395,2.748395,107.913044
5.169648,0.123362,12.645254,3.513239,3.513239,99.306317
8.914187,0.184867,24.051383,3.282931,3.282931,119.641771
5.934589,0.165571,17.588114,2.782732,2.782732,121.115010
6.005086,0.116386,19.144106,3.570295,3.570295,121.455974
6.029214,0.157155,17.953848,2.850253,2.850253,115.074019
8.307809,0.188227,20.917030,3.854268,3.854268,115.999761
7.597175,0.144034,20.684450,5.418805,5.418805,115.351271
6.817963,0.120258,21.460686,4.147457,4.147457,110.509372
6.779882,0.133634,18.916199,3.680569,3.680569,129.578501
7.281778,0.118305,20.422719,3.866589,3.866589,127.285185
8.646343,0.130722,24.719585,3.133649,3.133649,125.087390
6.626343,0.095042,19.145418,4.046111,4.046111,130.806935
6.600583,0.131042,22.749091,2.755435,2.755435,120.463062
8.461668,0.110722,26.445884,4.385828,4.385828,454.948084
6.998541,0.169411,18.473152,3.912029,3.912029,110.752158
6.549382,0.141570,18.078650,3.621529,3.621529,113.245349
6.350883,0.128738,19.460591,3.823804,3.823804,127.070748
6.435780,0.177699,24.241466,3.344692,3.344692,131.367871
6.652103,0.177315,21.081769,5.566935,5.566935,129.712773
12.327968,0.249540,37.421799,4.363140,4.363140,162.878538
12.172638,0.320645,31.839023,4.830027,4.830027,166.829638
7.012974,0.165538,20.860677,4.996621,4.996621,136.825619
7.644631,0.204323,25.685392,5.335795,5.335795,143.103284
6.647815,0.132354,19.631506,5.861724,5.861724,135.448925
6.748585,0.115394,19.617842,6.065342,6.065342,131.808644
6.882795,0.137922,18.564289,8.866922,8.866922,133.886757
10.771111,0.239012,30.632253,4.722698,4.722698,160.937673
10.077501,0.138466,23.991990,3.859580,3.859580,148.162978
6.892556,0.112449,17.603922,6.422116,6.422116,137.900483
4.890861,0.094369,12.777383,7.525045,7.525045,120.313745
6.360803,0.096577,20.867781,4.907981,4.907981,136.707855
4.633096,0.071713,12.861673,6.396388,6.396388,113.869164
4.621927,0.090530,11.158605,4.850283,4.850283,69.642171
2.947598,0.105282,8.014429,3.843900,3.843900,58.542127
4.872683,0.115778,18.386174,5.997950,5.997950,91.315180
4.368868,0.057249,14.258110,3.826043,3.826043,59.727649
3.268851,0.090369,7.919867,3.726650,3.726650,40.120464
3.169778,0.057921,7.759608,3.654969,3.654969,35.522889
