#LBA time[ms],KF opt[#],KF fixed[#],MP[#],Edges[#]
0.015744,3,1,0,1200
0.005568,4,1,0,1344
0.004960,5,1,0,1054
0.597096,6,1,0,1018
0.387269,7,1,0,1138
0.537671,8,1,0,1452
0.942156,8,2,0,1815
1.101134,9,2,0,2325
0.670121,0,0,0,0
0.541287,0,0,0,0
48.236502,0,0,0,0
1.639605,0,0,0,0
2.122172,0,0,0,0
2.329695,0,0,0,0
1.698903,0,0,0,0
1.801112,0,0,0,0
1.757463,0,0,0,0
2.867877,0,0,0,0
2.338270,0,0,0,0
2.481345,0,0,0,0
2.484704,0,0,0,0
3.283531,0,0,0,0
3.725201,0,0,0,0
3.432525,0,0,0,0
4.448026,0,0,0,0
4.149302,0,0,0,0
3.667920,0,0,0,0
3.718896,0,0,0,0
3.460621,0,0,0,0
3.931892,0,0,0,0
3.969876,0,0,0,0
4.311193,0,0,0,0
4.458139,0,0,0,0
4.052117,0,0,0,0
5.230308,0,0,0,0
4.879168,0,0,0,0
3.873298,0,0,0,0
3.472974,0,0,0,0
4.628412,0,0,0,0
3.912051,0,0,0,0
5.863725,0,0,0,0
4.924512,0,0,0,0
4.330840,0,0,0,0
5.596745,0,0,0,0
5.897133,0,0,0,0
3.969844,0,0,0,0
6.176049,0,0,0,0
3.722001,0,0,0,0
5.994159,3,1,0,636
3.679409,4,1,0,823
4.088117,5,1,0,1035
0.005760,6,1,0,1244
0.004704,7,1,0,1396
0.258755,8,1,0,1659
0.875404,9,1,0,1786
1.105614,3,7,0,1033
1.430259,0,0,0,0
1.631766,0,0,0,0
1.742679,0,0,0,0
1.542964,0,0,0,0
79.731762,0,0,0,0
1.588469,0,0,0,0
2.194620,0,0,0,0
2.128060,0,0,0,0
1.508596,0,0,0,0
1.774903,0,0,0,0
1.810104,0,0,0,0
1.515444,0,0,0,0
1.891609,0,0,0,0
1.728759,0,0,0,0
2.012987,0,0,0,0
2.390367,0,0,0,0
3.239306,3,1,0,685
3.274890,4,1,0,888
2.382784,5,1,0,836
2.255261,6,1,0,963
2.355199,7,1,0,1198
0.006432,8,1,0,1241
0.005440,9,1,0,1226
0.005888,10,1,0,1396
0.006080,0,0,0,0
0.004192,0,0,0,0
0.006336,0,0,0,0
0.005856,0,0,0,0
0.005408,0,0,0,0
0.005472,0,0,0,0
0.005952,0,0,0,0
0.005792,0,0,0,0
0.005184,0,0,0,0
0.005344,0,0,0,0
0.005344,0,0,0,0
0.004800,3,1,0,287
0.005792,4,1,0,372
0.005280,5,1,0,470
0.005984,6,1,0,563
0.004448,7,1,0,661
0.519751,8,1,0,766
0.716361,9,1,0,877
0.760042,10,1,0,967
0.835018,0,0,0,0
0.941676,0,0,0,0
0.987916,3,1,0,254
0.998765,4,1,0,379
36.706303,5,1,0,549
1.164015,6,1,0,774
0.938477,7,1,0,997
0.910636,8,1,0,1297
1.077550,9,1,0,1691
1.059950,9,2,0,2134
1.214192,0,0,0,0
1.220496,0,0,0,0
1.410995,0,0,0,0
1.472723,0,0,0,0
2.008538,0,0,0,0
1.627797,0,0,0,0
0.005600,0,0,0,0
0.004288,0,0,0,0
0.225219,0,0,0,0
0.268196,0,0,0,0
0.498407,0,0,0,0
0.651017,0,0,0,0
0.781162,0,0,0,0
1.099439,0,0,0,0
1.396274,0,0,0,0
44.738343,0,0,0,0
2.098715,0,0,0,0
1.883705,0,0,0,0
0.005920,0,0,0,0
0.004480,0,0,0,0
0.193475,0,0,0,0
0.296900,0,0,0,0
0.457318,0,0,0,0
0.595527,0,0,0,0
0.872779,0,0,0,0
0.882859,0,0,0,0
1.177999,0,0,0,0
37.469000,0,0,0,0
1.242384,0,0,0,0
1.589621,0,0,0,0
1.473747,0,0,0,0
1.627734,0,0,0,0
1.713111,0,0,0,0
1.793656,0,0,0,0
2.097947,0,0,0,0
2.377791,0,0,0,0
2.100251,0,0,0,0
3.157257,0,0,0,0
3.028072,0,0,0,0
3.145097,0,0,0,0
3.376364,0,0,0,0
5.014562,0,0,0,0
4.397849,0,0,0,0
4.550876,0,0,0,0
5.894765,0,0,0,0
4.562940,0,0,0,0
4.588316,0,0,0,0
4.521307,0,0,0,0
4.955105,0,0,0,0
7.139549,0,0,0,0
6.287250,0,0,0,0
7.614691,0,0,0,0
8.959605,0,0,0,0
6.636791,0,0,0,0
10.505993,0,0,0,0
6.526325,0,0,0,0
8.064937,0,0,0,0
5.950318,0,0,0,0
6.731992,0,0,0,0
8.017673,0,0,0,0
6.064911,0,0,0,0
10.336487,0,0,0,0
6.911002,0,0,0,0
9.499932,0,0,0,0
9.376186,0,0,0,0
6.831961,0,0,0,0
7.978568,0,0,0,0
6.347923,0,0,0,0
7.515746,0,0,0,0
6.625526,0,0,0,0
8.575311,0,0,0,0
6.577077,0,0,0,0
7.373312,0,0,0,0
6.505269,0,0,0,0
10.283462,0,0,0,0
6.212593,0,0,0,0
6.449844,0,0,0,0
7.167614,0,0,0,0
7.128380,0,0,0,0
9.927234,0,0,0,0
5.384646,0,0,0,0
8.973973,0,0,0,0
6.989179,0,0,0,0
10.673291,0,0,0,0
6.780408,0,0,0,0
8.367821,0,0,0,0
7.555714,0,0,0,0
7.906503,0,0,0,0
7.353120,0,0,0,0
8.828467,0,0,0,0
10.116644,0,0,0,0
8.546032,0,0,0,0
7.873990,0,0,0,0
9.114679,0,0,0,0
10.530186,0,0,0,0
10.986255,0,0,0,0
8.583888,0,0,0,0
11.611863,0,0,0,0
10.557802,0,0,0,0
8.581871,0,0,0,0
12.883880,0,0,0,0
9.560189,0,0,0,0
11.251058,0,0,0,0
11.552086,0,0,0,0
11.831546,0,0,0,0
11.805114,0,0,0,0
10.357959,0,0,0,0
11.604535,0,0,0,0
9.351898,0,0,0,0
14.020983,0,0,0,0
10.539114,0,0,0,0
10.741963,0,0,0,0
7.671940,0,0,0,0
9.479131,0,0,0,0
7.251454,0,0,0,0
9.730398,0,0,0,0
8.456174,0,0,0,0
9.410171,0,0,0,0
8.890963,0,0,0,0
9.981506,0,0,0,0
8.894292,0,0,0,0
6.640023,0,0,0,0
8.032713,0,0,0,0
8.148234,0,0,0,0
8.600815,0,0,0,0
8.814739,0,0,0,0
12.948425,0,0,0,0
11.741881,0,0,0,0
12.062749,0,0,0,0
12.386530,0,0,0,0
13.296781,0,0,0,0
13.601425,0,0,0,0
11.860602,0,0,0,0
12.634436,0,0,0,0
13.533232,0,0,0,0
12.550147,0,0,0,0
12.716357,0,0,0,0
11.595639,0,0,0,0
12.224639,0,0,0,0
11.932571,0,0,0,0
12.617188,0,0,0,0
11.199025,0,0,0,0
11.724857,0,0,0,0
13.765459,0,0,0,0
12.926760,0,0,0,0
10.757292,0,0,0,0
13.436271,0,0,0,0
11.655192,0,0,0,0
9.563580,0,0,0,0
10.689739,0,0,0,0
11.656631,0,0,0,0
9.132279,0,0,0,0
9.102615,0,0,0,0
6.672150,0,0,0,0
9.462236,0,0,0,0
9.368122,0,0,0,0
10.807469,0,0,0,0
9.250168,0,0,0,0
8.288748,0,0,0,0
9.219128,0,0,0,0
10.359623,0,0,0,0
11.712889,0,0,0,0
6.650486,0,0,0,0
5.654090,0,0,0,0
10.057155,0,0,0,0
5.588297,0,0,0,0
7.456385,0,0,0,0
7.641987,0,0,0,0
8.074089,0,0,0,0
8.876468,0,0,0,0
8.177482,0,0,0,0
8.674289,0,0,0,0
7.593314,0,0,0,0
6.885913,0,0,0,0
7.279710,0,0,0,0
7.212605,0,0,0,0
8.344396,0,0,0,0
6.111183,0,0,0,0
7.960199,0,0,0,0
6.293458,0,0,0,0
6.387987,0,0,0,0
5.883788,0,0,0,0
5.829132,0,0,0,0
4.294744,0,0,0,0
7.638596,0,0,0,0
4.933312,0,0,0,0
6.878201,0,0,0,0
5.472968,0,0,0,0
6.150384,0,0,0,0
5.665994,0,0,0,0
7.078812,0,0,0,0
7.776773,0,0,0,0
6.954650,0,0,0,0
8.387405,0,0,0,0
8.779922,0,0,0,0
8.965908,0,0,0,0
8.932820,0,0,0,0
10.506825,0,0,0,0
9.544509,0,0,0,0
8.428654,0,0,0,0
9.172663,0,0,0,0
6.137712,0,0,0,0
10.788557,0,0,0,0
6.639223,0,0,0,0
10.337031,0,0,0,0
8.986261,0,0,0,0
8.099465,0,0,0,0
8.071785,0,0,0,0
8.501423,0,0,0,0
9.380410,0,0,0,0
8.880660,0,0,0,0
7.836326,0,0,0,0
9.473403,0,0,0,0
9.471419,0,0,0,0
8.483374,0,0,0,0
8.217995,0,0,0,0
10.568266,0,0,0,0
9.264089,0,0,0,0
6.020398,0,0,0,0
5.548712,0,0,0,0
6.294034,0,0,0,0
6.010798,0,0,0,0
6.446292,0,0,0,0
5.825483,0,0,0,0
7.060092,0,0,0,0
7.859591,0,0,0,0
6.918265,0,0,0,0
6.782520,0,0,0,0
7.214046,0,0,0,0
4.410873,0,0,0,0
7.180797,0,0,0,0
4.022228,0,0,0,0
4.788414,0,0,0,0
7.261022,0,0,0,0
8.483054,0,0,0,0
8.382956,0,0,0,0
7.375680,0,0,0,0
7.216126,0,0,0,0
6.970171,0,0,0,0
7.355936,0,0,0,0
7.810406,0,0,0,0
7.036956,0,0,0,0
7.064891,0,0,0,0
6.287410,0,0,0,0
9.527068,0,0,0,0
9.804576,0,0,0,0
9.472315,0,0,0,0
10.125155,0,0,0,0
7.471201,0,0,0,0
6.746359,0,0,0,0
9.517180,0,0,0,0
8.680849,0,0,0,0
8.282412,0,0,0,0
7.249567,0,0,0,0
7.354624,0,0,0,0
8.575503,0,0,0,0
10.471496,0,0,0,0
9.661182,0,0,0,0
10.821709,0,0,0,0
7.438016,0,0,0,0
13.108683,0,0,0,0
8.583343,0,0,0,0
8.996853,0,0,0,0
10.206852,0,0,0,0
11.514549,0,0,0,0
8.524718,0,0,0,0
9.283032,0,0,0,0
9.299992,0,0,0,0
13.633425,0,0,0,0
12.154398,0,0,0,0
11.720056,0,0,0,0
10.724684,0,0,0,0
13.594513,0,0,0,0
13.898165,0,0,0,0
13.570673,0,0,0,0
13.139819,0,0,0,0
10.913166,0,0,0,0
15.721964,0,0,0,0
14.744224,0,0,0,0
14.466364,0,0,0,0
12.560995,0,0,0,0
14.158072,0,0,0,0
16.916508,0,0,0,0
17.146335,0,0,0,0
17.532356,0,0,0,0
13.079178,0,0,0,0
18.190860,0,0,0,0
15.233669,0,0,0,0
14.493117,0,0,0,0
20.061380,0,0,0,0
11.206417,0,0,0,0
11.686648,0,0,0,0
13.353678,0,0,0,0
13.124075,0,0,0,0
16.842939,0,0,0,0
12.332864,0,0,0,0
16.211283,0,0,0,0
13.789043,0,0,0,0
14.821569,0,0,0,0
16.155922,0,0,0,0
17.430242,0,0,0,0
19.827713,0,0,0,0
21.288468,0,0,0,0
26.150260,0,0,0,0
19.966403,0,0,0,0
27.965067,0,0,0,0
28.312880,0,0,0,0
24.478526,0,0,0,0
23.039852,0,0,0,0
20.528491,0,0,0,0
22.275457,0,0,0,0
28.699957,0,0,0,0
19.855458,0,0,0,0
23.059787,0,0,0,0
22.768871,0,0,0,0
19.845762,0,0,0,0
22.061022,0,0,0,0
21.661369,0,0,0,0
23.269230,0,0,0,0
22.368771,0,0,0,0
19.742464,0,0,0,0
22.631974,0,0,0,0
30.969234,0,0,0,0
21.897148,0,0,0,0
21.388406,0,0,0,0
24.066329,0,0,0,0
19.784673,0,0,0,0
19.323547,0,0,0,0
20.968209,0,0,0,0
23.693171,0,0,0,0
20.636492,0,0,0,0
20.391720,0,0,0,0
27.046879,0,0,0,0
25.521707,0,0,0,0
27.475844,0,0,0,0
22.695015,0,0,0,0
20.981361,0,0,0,0
27.083231,0,0,0,0
20.400296,0,0,0,0
23.419824,0,0,0,0
28.305392,0,0,0,0
26.665306,0,0,0,0
18.047178,0,0,0,0
24.479198,0,0,0,0
25.277448,0,0,0,0
23.936054,0,0,0,0
25.758350,0,0,0,0
23.537842,0,0,0,0
25.635724,0,0,0,0
24.967844,0,0,0,0
27.877418,0,0,0,0
21.092466,0,0,0,0
28.027659,0,0,0,0
29.891555,0,0,0,0
21.163411,0,0,0,0
30.550476,0,0,0,0
25.195270,0,0,0,0
26.564441,0,0,0,0
26.200532,0,0,0,0
28.045804,0,0,0,0
31.428824,0,0,0,0
33.925752,0,0,0,0
31.631258,0,0,0,0
33.045965,0,0,0,0
32.044064,0,0,0,0
34.355710,0,0,0,0
36.789341,0,0,0,0
31.225909,0,0,0,0
37.592935,0,0,0,0
29.284636,0,0,0,0
37.973004,0,0,0,0
37.145826,0,0,0,0
41.944512,0,0,0,0
32.307011,0,0,0,0
35.588141,0,0,0,0
34.118747,0,0,0,0
29.730242,0,0,0,0
33.509587,0,0,0,0
30.719567,0,0,0,0
34.112699,0,0,0,0
28.347920,0,0,0,0
30.120903,0,0,0,0
33.235215,0,0,0,0
29.829635,0,0,0,0
34.305277,0,0,0,0
33.200495,0,0,0,0
29.818179,0,0,0,0
35.987218,0,0,0,0
31.742267,0,0,0,0
37.707689,0,0,0,0
29.517151,0,0,0,0
35.387115,0,0,0,0
33.835959,0,0,0,0
32.361060,0,0,0,0
32.879690,0,0,0,0
38.615509,0,0,-2147483648,342772750
27.115008,0,-1084110005,-1084060547,1079844441
40.060520,0,-536870912,-536870912,1334257360
39.298749,0,-1084993768,1064470172,1079787322
36.736028,1356537312,1610612736,1073741824,1454653884
28.295855,65535,1063379344,1063432722,1080087988
30.168199,289,1073741824,-2147483648,-923864645
33.172174,0,-1075839056,-1076677893,1080230488
28.701749,1377046304,-1073741824,-2147483648,2064
35.749168,65535,-1083463466,1062237683,0
21.446582,69,69,69,69
24.758305,0,0,0,0
19.151960,1,0,1,0
23.874422,65535,65535,65535,65535
18.995734,1376251632,1377967088,1357099216,1358705024
15.932366,65535,65535,65535,65535
12.998696,0,0,1379605984,0
18.803860,0,0,65535,0
12.188446,0,0,1376517136,0
18.031754,0,0,65535,0
12.489474,716400,122157,74618,791342
16.960572,65535,65535,65535,65535
13.479663,916067430,-631116103,-1950495356,-1379545281
16.712441,1063428523,1063418825,1062989494,1062306564
7.632067,0,536870912,1073741824,1357230960
15.220902,0,1064294787,-1084336151,65535
9.716638,69,69,69,69
10.700555,0,0,0,0
