1403638147795097088.000000 -2.298235178 0.221721768 4.311508656 -0.589483261 -0.596343994 -0.379495531 0.390981555
1403638148845096960.000000 -2.307657957 0.339454472 4.517285824 -0.574367762 -0.599502504 -0.385592401 0.402513415
1403638151645096960.000000 -3.158564568 1.055642247 4.703535080 -0.423697710 -0.706045508 -0.297343910 0.483287305
1403638152095097088.000000 -3.458542585 1.185176730 4.809272289 -0.403852701 -0.720132947 -0.284306407 0.487320691
1403638153295097088.000000 -4.503687859 1.494289041 4.934950352 -0.361518174 -0.746687055 -0.245919630 0.501284957
1403638153645096960.000000 -4.859014511 1.596353412 4.990349770 -0.312210500 -0.772276521 -0.229745910 0.503319442
1403638153845096960.000000 -5.085362434 1.653055429 5.031013489 -0.284630299 -0.779662788 -0.209456578 0.516952157
1403638155245096960.000000 -6.660191536 1.714565992 5.098625660 -0.210736036 -0.785545290 -0.174259722 0.555105984
1403638155645096960.000000 -7.070652485 1.560689569 5.122524261 -0.171832234 -0.784885526 -0.145259440 0.577345788
1403638155845096960.000000 -7.255651474 1.449277759 5.103664398 -0.142865151 -0.788540125 -0.112929150 0.587401986
1403638156245096960.000000 -7.566944122 1.194075465 5.092121601 -0.069430985 -0.820114851 -0.040589191 0.566518784
1403638156445096960.000000 -7.715694427 1.073093176 5.112112999 -0.045183942 -0.828850687 -0.017360901 0.557372153
1403638156645096960.000000 -7.871046066 0.965576470 5.109144688 -0.035824809 -0.830748200 -0.008764209 0.555425286
1403638157045096960.000000 -8.220685959 0.786979973 5.060578823 -0.038481284 -0.832781672 -0.011646851 0.552139819
1403638157895097088.000000 -9.156429291 0.495853841 5.106704235 0.028822977 -0.819971681 0.010773983 0.571576476
1403638158295097088.000000 -9.611970901 0.336098254 5.159329414 0.065276712 -0.819348454 0.056934413 0.566714823
1403638158545096960.000000 -9.887939453 0.249485672 5.156332016 0.077742048 -0.817094088 0.049380485 0.569100201
1403638158795097088.000000 -10.153845787 0.158179879 5.137735844 0.072515748 -0.818049788 0.052009724 0.568182290
1403638159195097088.000000 -10.573275566 0.013092220 5.169461250 0.061810393 -0.840945899 0.055609610 0.534693539
1403638159995097088.000000 -11.462403297 -0.114547670 5.344893932 0.052558016 -0.793183923 0.066415876 0.603063762
1403638160395097088.000000 -11.745891571 -0.036882304 5.599317551 0.066708043 -0.823163450 0.053547148 0.561324000
1403638160595097088.000000 -11.883313179 0.003855735 5.741060257 0.066726170 -0.826854289 0.053366896 0.555888116
1403638160995097088.000000 -12.181303024 0.088636898 5.975234032 0.035264865 -0.807571530 0.056968641 0.585951567
1403638161195097088.000000 -12.312782288 0.154306307 6.071084499 0.002853989 -0.807206571 0.030983027 0.589448571
1403638161595097088.000000 -12.533011436 0.319134414 6.229256630 -0.062922068 -0.823546529 -0.023545623 0.563256264
1403638162245096960.000000 -12.883466721 0.653731108 6.378691196 -0.110332750 -0.816673100 -0.041794471 0.564911604
1403638162495097088.000000 -13.017625809 0.820429683 6.439345360 -0.117373660 -0.814537287 -0.039243080 0.566756070
1403638165445096960.000000 -13.407137871 3.832167387 7.118921757 -0.233380675 -0.782943666 -0.122997306 0.563386440
1403638166495097088.000000 -12.747395515 4.905827522 7.118414879 -0.211195379 -0.793276548 -0.153388366 0.550073564
1403638166745096960.000000 -12.589925766 5.112924576 7.215840816 -0.213359281 -0.792791367 -0.144074738 0.552451074
1403638166995097088.000000 -12.444988251 5.316526890 7.259460449 -0.231883347 -0.806195378 -0.114157572 0.532209814
1403638167695097088.000000 -12.234233856 6.054838657 7.440762043 -0.232167974 -0.795665443 -0.125171617 0.545294881
1403638168895097088.000000 -11.964803696 7.763855934 7.641870499 -0.325128138 -0.772715330 -0.225027367 0.496553570
1403638169095097088.000000 -11.960376740 8.065600395 7.636785507 -0.321411848 -0.767990112 -0.224928588 0.506253541
1403638169495097088.000000 -11.987305641 8.662393570 7.563089371 -0.355140626 -0.727425516 -0.204755574 0.550274909
1403638169695097088.000000 -11.962735176 8.967625618 7.535201550 -0.378069729 -0.713497460 -0.232152909 0.542300463
1403638169895097088.000000 -11.902839661 9.264474869 7.537222385 -0.398449957 -0.704750597 -0.279233813 0.516326129
1403638170695097088.000000 -11.574344635 10.169587135 7.566126347 -0.540255547 -0.588654876 -0.363153219 0.479300708
1403638171095097088.000000 -11.280497551 10.462945938 7.602132320 -0.588407278 -0.539882660 -0.403895557 0.446286917
1403638171295097088.000000 -11.100414276 10.566367149 7.599610806 -0.601453900 -0.522197485 -0.414620578 0.440060109
1403638172095097088.000000 -10.125833511 10.594953537 7.569034100 -0.628578126 -0.468214661 -0.446886182 0.431227595
1403638172295097088.000000 -9.813545227 10.480520248 7.571605682 -0.630161405 -0.468795359 -0.450523078 0.424448550
1403638172695097088.000000 -9.147535324 10.135720253 7.457740784 -0.626216054 -0.466046959 -0.449688047 0.434090257
1403638173095097088.000000 -8.407022476 9.615301132 7.245806217 -0.631054759 -0.472987682 -0.427898586 0.441537589
1403638173295097088.000000 -7.998828888 9.298229218 7.105741978 -0.631028414 -0.484776556 -0.425365806 0.431113511
1403638174545096960.000000 -5.418479919 7.064442158 5.971835136 -0.634396613 -0.521030247 -0.425533473 0.380775064
1403638174995097088.000000 -4.578724861 6.321058750 5.652069569 -0.639473140 -0.535191834 -0.418006718 0.360436052
1403638175295097088.000000 -4.058677673 5.920737267 5.512787342 -0.640281141 -0.535346329 -0.421519190 0.354635090
1403638176545096960.000000 -2.328224897 5.426444530 5.273465157 -0.618607581 -0.539353549 -0.449724495 0.352378070
1403638177545096960.000000 -1.736273050 5.681468964 5.267323971 -0.627397478 -0.536247134 -0.441751987 0.351662636
1403638177895097088.000000 -1.651080847 5.818903923 5.172421932 -0.639952302 -0.506396890 -0.432701409 0.383135527
1403638179945096960.000000 -0.503030241 5.829402447 4.864974976 -0.784621477 -0.246838272 -0.535392404 0.191820472
1403638180145096960.000000 -0.346878171 5.811824799 4.847426414 -0.798941970 -0.224910229 -0.529551327 0.175164565
1403638180495097088.000000 -0.045426503 5.784539700 4.806065083 -0.802827239 -0.218864366 -0.530316114 0.162269920
1403638181095097088.000000 0.564775586 5.787704945 4.745102882 -0.803618610 -0.232702509 -0.521485329 0.167629912
1403638181995097088.000000 1.641408443 5.705922604 4.603923798 -0.811857104 -0.111539088 -0.564125657 0.101041332
1403638182245096960.000000 1.918767214 5.616821766 4.631525993 -0.826430440 -0.088368081 -0.549472332 0.085347086
1403638182495097088.000000 2.209878683 5.521008015 4.653515816 -0.833572686 -0.083918452 -0.539865851 0.081603937
1403638182745096960.000000 2.529520035 5.421708107 4.714442730 -0.834233165 -0.098541319 -0.537991166 0.070072517
1403638183595097088.000000 3.731885433 5.176361084 4.791515827 -0.832152545 -0.115832426 -0.538272262 0.066090211
1403638183895097088.000000 4.184168339 5.150070190 4.800523758 -0.813334942 -0.116044007 -0.566246808 0.066216379
1403638184145096960.000000 4.542429447 5.153463364 4.849855900 -0.819548666 -0.115083300 -0.557543695 0.065122515
1403638184795097088.000000 5.453567505 5.264856815 4.917684078 -0.817290783 -0.110092729 -0.561670125 0.066648968
1403638185045096960.000000 5.790304661 5.341426373 4.941593647 -0.816321373 -0.109226681 -0.563306689 0.066140756
1403638185295097088.000000 6.116280079 5.434702873 4.974061966 -0.816512704 -0.115144409 -0.562656164 0.058880091
1403638185545096960.000000 6.428204060 5.555296898 5.010817051 -0.806934237 -0.134015977 -0.572132409 0.059676893
1403638185795097088.000000 6.713548660 5.711050510 5.051159382 -0.800527096 -0.152337700 -0.572905898 0.087911487
1403638186045096960.000000 6.973231792 5.876161575 5.076827049 -0.810764790 -0.144856930 -0.553571403 0.123433046
1403638186295097088.000000 7.232417107 6.023553371 5.085782528 -0.810605586 -0.157254562 -0.553108275 0.110728778
1403638186545096960.000000 7.488653183 6.168114185 5.124342918 -0.809825718 -0.159945592 -0.554688692 0.104499392
1403638189445096960.000000 8.382784843 7.926326752 5.570374489 -0.727876723 -0.359455973 -0.522090197 0.261550516
1403638190095097088.000000 7.954314232 7.956685543 5.703159809 -0.737740338 -0.388775110 -0.483835578 0.265511185
1403638190595097088.000000 7.688566685 8.062705040 5.684462070 -0.694296896 -0.412384450 -0.526557803 0.265758991
1403638193095097088.000000 5.418625355 8.551673889 6.052505970 -0.676536322 -0.380431622 -0.529760957 0.341941118
1403638193945096960.000000 4.489192486 8.154133797 6.375376701 -0.687684238 -0.436178744 -0.487684548 0.314646542
1403638194145096960.000000 4.269466877 8.020612717 6.408549309 -0.684904814 -0.432965249 -0.492717922 0.317294210
1403638196645096960.000000 2.329566956 7.133215904 6.444228649 -0.707978666 -0.440069556 -0.464435935 0.299005628
1403638197595097088.000000 2.085166931 7.455834389 6.491667747 -0.685403705 -0.439117163 -0.497962773 0.299050272
1403638198295097088.000000 1.818057895 7.698854446 6.560035706 -0.682977319 -0.428837031 -0.499620318 0.316259831
1403638198595097088.000000 1.673271179 7.754072189 6.440720558 -0.678461492 -0.445761263 -0.505154550 0.292926431
1403638199045096960.000000 1.323522925 7.827722073 6.304612160 -0.660987675 -0.459566504 -0.526295602 0.273691118
1403638199445096960.000000 0.796404839 7.898812771 6.346561432 -0.659985840 -0.454154223 -0.529263496 0.279361695
1403638199845096960.000000 0.087825030 7.969775200 6.490889072 -0.664793372 -0.465782493 -0.501414478 0.299466342
1403638200045096960.000000 -0.306349248 8.005411148 6.550020695 -0.664958656 -0.469976783 -0.487516433 0.315086633
1403638200245096960.000000 -0.708264172 8.039773941 6.599683762 -0.641806364 -0.490581542 -0.490721732 0.326506615
1403638200445096960.000000 -1.128043175 8.068602562 6.668606758 -0.615672767 -0.512979984 -0.489618629 0.343616366
1403638200645096960.000000 -1.569855928 8.086249352 6.762794495 -0.595057130 -0.539128542 -0.486290514 0.344628811
1403638200845096960.000000 -2.043167353 8.093952179 6.869073868 -0.582191765 -0.561037183 -0.476202935 0.345717818
1403638201045096960.000000 -2.547347546 8.095863342 6.952167988 -0.589396358 -0.557473719 -0.456052065 0.365857154
1403638201445096960.000000 -3.584361315 8.083507538 7.030018806 -0.595913410 -0.549722731 -0.450964212 0.373260677
1403638201645096960.000000 -4.103356838 8.071760178 7.025525093 -0.595317960 -0.545906961 -0.456120282 0.373545945
1403638201845096960.000000 -4.623470306 8.051327705 6.988192558 -0.597156823 -0.542319775 -0.456745028 0.375069350
1403638201995097088.000000 -5.016142845 8.027323723 6.949950218 -0.594861388 -0.546839237 -0.453426927 0.376179159
1403638202395097088.000000 -6.055366516 7.914712906 6.899663448 -0.599127769 -0.559014678 -0.420197040 0.389850140
1403638202595097088.000000 -6.550743580 7.864861012 6.874517918 -0.600484133 -0.559584856 -0.414270550 0.393272936
1403638202995097088.000000 -7.474101067 7.783741951 6.764621735 -0.600137711 -0.557721198 -0.416701138 0.393880665
1403638203195097088.000000 -7.904887676 7.747892380 6.725781918 -0.596609056 -0.556092858 -0.422425807 0.395442724
1403638203595097088.000000 -8.711100578 7.657149792 6.680892944 -0.596281290 -0.550771892 -0.422383308 0.403350085
1403638203795097088.000000 -9.084774017 7.601349354 6.662079334 -0.596138597 -0.552138031 -0.422354043 0.401720673
1403638203995097088.000000 -9.436976433 7.537617207 6.669247627 -0.595149875 -0.553097069 -0.421523362 0.402738512
1403638204395097088.000000 -10.081417084 7.395617962 6.758707523 -0.616446197 -0.550800204 -0.388494432 0.407044560
1403638204695097088.000000 -10.473491669 7.312308311 6.823463917 -0.614372730 -0.552222371 -0.384712130 0.411816865
1403638204945096960.000000 -10.745417595 7.260908604 6.832981110 -0.571052909 -0.591494560 -0.391232997 0.413484663
1403638205195097088.000000 -11.010950089 7.216375828 6.812456131 -0.504244626 -0.646646380 -0.360513449 0.444540083
1403638205445096960.000000 -11.284507751 7.170742989 6.826475143 -0.417075604 -0.699218571 -0.311441749 0.490046293
1403638205695097088.000000 -11.553582191 7.105858803 6.886972427 -0.343254715 -0.727654576 -0.306484640 0.508686721
1403638205945096960.000000 -11.841526031 6.984292507 6.980774879 -0.302849352 -0.744726598 -0.284217387 0.522384048
1403638206195097088.000000 -12.152234077 6.796167374 7.104711056 -0.262294173 -0.761599898 -0.242552146 0.540680826
1403638206445096960.000000 -12.462053299 6.559182644 7.214222908 -0.237502187 -0.766434789 -0.200918093 0.561963022
1403638206695097088.000000 -12.745250702 6.293221474 7.282296658 -0.228226125 -0.764427602 -0.183107436 0.574486613
1403638206945096960.000000 -12.990898132 6.006099701 7.307539940 -0.213316977 -0.767919838 -0.169478700 0.579717100
1403638207195097088.000000 -13.195399284 5.705400467 7.292134762 -0.207316324 -0.764505625 -0.163193583 0.588148832
1403638207445096960.000000 -13.351445198 5.384685993 7.234245300 -0.182419330 -0.766036391 -0.146959215 0.598593771
1403638207695097088.000000 -13.445752144 5.040916443 7.193916321 -0.150316030 -0.784013569 -0.112906530 0.591590941
1403638207945096960.000000 -13.488637924 4.702582836 7.200439930 -0.142435387 -0.799848199 -0.089557320 0.576137483
1403638208195097088.000000 -13.505797386 4.387928486 7.223704338 -0.141337112 -0.795531273 -0.088306509 0.582542479
1403638208445096960.000000 -13.500261307 4.091919899 7.204546928 -0.142759472 -0.798317432 -0.091912143 0.577807307
1403638208695097088.000000 -13.476185799 3.808145046 7.188766479 -0.124787644 -0.804186225 -0.076958016 0.576012254
1403638208945096960.000000 -13.437907219 3.545448303 7.203786850 -0.106166750 -0.804643750 -0.064372078 0.580631912
1403638209195097088.000000 -13.381692886 3.302069664 7.185465813 -0.098841630 -0.805571258 -0.058837056 0.581225932
1403638209445096960.000000 -13.311220169 3.076269627 7.126741409 -0.099662155 -0.805962801 -0.053992759 0.581013143
1403638209745096960.000000 -13.214158058 2.833498240 6.967743874 -0.101983398 -0.803349793 -0.054242000 0.584197104
1403638210045096960.000000 -13.096766472 2.614761829 6.681083202 -0.096296236 -0.795735598 -0.064672686 0.594431877
1403638210295097088.000000 -12.965420723 2.439699888 6.452105522 -0.096834160 -0.788629591 -0.064302668 0.603781283
1403638210545096960.000000 -12.783609390 2.266987085 6.235012054 -0.097799875 -0.788703680 -0.064130023 0.603546977
1403638210795097088.000000 -12.559346199 2.098744154 5.998040676 -0.100090094 -0.786752343 -0.062886700 0.605844796
1403638211045096960.000000 -12.287354469 1.936699748 5.794162750 -0.103247233 -0.794707835 -0.057746250 0.595352829
1403638211295097088.000000 -11.992494583 1.790189147 5.641058445 -0.105316997 -0.800265789 -0.054892171 0.587766886
1403638211545096960.000000 -11.684556961 1.667799234 5.503172398 -0.127925217 -0.798326194 -0.068838999 0.584441364
1403638211795097088.000000 -11.357352257 1.567245841 5.333170891 -0.181438178 -0.787756324 -0.093433402 0.581197321
1403638212045096960.000000 -11.012877464 1.497388363 5.175284386 -0.243424818 -0.773153841 -0.126029789 0.571921229
1403638212295097088.000000 -10.649833679 1.461449742 5.068677902 -0.291763246 -0.756451905 -0.170933947 0.559853792
1403638212545096960.000000 -10.267189026 1.441550136 5.013635635 -0.340699375 -0.736045837 -0.209155217 0.546273470
1403638212795097088.000000 -9.864458084 1.429243565 5.004805088 -0.390691400 -0.712979555 -0.245553896 0.527943015
1403638213045096960.000000 -9.443541527 1.422419190 5.032325745 -0.445916891 -0.682630241 -0.281844974 0.505704939
1403638213295097088.000000 -9.008824348 1.425145388 5.066518784 -0.512362003 -0.647917807 -0.301254928 0.476374984
1403638213545096960.000000 -8.553727150 1.455012560 5.064201832 -0.576812387 -0.606060445 -0.312208533 0.450004578
1403638213795097088.000000 -8.064495087 1.524013877 5.059860706 -0.575814664 -0.582375884 -0.372628361 0.436375976
1403638214045096960.000000 -7.571411133 1.600934386 5.088297367 -0.575300097 -0.582992792 -0.385325849 0.425056785
1403638214295097088.000000 -7.090348721 1.677849054 5.139670372 -0.581169605 -0.599064589 -0.368615448 0.409250677
1403638214645096960.000000 -6.442546844 1.831987500 5.166319847 -0.565894246 -0.602273047 -0.373457760 0.421379089
1403638217495097088.000000 -2.729761839 2.381876707 4.676858425 -0.602803469 -0.551856577 -0.426009059 0.388070524
1403638220245096960.000000 -2.403281450 1.569005489 4.727175236 -0.625053406 -0.526660681 -0.426481396 0.387363464
1403638220745096960.000000 -2.360333681 1.293251872 4.765878677 -0.618710577 -0.534687877 -0.439724714 0.371413887
1403638220995097088.000000 -2.356716633 1.159301400 4.752082825 -0.622086167 -0.532522082 -0.437986046 0.370941103
1403638221395097088.000000 -2.371931791 0.957077324 4.718991280 -0.629081607 -0.531828165 -0.431090802 0.368206263
1403638221895097088.000000 -2.391241312 0.738518715 4.688878059 -0.628243446 -0.525053024 -0.432995379 0.377020657
1403638222395097088.000000 -2.398918152 0.543680489 4.713635445 -0.633043885 -0.535993934 -0.426259130 0.360928118
1403638222845096960.000000 -2.410243273 0.432363391 4.664319038 -0.625276864 -0.528670311 -0.437043816 0.372195244
1403638223145096960.000000 -2.424468994 0.364252359 4.625081062 -0.623324037 -0.527655482 -0.439187258 0.374381423
1403638223445096960.000000 -2.441508532 0.287925720 4.610372543 -0.638012767 -0.526011288 -0.418765426 0.375349820
1403638223745096960.000000 -2.430728197 0.228754655 4.582575798 -0.629682541 -0.526867211 -0.431424677 0.373876452
1403638224095097088.000000 -2.409882784 0.167495221 4.533198833 -0.626752019 -0.537299097 -0.435234427 0.359252930
1403638224395097088.000000 -2.412961721 0.139983475 4.488512516 -0.629540682 -0.534108460 -0.431645006 0.363440871
1403638224695097088.000000 -2.426261187 0.131704316 4.449834824 -0.628312826 -0.530638456 -0.433089972 0.368888766
1403638224995097088.000000 -2.444587231 0.132442251 4.434151173 -0.631972194 -0.523119092 -0.426895976 0.380417436
1403638225245096960.000000 -2.449152946 0.140357479 4.441669941 -0.629100025 -0.530457854 -0.428783000 0.372817487
1403638225495097088.000000 -2.449001789 0.151972368 4.447811604 -0.621797562 -0.529919744 -0.438646078 0.374356210
1403638225795097088.000000 -2.456309080 0.156234711 4.397603512 -0.614421070 -0.525098264 -0.448908865 0.381102860
1403638226095097088.000000 -2.481566668 0.148821712 4.322341919 -0.640652835 -0.534009755 -0.407559216 0.371877819
1403638226495097088.000000 -2.497826576 0.165196434 4.327467918 -0.632238030 -0.544088900 -0.419653833 0.357956916
1403638226995097088.000000 -2.493230581 0.168143451 4.349085331 -0.632648468 -0.543959081 -0.419126391 0.358046889
1403638227495097088.000000 -2.491326809 0.166963354 4.360021114 -0.632620156 -0.544343412 -0.419026315 0.357629776
1403638227995097088.000000 -2.491254330 0.165195987 4.362115383 -0.632984459 -0.544318318 -0.418508768 0.357629240
1403638228495097088.000000 -2.491339684 0.167718738 4.360624313 -0.633243740 -0.544239759 -0.418174922 0.357680351
