#LBA time[ms],KF opt[#],KF fixed[#],MP[#],Edges[#]
0.015232,3,1,0,524
0.004192,4,1,0,1093
0.292612,5,1,0,1484
0.419653,6,1,0,1924
0.879371,7,1,0,2431
0.886571,8,1,0,2659
1.189966,9,1,0,2785
1.128238,10,1,0,3328
1.416209,0,0,0,0
54.757638,0,0,0,0
1.005708,0,0,0,0
1.504434,0,0,0,0
1.277360,0,0,0,0
1.704756,0,0,0,0
2.074840,0,0,0,0
2.151033,0,0,0,0
2.158041,0,0,0,0
2.305595,0,0,0,0
2.035800,0,0,0,0
2.606175,0,0,0,0
2.420509,0,0,0,0
4.046447,0,0,0,0
4.604311,0,0,0,0
3.611210,0,0,0,0
3.525034,0,0,0,0
3.788429,0,0,0,0
3.738156,0,0,0,0
4.019823,0,0,0,0
3.901934,0,0,0,0
3.830445,0,0,0,0
4.204465,0,0,0,0
2.493277,0,0,0,0
3.217030,0,0,0,0
3.658219,0,0,0,0
4.800248,0,0,0,0
6.578094,0,0,0,0
4.107313,0,0,0,0
4.390900,0,0,0,0
2.997348,0,0,0,0
4.373747,3,1,0,492
5.167869,4,1,0,708
0.005696,5,1,0,1128
0.004705,6,1,0,1518
0.503302,7,1,0,2212
0.586790,8,1,0,2923
0.836298,9,1,0,3390
1.026124,10,1,0,3839
1.276591,0,0,0,0
1.519794,0,0,0,0
1.644532,0,0,0,0
66.370735,0,0,0,0
1.352432,0,0,0,0
1.663476,0,0,0,0
1.624596,0,0,0,0
1.980855,0,0,0,0
2.259738,0,0,0,0
2.206778,0,0,0,0
2.771713,0,0,0,0
2.452381,0,0,0,0
3.152869,0,0,0,0
3.403752,0,0,0,0
3.691628,0,0,0,0
4.995451,0,0,0,0
5.159517,0,0,0,0
4.860697,0,0,0,0
4.571062,0,0,0,0
5.142205,0,0,0,0
4.872890,0,0,0,0
4.981979,0,0,0,0
4.598422,0,0,0,0
3.821293,0,0,0,0
3.435849,0,0,0,0
3.797069,0,0,0,0
5.266846,0,0,0,0
3.869422,0,0,0,0
4.718968,0,0,0,0
3.643083,0,0,0,0
3.892110,0,0,0,0
5.424960,0,0,0,0
8.669191,0,0,0,0
7.040915,0,0,0,0
6.978162,0,0,0,0
8.458884,0,0,0,0
7.018451,0,0,0,0
6.677423,0,0,0,0
6.474604,0,0,0,0
6.528941,0,0,0,0
7.194197,0,0,0,0
6.927761,0,0,0,0
9.643378,0,0,0,0
4.952794,0,0,0,0
9.207885,0,0,0,0
6.690767,0,0,0,0
4.825337,0,0,0,0
7.190421,0,0,0,0
4.700951,0,0,0,0
6.315115,0,0,0,0
7.736923,0,0,0,0
7.186677,0,0,0,0
4.492821,0,0,0,0
5.798116,0,0,0,0
5.841253,0,0,0,0
6.336267,0,0,0,0
6.736815,0,0,0,0
7.478393,0,0,0,0
5.980679,0,0,0,0
7.990143,0,0,0,0
6.571438,0,0,0,0
7.189845,0,0,0,0
7.597178,0,0,0,0
10.730974,0,0,0,0
7.947006,0,0,0,0
11.255845,0,0,0,0
8.053535,0,0,0,0
12.439123,0,0,0,0
10.863584,0,0,0,0
9.482288,0,0,0,0
13.857284,0,0,0,0
11.681642,0,0,0,0
10.052470,0,0,0,0
14.201064,0,0,0,0
12.364658,0,0,0,0
12.377266,0,0,0,0
11.017826,0,0,0,0
14.970512,0,0,0,0
14.700397,0,0,0,0
11.158468,0,0,0,0
14.860272,0,0,0,0
14.703598,0,0,0,0
13.579744,0,0,0,0
16.423618,0,0,0,0
12.059343,0,0,0,0
15.114963,0,0,0,0
10.075703,0,0,0,0
7.695227,0,0,0,0
6.492332,0,0,0,0
10.589981,0,0,0,0
6.738543,0,0,0,0
10.122871,0,0,0,0
9.045867,0,0,0,0
9.618450,0,0,0,0
6.879377,0,0,0,0
12.621141,0,0,0,0
8.784776,0,0,0,0
8.967690,0,0,0,0
7.311158,0,0,0,0
10.568349,0,0,0,0
10.458651,0,0,0,0
12.340114,0,0,0,0
11.351110,0,0,0,0
10.664542,0,0,0,0
11.824235,0,0,0,0
10.563773,0,0,0,0
10.846112,0,0,0,0
10.896449,0,0,0,0
10.590557,0,0,0,0
10.838816,0,0,0,0
10.109816,0,0,0,0
10.158808,0,0,0,0
9.516464,0,0,0,0
5.475392,0,0,0,0
5.861157,0,0,0,0
9.874773,0,0,0,0
11.591145,0,0,0,0
9.659314,0,0,0,0
10.343610,0,0,0,0
11.483080,0,0,0,0
8.955210,0,0,0,0
11.816620,0,0,0,0
11.308933,0,0,0,0
9.572177,0,0,0,0
7.640762,0,0,0,0
11.854285,0,0,0,0
12.977657,0,0,0,0
10.388186,0,0,0,0
11.517768,0,0,0,0
8.913769,0,0,0,0
12.271409,0,0,0,0
7.639738,0,0,0,0
6.746287,0,0,0,0
10.022614,0,0,0,0
10.780607,0,0,0,0
6.561805,0,0,0,0
10.826720,0,0,0,0
11.794508,0,0,0,0
11.502888,0,0,0,0
8.268226,0,0,0,0
5.934438,0,0,0,0
4.971802,0,0,0,0
11.619146,0,0,0,0
9.261389,0,0,0,0
8.425507,0,0,0,0
9.531953,0,0,0,0
8.231650,0,0,0,0
8.423811,0,0,0,0
11.019970,0,0,0,0
8.833417,0,0,0,0
9.236141,0,0,0,0
9.409263,0,0,0,0
6.963506,0,0,0,0
10.664190,0,0,0,0
10.690238,0,0,0,0
9.905973,0,0,0,0
9.189676,0,0,0,0
5.855909,0,0,0,0
6.013543,0,0,0,0
10.995970,0,0,0,0
11.270821,0,0,0,0
7.656923,0,0,0,0
7.629146,0,0,0,0
10.805952,0,0,0,0
8.499621,0,0,0,0
8.172256,0,0,0,0
11.381958,0,0,0,0
9.123020,0,0,0,0
11.536329,0,0,0,0
11.486183,0,0,0,0
7.442776,0,0,0,0
13.520448,0,0,0,0
8.383587,0,0,0,0
7.277078,0,0,0,0
8.768295,0,0,0,0
8.225537,0,0,0,0
13.513536,0,0,0,0
8.177824,0,0,0,0
9.923029,0,0,0,0
9.698387,0,0,0,0
7.736732,0,0,0,0
8.305922,0,0,0,0
12.827832,0,0,0,0
12.015598,0,0,0,0
10.904801,0,0,0,0
11.640841,0,0,0,0
12.162704,0,0,0,0
11.705706,0,0,0,0
10.796128,0,0,0,0
13.740002,0,0,0,0
9.519088,0,0,0,0
7.518489,0,0,0,0
11.107235,0,0,0,0
7.260758,0,0,0,0
10.004855,0,0,0,0
10.533852,0,0,0,0
11.377095,0,0,0,0
11.416583,0,0,0,0
8.455428,0,0,0,0
14.676685,0,0,0,0
10.623997,0,0,0,0
11.814635,0,0,0,0
8.610949,0,0,0,0
13.752802,0,0,0,0
13.234685,0,0,0,0
9.431536,0,0,0,0
16.919272,0,0,0,0
10.146264,0,0,0,0
11.500296,0,0,0,0
11.621257,0,0,0,0
9.221005,0,0,0,0
11.474376,0,0,0,0
14.783151,0,0,0,0
10.872193,0,0,0,0
8.969322,0,0,0,0
16.444451,0,0,0,0
13.660545,0,0,0,0
13.177659,0,0,0,0
16.621829,0,0,0,0
16.392866,0,0,0,0
13.341054,0,0,0,0
15.479639,0,0,0,0
15.030578,0,0,0,0
12.563541,0,0,0,0
13.305341,0,0,0,0
16.054846,0,0,0,0
13.729955,0,0,0,0
13.136476,0,0,0,0
11.523752,0,0,0,0
11.547880,0,0,0,0
16.386657,0,0,0,0
13.902212,0,0,0,0
16.182304,0,0,0,0
15.148947,0,0,0,0
15.739546,0,0,0,0
17.173707,0,0,0,0
18.343481,0,0,0,0
15.101586,0,0,0,0
18.974401,0,0,0,0
14.069510,0,0,0,0
14.614317,0,0,0,0
14.495628,0,0,0,0
20.158510,0,0,0,0
16.410338,0,0,0,0
14.338538,0,0,0,0
18.175799,0,0,0,0
15.490135,0,0,0,0
11.839436,0,0,0,0
13.090651,0,0,0,0
12.909753,0,0,0,0
14.099975,0,0,0,0
14.072678,0,0,0,0
16.066270,0,0,0,0
18.255960,0,0,0,0
12.979194,0,0,0,0
14.851408,0,0,0,0
13.981285,0,0,0,0
10.016854,0,0,0,0
18.507803,0,0,0,0
13.659586,0,0,0,0
12.417939,0,0,0,0
20.534962,0,0,0,0
16.685701,0,0,0,0
18.671164,0,0,0,0
15.561464,0,0,0,0
17.281708,0,0,0,0
16.161791,0,0,0,0
17.065641,0,0,0,0
18.357753,0,0,0,0
15.360470,0,0,0,0
17.145514,0,0,0,0
11.116356,0,0,0,0
16.446755,0,0,0,0
17.424462,0,0,0,0
13.983078,0,0,0,0
18.957344,0,0,0,0
19.001441,0,0,0,0
17.283757,0,0,0,0
20.080750,0,0,0,0
17.364973,0,0,0,0
17.760370,0,0,0,0
18.097750,0,0,0,0
12.872696,0,0,0,0
12.353138,0,0,0,0
17.339885,0,0,0,0
14.144424,0,0,0,0
9.214765,0,0,0,0
12.116175,0,0,0,0
17.714289,0,0,0,0
14.408842,0,0,0,0
14.673645,0,0,0,0
18.957664,0,0,0,0
20.975833,0,0,0,0
17.844787,0,0,0,0
17.274380,0,0,0,0
22.690956,0,0,0,0
18.060470,0,0,0,0
15.815067,0,0,0,0
18.288601,0,0,0,0
17.378029,0,0,0,0
18.260536,0,0,0,0
18.763454,0,0,0,0
16.716485,0,0,0,0
22.235847,0,0,0,0
26.102165,0,0,0,0
22.165127,0,0,0,0
16.544003,0,0,0,0
18.991233,0,0,0,0
13.968645,0,0,0,0
28.665843,0,0,0,0
15.806363,0,0,0,0
13.915077,0,0,0,0
19.785194,0,0,0,0
14.329705,0,0,0,0
22.407497,0,0,0,0
14.524812,0,0,0,0
25.453325,0,0,0,0
26.825629,0,0,0,0
24.099453,0,0,0,0
16.904168,0,0,0,0
21.124506,0,0,0,0
27.502022,0,0,0,0
18.441723,0,0,0,0
17.727474,0,0,0,0
26.681020,0,0,0,0
20.337520,0,0,0,0
23.246995,0,0,0,0
21.330556,0,0,0,0
24.166974,0,0,0,0
26.121366,0,0,0,0
25.342284,0,0,0,0
21.679873,0,0,0,0
24.178686,0,0,0,0
27.262051,0,0,0,0
28.082157,0,0,0,0
24.749925,0,0,0,0
20.338384,0,0,0,0
28.363536,0,0,0,0
30.972942,0,0,0,0
32.068220,0,0,0,0
30.688748,0,0,0,0
28.639666,0,0,0,0
40.731586,0,0,0,0
31.406899,0,0,0,0
32.078940,0,0,0,0
28.041804,0,0,0,0
31.989626,0,0,0,0
22.533515,0,0,0,0
29.669183,0,0,0,0
31.467828,576,5,1533135024,1381811238
25.212458,0,-1065367130,65535,1080572725
21.119866,68,1543261248,1533138048,-1151188674
23.892730,0,65535,65535,1080566011
