1403637149738319104.000000 -1.259571671 0.462104768 0.454351991 -0.625420272 -0.506825149 -0.432009250 0.406627297
1403637150038319104.000000 -1.240993023 0.455281675 0.461072743 -0.638840199 -0.533496618 -0.408690602 0.374481887
1403637152838319104.000000 -0.725802422 0.999347746 0.957166433 -0.632885098 -0.516815364 -0.437278807 0.375693530
1403637154738319104.000000 -0.260824919 1.351710677 0.979278266 -0.639672995 -0.523261786 -0.438013315 0.353779525
1403637157488318976.000000 1.149925828 1.873023987 0.635742664 -0.803371370 -0.196628064 -0.532617390 0.179584995
1403637160088318976.000000 3.646374226 0.141497269 0.538940251 -0.814283013 -0.091801874 -0.567320406 0.081628256
1403637162988318976.000000 5.714769840 -2.789618969 0.570501328 0.757940292 -0.192303613 0.613696575 0.109189972
1403637164388318976.000000 4.547030449 -4.230884552 0.561918437 0.719686508 -0.371598840 0.545178771 0.216207832
1403637167038319104.000000 1.410663247 -6.465960026 0.444242835 0.738555431 -0.332899988 0.473060250 0.346305639
1403637168438319104.000000 2.412958622 -5.252841949 0.253107131 0.743065119 -0.335762233 0.519127488 0.256173253
1403637171088318976.000000 4.946442604 -1.383796573 -0.411824942 -0.772195518 -0.135274500 -0.612251878 0.102774546
1403637173288318976.000000 2.893723249 1.249549627 -0.375986844 -0.847897172 -0.069893725 -0.511819482 0.119272716
1403637173738319104.000000 2.673760891 1.299585223 -0.467394173 0.840380847 -0.042329770 0.535050809 -0.075425275
1403637173938319104.000000 2.651061773 1.236541271 -0.544201016 0.853093386 -0.080331139 0.512415230 -0.056650776
1403637174138319104.000000 2.692403078 1.105620146 -0.571037412 0.837379575 -0.065774612 0.542648613 -0.001251632
1403637174788318976.000000 2.856399775 0.514461815 -0.417383432 0.789229333 -0.111589551 0.603028655 0.031960253
1403637177538319104.000000 0.610183656 -3.160131454 -0.402739972 0.819920540 -0.251297235 0.492998511 0.146739393
1403637180188318976.000000 2.235667229 -4.796504021 -0.774756610 0.748607934 -0.303155094 0.529513299 0.259420514
1403637181838319104.000000 4.419422626 -3.420209408 -0.482839942 0.735907733 -0.338097334 0.526183426 0.259347260
1403637183588318976.000000 5.627333641 -0.847447097 -0.081213400 0.692633510 -0.363845438 0.588006496 0.205240771
1403637183838319104.000000 5.467360497 -0.463180184 -0.147470549 0.694292367 -0.375909626 0.584466636 0.187213704
1403637184238319104.000000 4.980604649 0.034001071 -0.172200814 0.704211235 -0.387675911 0.568265676 0.175693035
1403637185038319104.000000 3.670978546 0.617572784 -0.351883441 0.760996461 -0.365901351 0.494748265 0.205486909
1403637185288318976.000000 3.319373369 0.668216288 -0.334161907 0.765297711 -0.367659032 0.487178057 0.204459980
1403637185538319104.000000 3.017763853 0.648488104 -0.266986489 0.775030434 -0.362001568 0.471616089 0.214152083
1403637186038319104.000000 2.574487209 0.465400815 -0.104488485 0.745699108 -0.346537948 0.514968872 0.242180720
1403637186688318976.000000 2.143822432 0.213218957 0.155025378 0.733387589 -0.354676455 0.530386925 0.234599575
1403637187088318976.000000 1.886515856 0.050631434 0.257872820 0.725269616 -0.382364482 0.537193000 0.198002949
1403637187338319104.000000 1.684451461 -0.102957867 0.275173545 0.733352304 -0.380818009 0.519243062 0.218079925
1403637187638319104.000000 1.441156983 -0.327187717 0.258666545 0.744326591 -0.385718226 0.493123680 0.232440129
1403637189788318976.000000 0.347385526 -2.697427750 -0.272122830 0.690246642 -0.436011195 0.497597218 0.293003052
1403637191988318976.000000 -0.895218313 -4.330166817 -0.073024087 0.723386347 -0.388055950 0.484107018 0.302927613
1403637192288318976.000000 -0.977115691 -4.420733452 0.044942856 0.733885527 -0.393760860 0.464763701 0.300598234
1403637192838319104.000000 -0.898987889 -4.579167843 0.233464375 0.730140507 -0.413629830 0.469025493 0.275354922
1403637193438319104.000000 -0.643266916 -4.859613419 0.408485621 0.720145166 -0.422156572 0.484508961 0.261583477
1403637193738319104.000000 -0.500447631 -5.063739777 0.470112324 0.725199521 -0.403537333 0.479429364 0.285290897
1403637194088318976.000000 -0.282397509 -5.311270714 0.564625263 0.718603671 -0.399499148 0.489313036 0.290829986
1403637194738319104.000000 0.222543806 -5.712119579 0.630293369 0.725086808 -0.407172441 0.477632076 0.283420712
1403637197588318976.000000 3.452038527 -5.001429081 0.631365955 0.768453419 -0.265209973 0.544533908 0.206460014
1403637200088318976.000000 4.402336121 0.881052673 0.917190433 -0.726007342 -0.196334779 -0.619243622 0.225617692
1403637202888318976.000000 2.202896357 2.003473520 0.524990201 -0.777128816 -0.254865378 -0.545813143 0.182215557
1403637205738319104.000000 2.235833883 1.103130579 0.451026022 -0.769175351 -0.269372165 -0.550805449 0.180059388
1403637208588318976.000000 1.599614024 0.945127666 0.647999525 -0.776072323 -0.247986525 -0.548994541 0.186600015
1403637211288318976.000000 2.316535950 2.441689968 0.280237138 -0.771363378 -0.293858200 -0.517529249 0.225409210
1403637212438319104.000000 3.835696697 3.904457092 0.031517200 -0.756725132 -0.286194354 -0.545346379 0.219219461
1403637212688318976.000000 4.165309906 4.154424191 0.077942431 -0.769838274 -0.289211243 -0.528809369 0.209920123
1403637212988318976.000000 4.557483196 4.456450939 0.169202536 -0.772386432 -0.296279967 -0.524888039 0.200324640
1403637213288318976.000000 4.938633919 4.771569729 0.244982496 -0.774197519 -0.295572788 -0.519101143 0.209258407
1403637213588318976.000000 5.318842888 5.094233036 0.252754480 -0.764549017 -0.299894303 -0.532551467 0.204736739
1403637213888318976.000000 5.658563614 5.411882401 0.223159730 -0.761443734 -0.315072179 -0.535544336 0.184730321
1403637214188318976.000000 5.942477703 5.767732620 0.173515022 -0.749610722 -0.317521483 -0.541537464 0.209764183
1403637214438319104.000000 6.133023739 6.072832108 0.182241291 -0.720624268 -0.354207069 -0.547462404 0.235633120
1403637214688318976.000000 6.266110897 6.358705521 0.229314089 -0.680673718 -0.410833627 -0.553640723 0.247751966
1403637215288318976.000000 6.216073990 6.999279499 0.382104754 -0.655743003 -0.428280920 -0.558161020 0.273921430
1403637215538319104.000000 6.022005081 7.231204510 0.387562782 -0.637729943 -0.430229187 -0.552830219 0.320284665
1403637215988318976.000000 5.485750198 7.472268581 0.503380120 -0.611697972 -0.513346493 -0.476323754 0.367990077
1403637216288318976.000000 5.081743240 7.521199226 0.583244979 -0.592754543 -0.537022710 -0.444263339 0.403582305
1403637216788318976.000000 4.448982239 7.471932888 0.666417122 -0.577195883 -0.519694507 -0.455701411 0.434855014
1403637217238319104.000000 3.934535503 7.175223827 0.744308412 -0.600209534 -0.506625473 -0.439701408 0.435593784
1403637217638319104.000000 3.596696615 6.721962929 0.724577427 -0.601943135 -0.504164040 -0.435760319 0.439995646
1403637217938319104.000000 3.407695770 6.280214787 0.709345996 -0.542432249 -0.563355446 -0.442375243 0.438978553
1403637218238319104.000000 3.220397234 5.742942333 0.732517362 -0.523339152 -0.595625699 -0.412323296 0.448704451
1403637218538319104.000000 3.034895420 5.148370266 0.693396032 -0.515211999 -0.601988554 -0.411076814 0.450757474
1403637218838319104.000000 2.846979141 4.513117790 0.678257525 -0.523866713 -0.606826305 -0.406650543 0.438133508
1403637219038319104.000000 2.718976974 4.078659058 0.611484528 -0.519675076 -0.613452077 -0.416556597 0.424376041
1403637219288318976.000000 2.531857967 3.518201351 0.516627073 -0.522060692 -0.613294423 -0.415730119 0.422482163
1403637220438319104.000000 1.368900061 1.211351991 0.670199931 -0.561664343 -0.610617101 -0.370237678 0.417856425
1403637222938319104.000000 0.075732954 -0.872191846 0.433028847 -0.679731667 -0.476805329 -0.449713916 0.329209566
1403637224188318976.000000 0.085261419 -0.880593777 0.718947113 -0.656754971 -0.484780312 -0.466064572 0.341240138
1403637226988318976.000000 -0.412427902 -0.918770075 0.631496370 -0.665722370 -0.491856217 -0.448764563 0.336900026
1403637227238319104.000000 -0.489889115 -0.891368151 0.627974808 -0.671702504 -0.475774825 -0.442356586 0.356054485
1403637227788318976.000000 -0.568918645 -0.810443103 0.624427140 -0.673843622 -0.476393938 -0.446405381 0.345985413
1403637229388318976.000000 -0.725883007 -0.795665562 0.581541300 -0.656969190 -0.478430152 -0.476622134 0.335152835
1403637229688318976.000000 -0.786654294 -0.843596578 0.518731296 -0.718829989 -0.419213742 -0.454103947 0.318328232
1403637230288318976.000000 -0.777767420 -0.887619197 0.399910241 -0.771349490 -0.302235872 -0.521123767 0.205191121
1403637230588318976.000000 -0.761615574 -0.879003942 0.416781664 -0.762838125 -0.276019633 -0.551117837 0.195346519
1403637230838319104.000000 -0.757817745 -0.872489333 0.475051463 -0.780383348 -0.234234676 -0.550532937 0.181795239
1403637231088318976.000000 -0.752576053 -0.884073853 0.524508476 -0.814671695 -0.169797122 -0.536918283 0.138556570
1403637231388318976.000000 -0.693090439 -0.914985538 0.460844785 -0.829563141 -0.059383105 -0.550271571 0.074161306
1403637231938319104.000000 -0.484240204 -1.097411513 0.107796997 0.821522355 -0.151094764 0.547276795 0.052530155
1403637232288318976.000000 -0.311547101 -1.315672278 0.009764373 0.779783785 -0.240719214 0.567248106 0.110548742
1403637232588318976.000000 -0.217695147 -1.555969238 -0.026889060 0.755699337 -0.307949275 0.556359768 0.156683356
1403637232988318976.000000 -0.180620015 -1.970356822 0.009756384 0.748471797 -0.394489080 0.499590695 0.185950339
1403637235838319104.000000 3.229172945 -3.732348919 -0.724002421 0.801270902 -0.131091893 0.566811562 0.139658660
1403637236238319104.000000 3.829323769 -3.307359934 -0.654449165 0.803557992 -0.031427637 0.579320729 0.133020505
1403637239088318976.000000 2.664622545 0.729656696 0.899248242 0.852850914 -0.234849229 0.465374351 -0.030298518
1403637239488318976.000000 2.300146580 0.019731082 1.048397779 0.827744484 -0.242190197 0.502291262 0.062342066
1403637239788318976.000000 2.122504473 -0.668825388 1.013477921 0.788207948 -0.297412217 0.522290111 0.132239342
1403637240088318976.000000 1.973224521 -1.422030091 0.875059664 0.735264361 -0.347417206 0.538769782 0.220033616
1403637240538319104.000000 1.726084232 -2.480291367 0.606800616 0.724193633 -0.427856654 0.466936588 0.272859842
1403637240838319104.000000 1.607063055 -3.172270775 0.490679890 0.717890024 -0.422580391 0.469444633 0.292714149
1403637241138319104.000000 1.549465179 -3.850623846 0.432587385 0.711012661 -0.407024533 0.488128960 0.300869197
1403637241438319104.000000 1.539248466 -4.467057705 0.314696014 0.720556557 -0.388071150 0.482454449 0.312148660
1403637241738319104.000000 1.590689301 -4.998955250 0.222237960 0.716160774 -0.363936692 0.493664980 0.333104670
1403637242038319104.000000 1.727073431 -5.405385971 0.181782112 0.690042853 -0.367926449 0.533551753 0.322170287
1403637242338319104.000000 1.874236107 -5.667510986 0.197325185 0.698926687 -0.361878276 0.515158951 0.339347661
1403637242638319104.000000 2.046475172 -5.780613899 0.199881196 0.700215995 -0.344317138 0.516358912 0.352869242
1403637242938319104.000000 2.257321835 -5.711941719 0.221739411 0.706516981 -0.323357552 0.548521399 0.308865815
1403637243238319104.000000 2.459579229 -5.498677254 0.257159770 0.722888589 -0.310140461 0.541306615 0.297039121
1403637243538319104.000000 2.656235695 -5.176301003 0.246081248 0.729236722 -0.322584808 0.535917163 0.277390987
1403637243838319104.000000 2.859957218 -4.796448708 0.270911574 0.735522091 -0.353103280 0.525546789 0.241093397
1403637244088318976.000000 3.012815237 -4.479801655 0.354741216 0.734249473 -0.369339108 0.522324443 0.227252156
1403637244338319104.000000 3.142138243 -4.196077347 0.485904306 0.733282685 -0.371980578 0.519686222 0.232062921
1403637244638319104.000000 3.274407148 -3.899898529 0.663143873 0.753229260 -0.344678491 0.509606063 0.232688680
1403637244938319104.000000 3.426777124 -3.639822960 0.811188757 0.772033632 -0.310346961 0.509366572 0.219532743
1403637245238319104.000000 3.620815992 -3.422420025 0.899843752 0.781390846 -0.322497487 0.501899898 0.183085233
1403637245538319104.000000 3.856769800 -3.277202606 0.979954779 0.783356726 -0.297861099 0.506272078 0.203272194
1403637245838319104.000000 4.142880917 -3.163310528 0.997417808 0.790217698 -0.252101511 0.528335571 0.181280091
1403637246138319104.000000 4.454563618 -3.040840387 0.978078842 0.797680438 -0.158630714 0.567487597 0.128452465
1403637246438319104.000000 4.766839027 -2.903909206 0.905948400 0.808082640 -0.032731261 0.585873485 0.051803011
1403637246738319104.000000 5.026886463 -2.730679989 0.818926752 -0.790230691 -0.088721186 -0.606159627 0.015312932
1403637247038319104.000000 5.204199791 -2.491659403 0.749332964 -0.786504209 -0.173869208 -0.587538540 0.077324726
1403637247538319104.000000 5.321564674 -2.025810003 0.628560960 -0.771419644 -0.186682045 -0.597138882 0.116133049
1403637247938319104.000000 5.277302742 -1.619320273 0.493964583 -0.753789485 -0.232410967 -0.601366937 0.127060637
1403637248238319104.000000 5.116655350 -1.295145631 0.442886978 -0.761073589 -0.266173691 -0.567916095 0.165499330
1403637248838319104.000000 4.650584221 -0.650534511 0.330414236 -0.763106406 -0.276927680 -0.557697773 0.173068970
1403637249188318976.000000 4.320242405 -0.275784612 0.375786781 -0.770792842 -0.265759349 -0.553999662 0.168329731
1403637250138319104.000000 3.312019825 0.789300084 0.386305511 -0.760881603 -0.280648917 -0.548272312 0.204188526
1403637252638319104.000000 1.749046564 2.027046919 0.688111901 -0.715335965 -0.383349836 -0.503797293 0.295847535
1403637254888318976.000000 1.250312448 1.630023360 0.817370534 -0.692046165 -0.423565000 -0.501490533 0.300286740
1403637255988318976.000000 0.730885506 1.262066841 0.863897920 -0.629563391 -0.523084760 -0.450358272 0.356664926
1403637257288318976.000000 -0.009953231 0.799682498 0.862673998 -0.602264047 -0.549811065 -0.430229127 0.387154609
1403637259488318976.000000 -1.177339673 0.583640099 0.819381237 -0.544089437 -0.603066325 -0.362816423 0.456773520
1403637259988318976.000000 -1.240261316 0.566571534 0.810160637 -0.544434667 -0.604151726 -0.364861339 0.453285754
1403637260388318976.000000 -1.231490135 0.538239539 0.747269154 -0.529682338 -0.618137240 -0.384260654 0.435530454
1403637260688318976.000000 -1.237860799 0.500021577 0.694314361 -0.537718177 -0.627799869 -0.372211307 0.422119915
1403637261088318976.000000 -1.283126831 0.471021652 0.603727043 -0.531147540 -0.619367003 -0.378906518 0.436688393
1403637261388318976.000000 -1.325730443 0.441710949 0.551249981 -0.538427711 -0.626273513 -0.369560838 0.425795674
1403637261788318976.000000 -1.387537718 0.454687923 0.540726840 -0.542551637 -0.626824200 -0.364507586 0.424103081
1403637262188318976.000000 -1.453763008 0.521891415 0.514699996 -0.537276626 -0.609013617 -0.377231389 0.445120960
1403637262588318976.000000 -1.436477423 0.574130535 0.605355024 -0.552709639 -0.577931046 -0.417323083 0.431681722
1403637262988318976.000000 -1.504925847 0.675046444 0.841721356 -0.558805346 -0.583057463 -0.410040200 0.423848689
1403637263388318976.000000 -1.673877954 0.796951115 1.104253173 -0.560017407 -0.582782626 -0.410185307 0.422484249
1403637263588318976.000000 -1.804617763 0.873769641 1.221480489 -0.560424685 -0.582551599 -0.410482138 0.421974301
1403637263988318976.000000 -2.151361465 1.059730768 1.438309193 -0.561098576 -0.582201421 -0.410405993 0.421635926
1403637264388318976.000000 -2.613649845 1.285844207 1.633135319 -0.561318517 -0.582230449 -0.410226315 0.421478033
1403637264688318976.000000 -3.036670208 1.484101653 1.768101931 -0.561515212 -0.582074881 -0.410279334 0.421379060
1403637264888318976.000000 -3.353837013 1.630180836 1.852186441 -0.561684966 -0.581870615 -0.410203159 0.421509326
1403637264988318976.000000 -3.523249865 1.707193017 1.892810106 -0.561810911 -0.581827462 -0.410154879 0.421447784
1403637265088318976.000000 -3.699974060 1.786823273 1.932502151 -0.561870098 -0.581843376 -0.410048485 0.421450377
1403637265188318976.000000 -3.883841753 1.869335532 1.971138954 -0.561908126 -0.581650198 -0.410269797 0.421451122
1403637265288318976.000000 -4.074982643 1.954488039 2.008806467 -0.561958253 -0.581646204 -0.410199344 0.421458453
1403637265388318976.000000 -4.273286343 2.042537928 2.045475483 -0.562005281 -0.581623614 -0.410191447 0.421434432
1403637265488318976.000000 -4.478839874 2.133323908 2.081162214 0.562048554 0.581591070 0.410155833 -0.421456486
