1403636579963555584.000000 0.398492754 0.650426149 0.345917016 -0.599724114 -0.556067526 -0.403690487 0.410065919
1403636582913555456.000000 0.396683782 0.658021033 0.536430478 -0.608730137 -0.539535820 -0.426794946 0.395214975
1403636585463555584.000000 0.416138202 0.676998198 0.442463130 -0.608061969 -0.542727709 -0.443912804 0.372355759
1403636588163555584.000000 0.723103702 0.619088113 0.334117115 -0.710772514 -0.574916542 -0.300309181 0.272190690
1403636590763555584.000000 0.263831854 0.568437874 0.354141027 -0.669605970 -0.610614657 -0.292176485 0.305631369
1403636592213555456.000000 0.636632740 0.651143968 0.309724212 -0.713791609 -0.536350191 -0.347625464 0.286332935
1403636594013555456.000000 0.363805592 0.485922128 0.285785705 -0.699139178 -0.571326733 -0.288684458 0.318514645
1403636594713555456.000000 0.692736268 0.657170415 0.281259060 -0.734046757 -0.502646565 -0.361307800 0.279246598
1403636596263555584.000000 0.522803843 0.463360131 0.241496101 -0.698160470 -0.568548858 -0.322250932 0.292367131
1403636596513555456.000000 0.431710243 0.375499815 0.270787686 -0.693515897 -0.565488935 -0.332128674 0.298242331
1403636597013555456.000000 0.377527595 0.399125904 0.279042393 -0.680090487 -0.577402949 -0.342989862 0.294008166
1403636598963555584.000000 0.431071460 0.722566366 0.138805792 -0.564529955 -0.655899107 -0.312528640 0.391699135
1403636601763555584.000000 0.456058264 0.802673876 0.049983591 -0.536721230 -0.589266121 -0.376905024 0.471845746
1403636604263555584.000000 0.456040591 0.802868366 0.049830258 -0.536755741 -0.589153588 -0.376960486 0.471902728
1403636606763555584.000000 0.456018925 0.802741826 0.049871430 -0.536766768 -0.589145958 -0.376954615 0.471904486
1403636609263555584.000000 0.455965549 0.802812397 0.049851723 -0.536768556 -0.589160919 -0.376994789 0.471851707
1403636611763555584.000000 0.456351459 0.802522659 0.049760535 -0.536899388 -0.589039624 -0.376852781 0.471967489
1403636614263555584.000000 0.456595361 0.802671015 0.049618218 -0.536546409 -0.589100063 -0.377430111 0.471832305
1403636616763555584.000000 0.456614822 0.802723765 0.049579833 -0.536698818 -0.588949859 -0.377207518 0.472024322
1403636619263555584.000000 0.456629127 0.802708149 0.049567360 -0.536922395 -0.588689804 -0.377111048 0.472171634
1403636621763555584.000000 0.456623703 0.802524805 0.049681365 -0.536706388 -0.588916421 -0.377250344 0.472023159
1403636624613555456.000000 0.474106044 0.790549636 0.050293975 -0.553171396 -0.595008612 -0.370562524 0.450166285
1403636627163555584.000000 0.571831942 0.813775957 0.370651424 -0.534799874 -0.623615682 -0.370733321 0.433185250
1403636629163555584.000000 0.891434848 0.878506720 0.554302096 -0.595994890 -0.574094296 -0.401772082 0.392154276
1403636631963555584.000000 1.990319967 1.747679591 0.457282007 -0.659948230 -0.485554338 -0.465585500 0.334567606
1403636634813555456.000000 2.707755089 3.319276571 0.313999563 -0.591137528 -0.563439727 -0.420975953 0.394805461
1403636637763555584.000000 3.420137167 5.178570271 0.602867305 -0.579097748 -0.584856510 -0.400154591 0.403069407
1403636638563555584.000000 3.447644234 5.551872253 0.601422429 -0.596026719 -0.586900055 -0.370589197 0.403688222
1403636641463555584.000000 4.132837296 7.179952621 0.421898514 -0.549288273 -0.600331903 -0.384464055 0.435971737
1403636642713555456.000000 4.338153362 7.447771549 0.424865395 -0.585902870 -0.572091937 -0.409106165 0.402567744
1403636643713555456.000000 4.497513771 7.622556210 0.435070723 -0.594440401 -0.580358326 -0.393416017 0.393762171
1403636644613555456.000000 4.709256172 8.052577972 0.428751558 -0.592423081 -0.551895201 -0.395029396 0.434048831
1403636646863555584.000000 5.726094723 9.652492523 0.292671829 -0.663254857 -0.458105713 -0.480360448 0.345667571
1403636647163555584.000000 5.879098892 9.816632271 0.363284469 -0.670932591 -0.461152822 -0.473517984 0.336107463
1403636647713555456.000000 6.153540611 10.062737465 0.398485333 -0.663936853 -0.454189122 -0.476099759 0.355287403
1403636649713555456.000000 7.179469585 10.159483910 0.538972318 -0.745317340 -0.312552869 -0.537739336 0.240102664
1403636650063555584.000000 7.314249039 10.118599892 0.644209683 -0.748122454 -0.295516044 -0.549685359 0.225453109
1403636650363555584.000000 7.404134750 10.047858238 0.646714568 -0.765452683 -0.252759576 -0.558823466 0.194708124
1403636651663555584.000000 7.561572075 9.632698059 0.666115582 -0.786140859 -0.188699827 -0.570489407 0.144626066
1403636654263555584.000000 7.597351074 8.365346909 0.559093654 -0.807862103 -0.015228197 -0.588853478 0.019456644
1403636655113555456.000000 7.463865280 8.043193817 0.609816909 0.806076109 -0.072122194 0.585497022 0.047254227
1403636655313555456.000000 7.425976753 7.979668617 0.587437987 0.799668431 -0.079023749 0.593229055 0.048629608
1403636655663555584.000000 7.304670811 7.870717049 0.563300431 0.803922355 -0.117916718 0.579265296 0.065240607
1403636658363555584.000000 6.078978062 6.522272110 0.362345576 0.802415848 -0.194369957 0.550672054 0.122920461
1403636658713555456.000000 5.920718193 6.264101028 0.321382135 0.804507673 -0.184331223 0.546678722 0.141180024
1403636659113555456.000000 5.793670654 6.022228718 0.235560089 0.789497197 -0.185229853 0.567868531 0.141101256
1403636659513555456.000000 5.668561459 5.846309185 0.136456713 0.797103465 -0.186605141 0.557335019 0.138499871
1403636659913555456.000000 5.558490753 5.716572762 0.057663377 0.793086290 -0.189558715 0.561094046 0.142321005
1403636662163555584.000000 5.640167713 5.797988415 -0.512510657 0.783941925 -0.194549814 0.574746966 0.131344721
1403636662613555456.000000 5.587424278 5.947857380 -0.510840833 0.800014019 -0.195078701 0.550221741 0.138484284
1403636663463555584.000000 5.545239925 6.097664833 -0.658123493 0.815644383 -0.199656829 0.524435461 0.140814587
1403636663763555584.000000 5.603499413 6.087231159 -0.750111997 0.821979821 -0.189264119 0.514706254 0.153641820
1403636665413555456.000000 6.610292912 6.724129677 -0.899126410 0.800587118 -0.168144315 0.565173090 0.106616870
1403636668213555456.000000 7.753687382 7.978830338 -0.832365215 0.808499753 -0.168327555 0.552821696 0.111275293
1403636668913555456.000000 8.087414742 8.172348022 -0.981897175 0.800557375 -0.158836752 0.558119535 0.149604142
1403636669363555584.000000 8.317646027 8.396018028 -1.003692985 0.791147113 -0.173122406 0.571152329 0.133790970
1403636669813555456.000000 8.486120224 8.688652992 -1.065673590 0.772986054 -0.173161358 0.596934259 0.127190024
1403636670263555584.000000 8.503714561 8.978295326 -1.036151528 0.771555901 -0.206837535 0.599114120 0.054607440
1403636670463555584.000000 8.446760178 9.042586327 -1.024781942 0.771343231 -0.202358887 0.602765858 0.027458187
1403636672513555456.000000 6.805158615 7.026913643 -0.394642889 -0.828931808 -0.122976787 -0.545543551 0.011445611
1403636673013555456.000000 6.778801918 6.817504406 -0.468449980 -0.817948937 -0.119599335 -0.559064031 0.064053662
1403636674313555456.000000 7.064529896 7.047787189 -0.502626181 -0.803601205 -0.162375778 -0.562579036 0.106602035
1403636677163555584.000000 8.267048836 8.945169449 -0.996917605 -0.709325552 -0.411773980 -0.497665256 0.282185674
1403636677813555456.000000 8.361709595 9.440770149 -1.073520184 -0.664550781 -0.454272509 -0.481045961 0.347280085
1403636680313555456.000000 8.281284332 10.125904083 -0.786135435 -0.383560419 -0.704089522 -0.333691746 0.495771408
1403636683263555584.000000 6.706155300 8.706732750 -0.669370294 -0.413183510 -0.696679473 -0.309719235 0.497987062
1403636684063555584.000000 6.268217087 8.182709694 -0.734959006 -0.414267868 -0.704622686 -0.290479064 0.497504801
1403636686913555456.000000 5.204607010 6.301633358 -0.742076218 -0.417912483 -0.704601526 -0.288421571 0.495680183
1403636689563555584.000000 4.488973618 5.034995556 -1.063273787 -0.387365401 -0.729371309 -0.259687155 0.500527799
1403636690063555584.000000 4.312965870 4.923157215 -0.964226484 -0.408147186 -0.722567976 -0.236037299 0.505566895
1403636690363555584.000000 4.229440689 4.947516441 -0.924965620 -0.399244130 -0.729828894 -0.254184097 0.493299603
1403636690713555456.000000 4.131325722 5.038651466 -0.871953666 -0.411298007 -0.715090156 -0.237877667 0.512732267
1403636690863555584.000000 4.099988937 5.096798420 -0.887122154 -0.419031769 -0.700703084 -0.226236984 0.531266809
1403636691663555584.000000 4.406533241 5.428265572 -0.831408083 -0.379244387 -0.714691162 -0.264888942 0.524618089
1403636694363555584.000000 5.508327007 5.805578232 -0.151472881 -0.376366466 -0.722174168 -0.265758693 0.515931368
1403636694863555584.000000 5.520701408 5.927874565 -0.140121460 -0.382572055 -0.721405685 -0.261306614 0.514714777
1403636696363555584.000000 5.609296322 6.257095337 -0.214886904 -0.386229247 -0.719204247 -0.283796966 0.503022373
1403636698363555584.000000 5.300657272 5.928410530 -0.139858589 -0.476495236 -0.665600955 -0.340094328 0.462886006
1403636700963555584.000000 4.916231155 5.346703529 -0.591622770 -0.736786485 -0.357000619 -0.509622276 0.264540285
1403636701963555584.000000 5.169660568 5.186599255 -0.583293140 -0.739668489 -0.350631624 -0.513597846 0.257226318
1403636704813555456.000000 6.249595642 5.234547138 -1.092486739 -0.781866014 -0.301155448 -0.510261297 0.193969712
1403636705113555456.000000 6.417664528 5.320201874 -1.146078944 -0.783589303 -0.307071269 -0.505014122 0.191457227
1403636705763555584.000000 6.828855515 5.666018486 -1.232236981 -0.771437287 -0.302490592 -0.523227394 0.199040592
1403636706313555456.000000 7.188734531 6.009132385 -1.283259511 -0.759641826 -0.295067936 -0.536508322 0.219175741
1403636706913555456.000000 7.552506924 6.346264362 -1.334964633 -0.769267857 -0.307654798 -0.523917675 0.197701067
1403636707263555584.000000 7.748387337 6.586516857 -1.306107998 -0.768075645 -0.298627317 -0.532289803 0.193776235
1403636709863555584.000000 9.070774078 8.475431442 -1.406798840 -0.763652146 -0.292324841 -0.544504344 0.186806589
1403636710313555456.000000 9.098374367 8.804075241 -1.429347634 -0.758981764 -0.294973373 -0.544844091 0.200206012
1403636712963555584.000000 8.320870399 9.775778770 -1.295513630 -0.679479837 -0.423272818 -0.510603368 0.313737988
1403636715713555456.000000 7.012781620 8.773619652 -0.816978931 -0.634505510 -0.508003235 -0.438650757 0.383302748
1403636717463555584.000000 6.809172630 8.060093880 -0.786100805 -0.559458315 -0.591639996 -0.419925690 0.400788039
1403636720363555584.000000 5.751348019 6.688214302 -1.042065501 -0.489419311 -0.655153453 -0.334358960 0.468451470
1403636723313555456.000000 5.658280373 5.655904770 -1.117179632 -0.565140009 -0.586090088 -0.403562903 0.417435169
1403636726213555456.000000 5.345558167 4.795275688 -0.800927162 -0.648661733 -0.496295959 -0.454588830 0.355355144
1403636728713555456.000000 5.061586857 4.187340260 -0.274454623 -0.632288158 -0.509315133 -0.446315646 0.376314044
1403636731613555456.000000 4.242362022 3.215357542 -0.131106943 -0.605816364 -0.545921624 -0.415589273 0.402792364
1403636734413555456.000000 3.750354052 2.263271809 -0.089739755 -0.592285633 -0.560674071 -0.419913709 0.398139358
1403636737213555456.000000 2.939207077 1.593527794 0.187936306 -0.555928886 -0.593471348 -0.398834556 0.423870027
1403636739013555456.000000 2.629458427 1.438412905 0.364924878 -0.631784737 -0.517533660 -0.420718402 0.394972235
1403636741563555584.000000 3.058080673 1.340546250 -0.320629716 -0.726238728 -0.390674353 -0.489047527 0.284224451
1403636744263555584.000000 3.520475149 1.699301243 -1.050097942 -0.726220191 -0.360686272 -0.519589424 0.269326210
1403636746913555456.000000 3.827488661 2.026215076 -1.654228449 -0.753910840 -0.349489629 -0.489876390 0.263621837
1403636749663555584.000000 3.830370665 2.559094191 -0.990783811 -0.739619315 -0.333639830 -0.536608100 0.231731832
1403636751113555456.000000 3.671187401 2.452603579 -0.516102374 -0.731975138 -0.359807402 -0.522416949 0.248659611
1403636751613555456.000000 3.562569141 2.438625336 -0.293035567 -0.740606189 -0.344921798 -0.509959877 0.269207060
1403636754463555584.000000 3.268258095 2.414128065 0.225869566 -0.579563022 -0.559368432 -0.436569870 0.400774747
1403636756463555584.000000 2.196792126 1.791311383 0.342145562 -0.538984776 -0.607148051 -0.394315541 0.430560052
1403636756963555584.000000 1.883456826 1.604552627 0.358122349 -0.536027849 -0.607535660 -0.391959608 0.435823619
1403636757363555584.000000 1.640167475 1.409729600 0.380131245 -0.535416842 -0.609987676 -0.390326530 0.434613585
1403636757763555584.000000 1.387451530 1.199299574 0.380518258 -0.533606827 -0.637382984 -0.366025001 0.418368608
1403636758013555456.000000 1.213411689 1.104013085 0.446267366 -0.526259661 -0.640040934 -0.359203875 0.429384470
1403636758513555456.000000 0.873862565 0.956640303 0.509036899 -0.531983793 -0.634733140 -0.343533665 0.442822546
1403636759013555456.000000 0.614304900 0.896719515 0.475024700 -0.522648096 -0.625800312 -0.361088455 0.452579319
1403636759313555456.000000 0.507314444 0.879359126 0.422178745 -0.538219571 -0.606808066 -0.335631073 0.479015052
1403636759663555584.000000 0.471792310 0.852915764 0.331207097 -0.515585124 -0.626088917 -0.366075486 0.456260204
1403636759963555584.000000 0.463546842 0.813983500 0.305608064 -0.517629683 -0.632592142 -0.361843675 0.448281169
1403636760163555584.000000 0.459536791 0.785019994 0.284697264 -0.525331080 -0.638854027 -0.352117568 0.438070774
1403636760563555584.000000 0.456583619 0.746193945 0.229393527 -0.515251577 -0.631545484 -0.366551131 0.448671907
1403636761013555456.000000 0.440974653 0.692188978 0.165278584 -0.512209237 -0.639748275 -0.367466182 0.439695984
1403636761263555584.000000 0.412308931 0.667400599 0.130201757 -0.525870740 -0.650552750 -0.346463799 0.424504310
1403636761563555584.000000 0.363616526 0.675650239 0.119421944 -0.515012205 -0.637350142 -0.363252878 0.443389922
1403636762013555456.000000 0.304238260 0.692275584 0.138398319 -0.518819988 -0.627388775 -0.361723572 0.454274476
1403636762363555584.000000 0.273068279 0.692170262 0.159532979 -0.519159317 -0.648279667 -0.364561170 0.421072811
1403636762713555456.000000 0.210112482 0.720521390 0.103713594 -0.536344051 -0.615434289 -0.339917213 0.466939032
1403636763063555584.000000 0.234820187 0.707062364 0.058460474 -0.544410050 -0.603049159 -0.366914183 0.453126222
1403636763363555584.000000 0.246442989 0.692149878 0.044458758 -0.555622399 -0.583401442 -0.374714345 0.458819866
1403636763513555456.000000 0.247539312 0.684251249 0.037092462 -0.556586623 -0.583364487 -0.373656988 0.458560526
