1403636579963555584.000000 -0.072431371 0.114477865 0.576646566 -0.585902512 -0.571305692 -0.388536334 0.423518091
1403636582663555584.000000 -0.090029180 0.111945212 0.606371105 -0.591566324 -0.580417156 -0.396058559 0.395351440
1403636585363555584.000000 -0.060214557 0.142274156 0.728919089 -0.593111157 -0.552958965 -0.435937881 0.390402049
1403636588063555584.000000 0.226526380 0.100526124 0.569126785 -0.691252828 -0.595790625 -0.294002950 0.284192562
1403636588563555584.000000 0.263416111 0.100200854 0.556548357 -0.692258298 -0.594028890 -0.293338865 0.286112905
1403636590163555584.000000 -0.339076698 0.033824801 0.570338786 -0.642864048 -0.640470207 -0.261976659 0.328469187
1403636590663555584.000000 -0.247226864 0.024386672 0.584434092 -0.647212029 -0.633728027 -0.280893773 0.317181617
1403636591963555584.000000 0.130306959 0.088599272 0.544090271 -0.673173845 -0.572900653 -0.346210986 0.314260840
1403636592413555456.000000 0.176490948 0.181374207 0.536373556 -0.703733206 -0.560778618 -0.325176239 0.290770561
1403636593663555584.000000 -0.237041727 0.074029908 0.525497079 -0.606808603 -0.668152571 -0.224062353 0.367629677
1403636594463555584.000000 0.150394693 0.015515778 0.512806416 -0.729372442 -0.527446568 -0.338530838 0.274249852
1403636594613555456.000000 0.207344264 0.089509137 0.511122942 -0.723184407 -0.523580432 -0.351075292 0.282159477
1403636596213555456.000000 0.066770039 -0.046609290 0.468179494 -0.678877711 -0.592755497 -0.311971396 0.300732195
1403636596463555584.000000 -0.006214470 -0.139165401 0.494688600 -0.680301249 -0.584009111 -0.319960564 0.306184262
1403636596663555584.000000 -0.074507691 -0.197451204 0.513256609 -0.672960937 -0.589835465 -0.323945791 0.307045430
1403636597113555456.000000 -0.064402200 -0.081079759 0.503983617 -0.665802062 -0.602110147 -0.324809879 0.297774255
1403636598363555584.000000 -0.102236181 0.044267714 0.471995503 -0.583389759 -0.693538249 -0.264505416 0.329693973
1403636601163555584.000000 -0.028071463 0.269874454 0.278597265 -0.519925058 -0.604916930 -0.362004578 0.482396245
1403636603663555584.000000 -0.028121121 0.269640416 0.278592438 -0.519960821 -0.604824364 -0.362266570 0.482277095
1403636606163555584.000000 -0.028111428 0.269900203 0.278497726 -0.519923747 -0.604888678 -0.362253040 0.482246578
1403636608663555584.000000 -0.028207399 0.269298673 0.278675199 -0.519862115 -0.604948759 -0.362444818 0.482093513
1403636611163555584.000000 -0.028179541 0.269515842 0.278763711 -0.519900084 -0.605133772 -0.362259150 0.481960028
1403636613663555584.000000 -0.027547307 0.269350767 0.278502226 -0.519731343 -0.604966640 -0.362730205 0.481997490
1403636616163555584.000000 -0.027409367 0.269694239 0.278284073 -0.519913256 -0.604649365 -0.362427115 0.482427269
1403636618663555584.000000 -0.027286507 0.269549429 0.278227180 -0.519948483 -0.604534209 -0.362096399 0.482781678
1403636621213555456.000000 -0.027411953 0.269646615 0.278165698 -0.519804955 -0.604519844 -0.362545192 0.482617468
1403636623713555456.000000 -0.026196688 0.269868255 0.278707743 -0.521916091 -0.602793694 -0.360711187 0.483870625
1403636626263555584.000000 0.022440661 0.275645316 0.607346714 -0.526645899 -0.618734598 -0.354224265 0.462965310
1403636628963555584.000000 0.348837763 0.358512133 0.752877772 -0.572385609 -0.594145179 -0.383818388 0.414788872
1403636629413555456.000000 0.477389395 0.417409182 0.798515797 -0.593960285 -0.568390965 -0.399134606 0.405998111
1403636632263555584.000000 1.517573357 1.407737851 0.681990564 -0.643202126 -0.502304256 -0.462018251 0.347160906
1403636635013555456.000000 2.115450382 3.034845114 0.547997534 -0.570243180 -0.590861559 -0.399582118 0.407479495
1403636635263555584.000000 2.169755936 3.203211069 0.554060638 -0.567762315 -0.598547459 -0.391114026 0.407942027
1403636635513555456.000000 2.218689203 3.378143787 0.545272410 -0.573502362 -0.596698165 -0.379763573 0.413311154
1403636636013555456.000000 2.340919256 3.760436535 0.637155533 -0.580993116 -0.586769879 -0.374550939 0.421734214
1403636636263555584.000000 2.430965424 3.953720808 0.715874434 -0.570830524 -0.592875421 -0.390664101 0.412350386
1403636636513555456.000000 2.519486189 4.142621994 0.816137373 -0.555616617 -0.583273351 -0.412010312 0.425828367
1403636637413555456.000000 2.661451101 4.614878654 0.781847179 -0.563347399 -0.597776055 -0.391958147 0.414333671
1403636637913555456.000000 2.665111303 4.864015579 0.847784340 -0.559235752 -0.598668814 -0.391575664 0.418950558
1403636640813555456.000000 3.158077717 6.593101978 0.686123490 -0.526586890 -0.623025656 -0.376428127 0.439143777
1403636642363555584.000000 3.399171352 7.073818207 0.685464144 -0.550535619 -0.595061243 -0.397562802 0.429833204
1403636643263555584.000000 3.523438692 7.198079109 0.634652436 -0.572349131 -0.583905220 -0.395929843 0.417984247
1403636643763555584.000000 3.611963272 7.301245213 0.661406398 -0.578195155 -0.598917186 -0.380237162 0.402999133
1403636646613555456.000000 4.565170765 9.182771683 0.445753574 -0.639698982 -0.487109989 -0.460625798 0.375942767
1403636646963555584.000000 4.737252235 9.411560059 0.524511874 -0.653427482 -0.475433499 -0.469462186 0.355809987
1403636647513555456.000000 4.996021748 9.700263977 0.598778486 -0.655018687 -0.477865845 -0.461548150 0.359955639
1403636647863555584.000000 5.164791584 9.831583977 0.622436762 -0.656244457 -0.472659141 -0.465390772 0.359649777
1403636648763555584.000000 5.625835419 9.924105644 0.477594465 -0.742404640 -0.335862190 -0.521010756 0.254125655
1403636649263555584.000000 5.870692253 9.920227051 0.535797298 -0.741641641 -0.330516994 -0.530122578 0.244328126
1403636650163555584.000000 6.233206272 9.857377052 0.839602470 -0.743885040 -0.305801034 -0.545979619 0.234578609
1403636650563555584.000000 6.327261448 9.736960411 0.815228581 -0.779854953 -0.233245715 -0.553692162 0.175635263
1403636651013555456.000000 6.406585217 9.582391739 0.756539226 -0.783650100 -0.197413892 -0.569653630 0.149716526
1403636651763555584.000000 6.460685730 9.339681625 0.851214767 -0.779560328 -0.205723092 -0.568307877 0.164286420
1403636653713555456.000000 6.578165054 8.334684372 0.768530250 -0.808791995 -0.048345633 -0.585044384 0.035232257
1403636654213555456.000000 6.587121964 8.138135910 0.755618095 -0.807463765 -0.038794305 -0.587333262 0.039202653
1403636654463555584.000000 6.557545185 8.033287048 0.763594210 -0.812815845 -0.010200555 -0.582294822 0.012610876
1403636654763555584.000000 6.505533218 7.912597656 0.812816262 0.819263756 -0.034680914 0.572127581 0.016558165
1403636655213555456.000000 6.428222656 7.751016140 0.809113383 0.805540204 -0.052547526 0.589324236 0.032259811
1403636655563555584.000000 6.317792416 7.629323006 0.791000426 0.802523971 -0.080427788 0.589482486 0.044688836
1403636655813555456.000000 6.196560860 7.538089752 0.770822525 0.814050078 -0.115645863 0.566204011 0.057978440
1403636656063555584.000000 6.082239628 7.436208248 0.706548572 0.809219301 -0.156740114 0.560415745 0.080813937
1403636656313555456.000000 5.970808029 7.320707321 0.694225550 0.809643269 -0.170265421 0.552580953 0.100706406
1403636656613555456.000000 5.864789963 7.167966366 0.749618053 0.809466422 -0.170248970 0.552275777 0.103783526
1403636656863555584.000000 5.792072773 7.034113884 0.774366856 0.794356048 -0.159553438 0.576219499 0.107295245
1403636657113555456.000000 5.704585075 6.907693386 0.754518747 0.789436400 -0.156753108 0.584864736 0.100756854
1403636657663555584.000000 5.443901539 6.629808426 0.696501434 0.805780292 -0.165471658 0.562248170 0.084937692
1403636657863555584.000000 5.347195148 6.508984089 0.654053986 0.804502308 -0.174162313 0.561801255 0.082601428
1403636658113555456.000000 5.227399349 6.334008694 0.611081302 0.807626307 -0.177548215 0.555356324 0.088294074
1403636658563555584.000000 5.013230801 5.981162548 0.599354029 0.812161148 -0.164958894 0.547158897 0.117473945
1403636658963555584.000000 4.875329018 5.712908745 0.546496034 0.804109275 -0.160081923 0.558027864 0.128011957
1403636659163555584.000000 4.814425468 5.610198975 0.492642343 0.796212792 -0.166519552 0.568983018 0.120725639
1403636659613555456.000000 4.672369480 5.420581818 0.386095166 0.803651989 -0.165331617 0.558495462 0.122031741
1403636659863555584.000000 4.606769085 5.339287758 0.340334177 0.799825370 -0.167450443 0.562598825 0.125389010
1403636660313555456.000000 4.509054661 5.234884262 0.173634604 0.815925837 -0.173851058 0.537148237 0.124549851
1403636660663555584.000000 4.512288094 5.171829700 0.065432400 0.814079046 -0.170162037 0.539985299 0.129368395
1403636660913555456.000000 4.553682327 5.143683434 -0.028018847 0.799492717 -0.155445188 0.561003208 0.148066625
1403636661363555584.000000 4.640121460 5.182378769 -0.217879087 0.793444395 -0.167321488 0.570522726 0.130205035
1403636661563555584.000000 4.656002522 5.238995552 -0.275978386 0.793948352 -0.169047609 0.570028961 0.127027631
1403636662363555584.000000 4.654185772 5.469707012 -0.231908172 0.797804534 -0.166235358 0.565147460 0.128382504
1403636662713555456.000000 4.606640339 5.595232010 -0.253323495 0.805634260 -0.184802815 0.552173793 0.109111711
1403636663613555456.000000 4.595839500 5.714303493 -0.456858158 0.827597618 -0.173374191 0.516661704 0.134477779
1403636663913555456.000000 4.708165646 5.707249165 -0.537791431 0.823924422 -0.152137622 0.522977412 0.156515822
1403636666713555456.000000 6.239203453 7.200797558 -0.601882279 0.806372046 -0.148212865 0.563625693 0.100613698
1403636668413555456.000000 6.820726871 7.811912060 -0.677226007 0.813332200 -0.149235636 0.552002847 0.107295543
1403636668863555584.000000 7.031818390 7.950855732 -0.765923202 0.807709515 -0.141188756 0.556747139 0.133055359
1403636669063555584.000000 7.136778831 8.035606384 -0.781806648 0.800118983 -0.145016283 0.567689061 0.128487185
1403636669863555584.000000 7.441100121 8.532697678 -0.862784505 0.777644038 -0.160256520 0.599336982 0.101895563
1403636670063555584.000000 7.452339172 8.671858788 -0.865446866 0.784347773 -0.181237146 0.589359462 0.067875974
1403636670313555456.000000 7.420754433 8.799859047 -0.836118698 0.775148332 -0.187896982 0.602220953 0.034201570
1403636670563555584.000000 7.322741985 8.851892471 -0.817983747 0.780983329 -0.172455445 0.600269675 -0.000704761
1403636672063555584.000000 5.929153442 7.177992344 -0.387986004 -0.853392184 -0.126515195 -0.502250373 0.058824945
1403636672363555584.000000 5.832221031 6.855670929 -0.255094647 -0.843767047 -0.140664816 -0.517170846 0.028371720
1403636672613555456.000000 5.821158409 6.689086437 -0.203865990 -0.812173963 -0.132280201 -0.566680968 0.041809872
1403636673913555456.000000 5.980507851 6.594563007 -0.294582903 -0.800045550 -0.193249196 -0.558034956 0.105730951
1403636676613555456.000000 7.068171978 8.253270149 -0.781689227 -0.715178311 -0.412208110 -0.500623822 0.260730356
1403636676863555584.000000 7.134160519 8.475823402 -0.778026938 -0.708233654 -0.418808281 -0.484107494 0.297732502
1403636678413555456.000000 7.318153858 9.543743134 -0.838564873 -0.594864845 -0.560997367 -0.412742794 0.401324183
1403636678713555456.000000 7.352033615 9.669712067 -0.792668283 -0.552764118 -0.602841198 -0.392284453 0.420888633
1403636679013555456.000000 7.361178398 9.783256531 -0.780573249 -0.491662413 -0.655549407 -0.382911533 0.426499546
1403636680463555584.000000 7.133469105 9.901021957 -0.538457453 -0.364793211 -0.720857203 -0.326441079 0.490639597
1403636680763555584.000000 7.025306702 9.775301933 -0.505605578 -0.382243276 -0.717843592 -0.312895834 0.490598440
1403636683513555456.000000 5.592186928 8.312278748 -0.441370726 -0.395631403 -0.710215926 -0.285005689 0.507780433
1403636686313555456.000000 4.573917866 6.387935162 -0.544652760 -0.399226278 -0.714911401 -0.274710089 0.504038215
1403636688913555456.000000 3.936231852 5.022680283 -0.862723887 -0.378084123 -0.725465596 -0.280143231 0.502266824
1403636689213555456.000000 3.841582298 4.866598129 -0.896414638 -0.373855114 -0.733551562 -0.255634487 0.506740034
1403636689663555584.000000 3.693938255 4.670804977 -0.818020880 -0.370674223 -0.740785956 -0.238909975 0.506713748
1403636690013555456.000000 3.575258255 4.582982063 -0.753049254 -0.387413591 -0.733272970 -0.221169144 0.513133228
1403636690413555456.000000 3.460731030 4.609083652 -0.697471023 -0.378153652 -0.740202665 -0.242058575 0.500507236
1403636690713555456.000000 3.372269630 4.686368942 -0.654449463 -0.390502989 -0.726300120 -0.224581257 0.519190609
1403636690963555584.000000 3.327696323 4.786699295 -0.684294105 -0.397261590 -0.702384531 -0.212839857 0.550943315
1403636691713555456.000000 3.657899141 5.106838226 -0.586686075 -0.356272489 -0.730359852 -0.252270520 0.525360823
1403636691963555584.000000 3.826048374 5.177634716 -0.523103654 -0.355522275 -0.729729176 -0.251543432 0.527091205
1403636694263555584.000000 4.703877926 5.488088608 0.053740971 -0.354708612 -0.729831338 -0.253238946 0.526685953
1403636694513555456.000000 4.709893227 5.556440830 0.090404160 -0.358047128 -0.736502230 -0.247922629 0.517591655
1403636694863555584.000000 4.709683418 5.643208981 0.077377304 -0.362756908 -0.731429040 -0.245685905 0.522549033
1403636696263555584.000000 4.778731346 5.982224941 -0.008522583 -0.368119150 -0.735400200 -0.264667302 0.503613174
1403636699113555456.000000 4.183298111 5.400086403 -0.076262310 -0.589791000 -0.571401477 -0.402243227 0.404780626
1403636701963555584.000000 4.375205040 4.881452560 -0.387204051 -0.730673671 -0.370155632 -0.505852818 0.270580322
1403636704263555584.000000 5.187319756 4.890094280 -0.841171980 -0.765913665 -0.302949160 -0.519528866 0.227349624
1403636704613555456.000000 5.336024284 4.916217804 -0.885229290 -0.769351959 -0.314922988 -0.512466550 0.215172693
1403636704913555456.000000 5.476090431 4.973482609 -0.918529689 -0.777647316 -0.321630388 -0.497902602 0.209551200
1403636705663555584.000000 5.918726921 5.335980415 -1.020902634 -0.765806198 -0.323657304 -0.513440728 0.212521717
1403636706713555456.000000 6.572258472 5.978855133 -1.169544458 -0.755538285 -0.326592773 -0.523460388 0.220200792
1403636707063555584.000000 6.755349159 6.213270187 -1.182794929 -0.758535564 -0.320166588 -0.524412513 0.217045441
1403636708963555584.000000 7.786497593 7.728532791 -1.195058703 -0.744508088 -0.311755240 -0.549025476 0.216996476
1403636709313555456.000000 7.950827599 7.937942028 -1.197643280 -0.751042783 -0.305597067 -0.546877325 0.208495706
1403636710063555584.000000 8.076845169 8.427825928 -1.258812189 -0.752491295 -0.314086080 -0.540489256 0.207311839
1403636710413555456.000000 8.066082001 8.699531555 -1.272602081 -0.752408504 -0.310304433 -0.532052934 0.233478710
1403636710713555456.000000 8.039865494 8.912497520 -1.362002134 -0.742983937 -0.328359723 -0.517129958 0.269687682
1403636711113555456.000000 8.011485100 9.155940056 -1.450243711 -0.704816639 -0.400396049 -0.516697407 0.275572777
1403636713913555456.000000 6.628683567 9.214388847 -0.770169377 -0.691456079 -0.432020783 -0.472109556 0.335200220
1403636715363555584.000000 6.082693577 8.599500656 -0.629863143 -0.626272142 -0.540459573 -0.422715873 0.370132387
1403636716363555584.000000 5.951694012 8.339433670 -0.572518110 -0.627089441 -0.518052578 -0.438990742 0.381664097
1403636716763555584.000000 5.922473431 8.175805092 -0.583616495 -0.619569480 -0.527609169 -0.437265307 0.382833391
1403636717163555584.000000 5.879255295 7.988527298 -0.606624067 -0.573987961 -0.578701377 -0.405398160 0.413877904
1403636717663555584.000000 5.821526527 7.726704121 -0.586482942 -0.544241905 -0.605080545 -0.401672482 0.419925690
1403636718013555456.000000 5.714993477 7.546458721 -0.606714487 -0.525605857 -0.622962058 -0.394462466 0.424330175
1403636720763555584.000000 4.830253124 6.204308987 -0.819761992 -0.474558383 -0.668260038 -0.314287335 0.479005575
1403636723713555456.000000 4.819090366 5.253638744 -0.942497909 -0.562301159 -0.571741104 -0.417339116 0.427501470
1403636726613555456.000000 4.559554577 4.462608337 -0.628573418 -0.635214925 -0.505845249 -0.437104881 0.386732280
1403636729313555456.000000 4.183509827 3.648472786 -0.005789399 -0.580988467 -0.566540539 -0.419767261 0.406545937
1403636732113555456.000000 3.569686174 2.830294371 -0.049090154 -0.584892631 -0.564929783 -0.411099225 0.412010252
1403636735063555584.000000 2.935284615 1.627559066 0.197577551 -0.580544889 -0.584268868 -0.395659834 0.406264603
1403636737663555584.000000 2.237251997 1.122041345 0.400724500 -0.547100186 -0.613966584 -0.364600211 0.436798751
1403636738763555584.000000 2.090333223 1.040713191 0.647542357 -0.584746480 -0.580911279 -0.379567355 0.420169234
1403636741413555456.000000 2.498844147 0.975994170 -0.115419671 -0.703305960 -0.409520596 -0.493795663 0.306299865
1403636744313555456.000000 2.937329292 1.345864177 -0.892642140 -0.716578305 -0.379104733 -0.513349950 0.281543940
1403636746813555456.000000 3.255752087 1.657441974 -1.487448215 -0.743582666 -0.370835960 -0.485337913 0.272052675
1403636749563555584.000000 3.181267262 2.197612762 -0.864801407 -0.731426299 -0.350107670 -0.528960466 0.250282139
1403636750763555584.000000 3.109328747 2.123292923 -0.526074409 -0.721687555 -0.373270273 -0.517329216 0.268713623
1403636751063555584.000000 3.058912992 2.083802462 -0.341836125 -0.722400188 -0.379683673 -0.514299035 0.263580978
1403636751413555456.000000 2.977774858 2.051861763 -0.188294232 -0.733160496 -0.373287648 -0.502288461 0.266154706
1403636754063555584.000000 2.789524317 2.080255270 0.379328310 -0.568132758 -0.577848434 -0.412704587 0.415922284
1403636754463555584.000000 2.673570633 2.035176516 0.417786092 -0.565051496 -0.572553754 -0.424057811 0.416021764
1403636755913555456.000000 1.962715268 1.555270195 0.516375721 -0.527335584 -0.623261273 -0.377457201 0.437022537
1403636756313555456.000000 1.727688432 1.429396629 0.531443775 -0.524385273 -0.619733274 -0.380755514 0.442691714
1403636756713555456.000000 1.483389020 1.282562733 0.549150765 -0.521135032 -0.620676935 -0.380410194 0.445495874
1403636757463555584.000000 1.033748865 0.907875776 0.584012747 -0.518799424 -0.625353158 -0.378245056 0.443521470
1403636757813555456.000000 0.826693177 0.707855046 0.579564691 -0.515893400 -0.652198076 -0.351227909 0.430268049
1403636758163555584.000000 0.592090905 0.574739099 0.677311718 -0.501074851 -0.644154370 -0.353920221 0.456869543
1403636758463555584.000000 0.397722512 0.462261915 0.716289043 -0.509028614 -0.643577397 -0.340359390 0.459187865
1403636758763555584.000000 0.228570700 0.369109452 0.716882765 -0.523329556 -0.645470202 -0.321940392 0.453705549
1403636759163555584.000000 0.049455099 0.341634512 0.669333994 -0.511270285 -0.630405664 -0.339284301 0.475476086
1403636759563555584.000000 -0.022874959 0.324658155 0.561460376 -0.503139019 -0.634519696 -0.347618163 0.472649544
1403636759913555456.000000 -0.022520594 0.268466204 0.520721912 -0.498944938 -0.641528845 -0.350064963 0.465778083
1403636760263555584.000000 -0.019835375 0.205430433 0.481294453 -0.504246235 -0.645096838 -0.343841076 0.459738225
1403636760713555456.000000 -0.026995555 0.156327739 0.397597611 -0.498775870 -0.651644170 -0.351257414 0.450777918
1403636761113555456.000000 -0.050557248 0.101857014 0.362234533 -0.501256883 -0.654719114 -0.344910055 0.448465616
1403636761513555456.000000 -0.103559896 0.085204154 0.372043550 -0.498843938 -0.652284801 -0.347557724 0.452640027
1403636761713555456.000000 -0.139797628 0.096517943 0.407079190 -0.499425054 -0.640289128 -0.348305434 0.468281746
1403636761913555456.000000 -0.170559332 0.105405994 0.447438776 -0.504633904 -0.634646714 -0.341109812 0.475617796
1403636762113555456.000000 -0.181406319 0.117646769 0.498340547 -0.488791525 -0.647355855 -0.366219968 0.455956280
1403636762313555456.000000 -0.202924609 0.130607292 0.548226476 -0.493373334 -0.660088718 -0.361198127 0.436350346
1403636762513555456.000000 -0.246755689 0.149880171 0.575802505 -0.510555446 -0.650941193 -0.337366283 0.449213415
1403636762713555456.000000 -0.294781446 0.180181563 0.576138437 -0.514853239 -0.629712939 -0.330045640 0.479017496
1403636763113555456.000000 -0.369104147 0.236861527 0.655134022 -0.537781179 -0.618287683 -0.351608813 0.452640057
1403636763313555456.000000 -0.418144017 0.313482314 0.815750122 -0.530748844 -0.608204603 -0.365314752 0.463614017
1403636763513555456.000000 -0.461579293 0.392420113 1.004248619 -0.530626714 -0.608135223 -0.365170181 0.463958740
1403636763713555456.000000 -0.514670789 0.474204868 1.194653630 -0.531171978 -0.608352363 -0.364631623 0.463473409
