#Stereo rect[ms], MP culling[ms], MP creation[ms], LBA[ms], KF culling[ms], Total[ms]
6.382579,0.063212,0.508470,0.008438,0.008438,6.969917
7.046880,0.072610,0.973563,0.002642,0.002642,8.098032
6.961892,0.101316,1.303134,0.325034,0.325034,19.171136
5.025046,0.041762,0.697837,0.219353,0.219353,10.945407
7.884682,0.036834,2.213688,0.731838,0.731838,25.428731
8.246731,0.023543,2.549809,0.941094,0.941094,28.982223
8.188966,0.026104,3.033362,0.701185,0.701185,22.403694
8.446249,0.017673,3.871756,2.078649,2.078649,40.838886
6.222032,0.014886,1.982777,0.935974,0.935974,18.556280
7.149210,0.022511,2.317147,49.447709,49.447709,68.520296
5.732946,0.016489,3.071735,1.444687,1.444687,50.352739
6.359853,0.051315,0.560776,0.002711,0.002711,6.976423
6.715964,0.127902,1.204428,0.002645,0.002645,8.052737
7.388523,0.207006,2.470921,0.138715,0.138715,20.590025
7.498754,0.250263,5.020538,0.295510,0.295510,21.318847
7.706580,0.280093,8.530330,0.409935,0.409935,27.769191
8.406177,0.322286,15.102071,0.770322,0.770322,53.957518
8.280430,0.315513,19.575474,0.479136,0.479136,58.049728
8.158823,0.330417,12.067091,1.038617,1.038617,39.547194
8.446919,0.192181,16.652238,0.503553,0.503553,61.318777
8.985399,0.189169,23.974334,42.302950,42.302950,114.944630
7.505210,0.178462,18.977087,0.781987,0.781987,60.101059
5.080146,0.135135,11.018568,1.063337,1.063337,47.738518
10.643874,0.281250,24.082256,1.371117,1.371117,79.608697
11.118603,0.273462,26.467690,1.434074,1.434074,72.628733
8.286339,0.162490,15.429687,1.325494,1.325494,57.134887
5.749418,0.092147,12.577400,1.555352,1.555352,61.335588
7.969848,0.165786,11.576462,1.711300,1.711300,69.178945
8.462571,0.172893,16.007462,1.951599,1.951599,72.943034
10.098264,0.119894,24.121242,1.944814,1.944814,89.945046
12.098192,0.150524,20.988662,2.102765,2.102765,94.626759
12.676005,0.239193,30.648899,2.215806,2.215806,96.591321
7.306498,0.118463,19.111709,2.955471,2.955471,88.740122
9.235828,0.205171,38.210701,2.772319,2.772319,112.304075
7.234068,0.132434,27.205800,2.897462,2.897462,89.918080
7.565033,0.113365,20.213436,3.040485,3.040485,89.743138
6.837524,0.095390,14.484150,2.411075,2.411075,70.801691
5.326184,0.043478,11.686562,2.467885,2.467885,70.852010
12.442040,0.191420,45.566104,2.558462,2.558462,245.075772
10.630514,0.118251,23.959787,4.465193,4.465193,100.375910
6.476111,0.080229,17.022077,2.678656,2.678656,81.159497
6.766536,0.120389,19.314088,2.456483,2.456483,75.449493
5.754790,0.072247,16.777634,2.498057,2.498057,71.154114
7.217200,0.058350,14.467936,2.257458,2.257458,76.902541
6.695427,0.055289,15.731979,2.615071,2.615071,68.498643
8.581142,0.058072,20.881597,2.377305,2.377305,73.075530
5.845279,0.015220,0.156685,0.002122,0.002122,6.020203
7.109641,0.115688,1.053457,0.002755,0.002755,8.283569
6.090782,0.097729,0.741864,0.206635,0.206635,11.310367
5.258685,0.087858,0.931186,0.271488,0.271488,12.403877
7.738431,0.073068,2.296747,0.682504,0.682504,26.929602
5.232901,0.039184,1.293962,0.476549,0.476549,15.399156
5.984291,0.019771,1.591235,0.618367,0.618367,15.122039
8.271525,0.034569,3.586560,1.729755,1.729755,38.279236
8.354588,0.025331,4.060221,1.275073,1.275073,35.689899
5.007746,0.010230,1.665279,54.246669,54.246669,72.080588
5.915332,0.010709,1.832722,1.115702,1.115702,21.016733
9.587462,0.009029,5.883907,3.427753,3.427753,51.785950
6.801196,0.004292,3.053535,1.801854,1.801854,31.498821
10.376532,0.009769,7.206594,2.831439,2.831439,69.205237
6.722558,0.059073,0.509688,0.003138,0.003138,7.296255
7.231889,0.089834,1.052216,0.002718,0.002718,8.378598
7.849757,0.127898,1.493869,0.431954,0.431954,21.566214
8.295085,0.128441,1.844936,0.648962,0.648962,25.810487
8.239024,0.036527,2.430091,0.382208,0.382208,21.618500
6.862823,0.022448,1.990881,0.685820,0.685820,21.734099
8.092802,0.021712,3.084910,1.213382,1.213382,33.588654
7.956253,0.024050,3.627142,1.894503,1.894503,31.309426
8.744242,0.024824,4.516846,1.565680,1.565680,36.376608
8.063339,0.026359,4.070152,90.848917,90.848917,125.496264
9.868725,0.027742,5.442608,1.194603,1.194603,50.837003
6.590053,0.051109,0.540878,0.002885,0.002885,7.186843
6.489165,0.081825,0.860271,0.002829,0.002829,7.435670
6.048286,0.063343,0.477640,0.170032,0.170032,10.787807
5.893519,0.068951,1.106708,0.611288,0.611288,22.084583
7.967272,0.024160,2.407259,0.823693,0.823693,29.825596
8.402699,0.029329,1.971770,0.476308,0.476308,18.500395
8.871112,0.044122,3.893697,1.291550,1.291550,38.992070
9.113107,0.044879,4.271318,1.808539,1.808539,45.666925
9.085129,0.051699,4.637118,2.092567,2.092567,51.286752
8.676771,0.047923,5.609151,84.519933,84.519933,113.429849
5.374914,0.023386,2.738278,1.104219,1.104219,25.019676
5.597815,0.004865,2.488179,1.138020,1.138020,23.784624
8.384595,0.018921,6.344837,2.323680,2.323680,62.563307
6.246793,0.033822,0.371781,0.002658,0.002658,6.656735
6.835932,0.113623,1.269641,0.002855,0.002855,8.223986
7.275533,0.235785,4.783591,0.348451,0.348451,25.302074
7.543252,0.275217,8.112090,0.800560,0.800560,33.065315
7.802430,0.278312,12.449391,0.847990,0.847990,45.488945
8.090070,0.292520,16.050686,0.928945,0.928945,53.403558
8.467558,0.302826,19.875912,0.497477,0.497477,47.885302
5.443314,0.176534,9.244413,1.620836,1.620836,44.863944
9.075504,0.285055,25.700997,0.705524,0.705524,63.840889
9.252329,0.265938,28.879195,41.402096,41.402096,122.396854
9.144782,0.271288,34.582418,0.862154,0.862154,77.967769
7.947707,0.192444,18.245045,0.980590,0.980590,74.113272
9.973104,0.288904,38.127069,1.270672,1.270672,102.622940
10.126977,0.345239,39.633644,1.428990,1.428990,119.528199
10.442585,0.320472,37.249289,1.993179,1.993179,91.243926
8.254195,0.195647,34.960518,2.512726,2.512726,170.252558
10.738197,0.321499,41.961060,1.382250,1.382250,120.657251
9.728670,0.181652,21.204119,1.544535,1.544535,88.506460
11.830146,0.281120,44.078027,1.813730,1.813730,123.909317
11.665681,0.280100,26.992824,1.744281,1.744281,95.344355
6.602024,0.130010,19.334467,1.759998,1.759998,85.761923
12.107327,0.220000,39.605141,2.392503,2.392503,113.702248
11.569224,0.263457,41.562708,2.404631,2.404631,128.062121
11.014908,0.264271,40.119607,2.727515,2.727515,124.306795
7.869036,0.174789,15.296171,1.824591,1.824591,109.182819
10.679311,0.363370,39.377902,2.400566,2.400566,138.262326
11.111905,0.319962,42.557169,4.285507,4.285507,145.755965
11.474084,0.317083,26.674279,2.204426,2.204426,106.831283
6.985033,0.266849,27.686543,2.483468,2.483468,120.537743
6.466596,0.158267,16.683276,3.655115,3.655115,97.158165
10.277382,0.282745,29.444487,2.034534,2.034534,123.481766
7.841165,0.192646,30.794563,2.430539,2.430539,123.715569
8.980036,0.223687,25.622677,3.481465,3.481465,118.804770
7.526530,0.212323,20.619642,3.058897,3.058897,120.943782
8.422053,0.270387,23.647377,2.380094,2.380094,119.264059
9.111942,0.417491,27.327398,3.802780,3.802780,131.522062
8.232307,0.248680,18.857909,2.800415,2.800415,124.011803
11.043441,0.424863,36.240487,5.546794,5.546794,153.232782
5.323402,0.161574,12.256470,2.414777,2.414777,105.418087
5.315755,0.179853,12.778050,2.591037,2.591037,99.281658
6.185407,0.220486,20.876941,2.553212,2.553212,117.601074
5.788213,0.248507,24.420313,2.616393,2.616393,124.628931
7.284999,0.287824,12.943979,2.758115,2.758115,109.751029
4.941961,0.197662,17.474612,1.648783,1.648783,122.467206
4.575492,0.212716,11.848295,2.627133,2.627133,102.129795
4.598939,0.244598,10.726561,2.309737,2.309737,99.644379
4.772011,0.223585,11.387160,2.073060,2.073060,96.730916
4.849917,0.188656,10.554174,3.607844,3.607844,97.832725
6.627113,0.193714,11.815580,2.225770,2.225770,102.180275
8.401615,0.237538,14.054021,1.833796,1.833796,127.284521
5.897176,0.169756,16.227024,2.576240,2.576240,124.850436
5.674418,0.187881,11.140256,1.911883,1.911883,110.137219
5.138729,0.164680,11.355245,2.850564,2.850564,108.592443
5.383717,0.163557,12.996292,4.043052,4.043052,114.997167
7.276001,0.223184,21.721783,3.816303,3.816303,122.557418
5.832496,0.200545,12.272084,2.370022,2.370022,102.358323
8.481199,0.334141,26.383830,3.889824,3.889824,134.711427
5.295727,0.194111,14.659861,2.374162,2.374162,107.721180
6.813980,0.248900,17.121869,3.150434,3.150434,112.131217
5.906637,0.212601,19.781430,3.831619,3.831619,127.002405
6.289259,0.211744,15.951064,3.534796,3.534796,116.270829
5.873411,0.197485,11.747810,2.637389,2.637389,102.663813
5.355160,0.211101,14.163392,4.105456,4.105456,107.332323
5.248010,0.187517,11.901691,2.351892,2.351892,117.132987
6.785325,0.230835,19.233912,2.723409,2.723409,114.885788
5.160340,0.193918,11.077393,3.234382,3.234382,100.859626
7.626272,0.314994,20.969356,2.139915,2.139915,126.543986
7.289358,0.373056,22.985701,2.777502,2.777502,118.994016
5.994872,0.291959,12.785254,2.617163,2.617163,128.134251
4.882020,0.252670,10.497621,2.969596,2.969596,100.191563
5.737870,0.261712,12.417609,3.438210,3.438210,102.743768
5.166543,0.230614,12.292762,2.541376,2.541376,102.140590
5.278585,0.198781,12.278676,3.653269,3.653269,97.084709
4.914916,0.198916,10.444387,2.706115,2.706115,101.717626
5.293561,0.196491,11.619639,3.710837,3.710837,96.800516
5.413361,0.197700,12.356531,2.106112,2.106112,106.155124
5.303129,0.207393,13.205838,3.999677,3.999677,112.923146
6.805139,0.244733,16.103101,3.843014,3.843014,120.583787
4.982329,0.224307,12.148391,3.278946,3.278946,103.937614
4.833105,0.210352,12.367460,1.949034,1.949034,93.310157
4.830664,0.208628,11.374620,3.637332,3.637332,257.092214
4.424858,0.267089,11.532025,1.857894,1.857894,88.149791
5.210785,0.262024,18.273468,1.735839,1.735839,109.632440
4.852181,0.284124,14.453041,2.679439,2.679439,93.451789
5.050337,0.242331,15.288628,2.752881,2.752881,92.577385
4.474371,0.205098,13.401404,4.032192,4.032192,89.699715
4.881967,0.205365,17.342004,2.625656,2.625656,95.337950
4.871161,0.181353,15.451355,3.156317,3.156317,96.037340
8.210389,0.315086,24.421349,3.253096,3.253096,118.624464
5.243649,0.227390,26.149371,1.594470,1.594470,109.294220
5.854200,0.215256,23.960778,3.254632,3.254632,117.357211
5.936907,0.195681,14.910589,4.413091,4.413091,97.325196
7.002734,0.270657,28.165255,3.572342,3.572342,128.470513
8.028517,0.215873,33.221242,5.526734,5.526734,149.838064
5.370121,0.180351,16.686313,3.455997,3.455997,110.049638
5.169638,0.171301,16.814472,3.267057,3.267057,112.523835
8.297817,0.299767,29.142234,3.649992,3.649992,118.056539
6.583031,0.211291,21.216738,3.277749,3.277749,105.647058
11.145724,0.460987,36.656775,3.005631,3.005631,133.529428
7.181626,0.167314,18.551080,4.733006,4.733006,116.638512
8.370975,0.257035,27.850404,3.578237,3.578237,121.134223
6.584003,0.208706,22.193554,4.016319,4.016319,128.263858
8.958431,0.235487,24.639607,4.532256,4.532256,125.159082
6.926047,0.234514,27.338630,3.462750,3.462750,126.081188
7.514160,0.267588,28.517514,4.597771,4.597771,123.005332
6.453825,0.243990,18.911442,4.094207,4.094207,103.879161
6.151894,0.229428,21.799700,5.659043,5.659043,118.081396
6.298633,0.247293,16.532985,4.964091,4.964091,107.560782
5.834275,0.190093,16.483854,4.461438,4.461438,99.848350
5.401948,0.227257,17.891558,4.040992,4.040992,100.719101
5.313556,0.214087,17.163148,5.312731,5.312731,121.425026
7.424478,0.311745,23.047139,5.043083,5.043083,127.914966
5.663299,0.233868,19.103654,5.595703,5.595703,118.931706
7.699390,0.370219,27.723334,5.334388,5.334388,119.813586
7.312432,0.314239,30.039942,8.069835,8.069835,141.279632
5.240212,0.212224,16.582662,4.857386,4.857386,110.738748
5.941975,0.254841,25.269284,3.708194,3.708194,132.130903
7.263045,0.366869,28.438305,7.143024,7.143024,133.499257
6.015980,0.317509,24.904377,4.680380,4.680380,123.827477
5.726855,0.340825,17.661943,4.247985,4.247985,122.792309
5.514194,0.365197,21.749869,5.438012,5.438012,129.090895
5.332492,0.329740,17.936530,5.094716,5.094716,130.493498
6.178518,0.325839,22.852053,6.172434,6.172434,133.814993
6.485735,0.285073,21.112874,7.006487,7.006487,131.954998
6.111707,0.269290,21.414047,6.251783,6.251783,129.747731
6.084852,0.244304,23.771363,5.586251,5.586251,138.075275
6.373194,0.223874,24.645915,5.540374,5.540374,140.490726
5.405475,0.213691,16.462104,4.782145,4.782145,137.049459
5.589916,0.248890,18.280135,6.794539,6.794539,136.987381
5.504312,0.244779,17.156527,6.873555,6.873555,132.304678
5.761044,0.232300,15.332949,4.312690,4.312690,131.348898
5.388478,0.248533,19.274683,5.088111,5.088111,131.399846
4.465171,0.207829,16.131830,6.553134,6.553134,139.742485
9.087697,0.466990,33.049039,5.930210,5.930210,150.217761
9.499790,0.509074,26.162872,8.148568,8.148568,181.517544
5.398736,0.328902,15.518696,7.315180,7.315180,137.793721
5.753097,0.238305,16.527723,6.765918,6.765918,133.083521
6.150445,0.267342,20.771100,8.599458,8.599458,143.908987
9.636433,0.509310,30.573810,8.921598,8.921598,148.431531
7.574612,0.325668,32.388778,7.623783,7.623783,157.194304
5.735139,0.186499,21.790434,6.928905,6.928905,136.161497
7.263157,0.222012,18.522567,7.845291,7.845291,136.188947
12.572543,0.691528,40.413807,8.109491,8.109491,175.263207
5.842096,0.223994,18.208242,9.863977,9.863977,136.724979
7.622932,0.339137,36.535063,8.084272,8.084272,148.309490
6.387551,0.184543,19.941515,10.277710,10.277710,136.245024
6.420911,0.191896,20.161528,8.298087,8.298087,136.318139
7.084694,0.234551,20.385088,10.579910,10.579910,137.674052
6.408560,0.215124,22.073202,9.590566,9.590566,136.842518
12.255304,0.295905,41.002565,11.400227,11.400227,190.546414
7.119478,0.177140,20.973523,10.705958,10.705958,136.748982
13.296703,0.495510,32.642268,9.052014,9.052014,161.999056
13.282972,0.399623,49.851326,10.193942,10.193942,200.236737
11.281050,0.438521,45.709259,10.834127,10.834127,188.956384
7.151657,0.299938,39.445660,9.885353,9.885353,192.663975
5.280299,0.270060,20.687305,6.740131,6.740131,144.055194
5.596748,0.261119,24.918682,6.346279,6.346279,149.567168
10.430109,0.543249,44.216985,6.164835,6.164835,188.434139
10.631050,0.472487,41.510468,7.839549,7.839549,189.056497
7.499549,0.286438,28.595356,7.515617,7.515617,153.373131
11.738562,0.413580,46.670334,8.436888,8.436888,175.943379
5.871268,0.174812,23.923679,8.734667,8.734667,143.023408
6.154044,0.147613,23.409494,10.842720,10.842720,152.617987
7.850841,0.271191,32.601911,8.594461,8.594461,169.980910
6.164066,0.147974,23.866219,10.462850,10.462850,150.225572
5.962426,0.153439,21.426277,10.337362,10.337362,144.046347
5.854810,0.149161,22.216958,10.450005,10.450005,146.631492
7.361533,0.252494,30.735281,6.932207,6.932207,163.779122
10.706912,0.268414,34.261104,9.397776,9.397776,186.070851
7.891268,0.312588,32.364621,9.354308,9.354308,164.357391
6.026853,0.193727,21.862050,9.249577,9.249577,146.593466
6.298637,0.209389,22.666978,11.837478,11.837478,150.298069
6.003752,0.212904,23.165161,12.610124,12.610124,152.196915
5.936999,0.196375,26.197091,10.930602,10.930602,160.503791
6.258943,0.253153,25.202484,10.273581,10.273581,148.611428
6.033955,0.223714,24.545543,11.239046,11.239046,148.892573
6.664244,0.216772,25.996414,11.695152,11.695152,150.048612
6.770657,0.198928,23.985268,11.291985,11.291985,151.929017
6.288801,0.225558,25.325250,8.645186,8.645186,153.483014
5.988322,0.207615,26.283330,12.308518,12.308518,152.885584
5.915979,0.198427,23.758453,10.652692,10.652692,148.523854
5.815583,0.217895,22.906265,12.993978,12.993978,147.774363
5.954532,0.215939,21.376772,12.753217,12.753217,144.846904
5.967653,0.211920,24.025238,11.896414,11.896414,155.140937
6.298163,0.201861,28.139025,13.513032,13.513032,154.604363
6.357921,0.144216,30.275455,10.932460,10.932460,159.039950
10.677969,0.351391,39.881281,18.734957,18.734957,194.654955
6.923858,0.211048,28.156530,11.008783,11.008783,161.038656
6.199129,0.133431,24.968036,16.073082,16.073082,150.049973
10.300290,0.345065,35.967435,12.077941,12.077941,165.179854
13.510085,0.333593,47.969605,13.704600,13.704600,188.858764
7.518760,0.235036,27.760247,12.336403,12.336403,156.110395
9.173769,0.204321,20.166252,14.337189,14.337189,146.961456
7.043164,0.164372,28.838464,12.956272,12.956272,157.107523
8.228576,0.263711,32.473653,10.552081,10.552081,163.390926
7.222928,0.164350,23.838853,13.641038,13.641038,154.628108
6.496743,0.153892,22.354544,13.780384,13.780384,150.987882
14.732711,0.435693,40.046230,15.790761,15.790761,195.157046
13.841918,0.430860,38.902920,14.106774,14.106774,194.712753
15.750238,0.380579,27.099235,12.802463,12.802463,170.399162
10.667666,0.227398,41.071152,14.737118,14.737118,193.862768
8.263781,0.174993,41.497989,12.390861,12.390861,193.516669
14.769178,0.264487,46.960783,10.979424,10.979424,189.339960
6.731453,0.172721,31.779684,11.414750,11.414750,150.471212
11.323828,0.170945,49.162883,11.165840,11.165840,199.098133
8.020683,0.156546,27.746040,11.881353,11.881353,155.532262
10.200110,0.204831,48.623274,11.926409,11.926409,194.495981
14.232995,0.283805,55.783372,10.489000,10.489000,204.434396
13.580045,0.380469,52.797008,10.084174,10.084174,193.118035
12.875061,0.370867,48.208953,12.228229,12.228229,189.357732
12.916228,0.452576,50.253686,9.507451,9.507451,186.579304
9.092728,0.449918,44.465749,13.351076,13.351076,191.069503
6.739791,0.216093,25.116771,11.144960,11.144960,152.858295
12.620737,0.373505,44.713556,10.646689,10.646689,183.065627
9.209131,0.190171,26.199441,9.971910,9.971910,169.294611
7.012750,0.200307,33.521436,8.864657,8.864657,161.804475
9.310955,0.228213,32.785891,10.954855,10.954855,172.818429
6.085798,0.180194,23.543381,6.895367,6.895367,138.662694
11.765376,0.381616,33.776867,7.355257,7.355257,176.537774
6.631117,0.203420,23.697261,9.394124,9.394124,162.461363
8.603606,0.181322,22.703715,6.512649,6.512649,169.381540
13.116529,0.362869,32.849977,8.062604,8.062604,179.835084
6.725516,0.198319,22.833469,11.212804,11.212804,149.198054
6.996715,0.209787,33.816516,9.435228,9.435228,168.832056
6.010544,0.145270,20.381189,10.062923,10.062923,143.674437
12.661259,0.348344,51.274357,9.210174,9.210174,192.804521
8.326275,0.257472,39.837102,8.189559,8.189559,175.082294
10.200495,0.318351,36.596159,11.000455,11.000455,182.829793
7.858107,0.232282,26.724767,9.495311,9.495311,152.056419
13.164512,0.412503,38.842491,9.175555,9.175555,181.293201
6.867162,0.185603,25.538675,7.601131,7.601131,152.318685
8.601194,0.191119,20.904584,9.845644,9.845644,153.439151
6.067559,0.169999,21.147207,9.480352,9.480352,145.139918
6.481438,0.168712,21.267727,8.576645,8.576645,146.832792
8.324057,0.232444,22.328572,10.662536,10.662536,152.879724
6.444322,0.176687,20.637429,8.779616,8.779616,143.779184
6.734378,0.178483,27.780747,10.714153,10.714153,161.144678
9.638340,0.265158,33.274425,13.321307,13.321307,180.394243
6.136249,0.190178,21.688603,8.411607,8.411607,145.080418
6.590691,0.147695,24.541908,9.890619,9.890619,148.199875
8.630566,0.278780,24.108545,10.812246,10.812246,149.682195
5.730217,0.179384,17.255547,10.560048,10.560048,134.312597
5.769591,0.178300,18.315180,10.190204,10.190204,135.328941
5.909893,0.162819,21.529725,12.298465,12.298465,154.823766
6.354673,0.203818,20.352076,10.844833,10.844833,161.549983
6.344346,0.248916,28.366726,10.495480,10.495480,160.960277
6.685761,0.299871,35.507642,10.107854,10.107854,154.040258
6.204391,0.188059,27.793339,12.086355,12.086355,150.479164
5.923298,0.265010,27.094136,15.652368,15.652368,157.233384
5.917346,0.277339,29.664108,10.410692,10.410692,164.424851
7.856902,0.458240,37.993446,11.296252,11.296252,181.136326
6.617886,0.361890,32.606556,9.897407,9.897407,163.192454
7.465700,0.322283,25.717473,11.553171,11.553171,155.125581
8.477227,0.329318,33.722747,11.047010,11.047010,167.453852
8.328814,0.330952,35.863826,11.971017,11.971017,166.481229
7.226687,0.265422,42.077915,8.732306,8.732306,166.433573
5.384238,0.147722,21.102696,8.761940,8.761940,134.787831
6.560017,0.234228,26.022473,8.972823,8.972823,157.928457
7.232027,0.350374,25.523949,7.456077,7.456077,158.960624
5.129801,0.191628,20.926986,6.783439,6.783439,138.425590
5.166835,0.265129,18.856420,7.921814,7.921814,136.603840
5.171561,0.313947,19.350739,5.542553,5.542553,133.016803
5.531072,0.315838,22.803997,6.257080,6.257080,136.444708
5.484584,0.325404,19.998599,4.678357,4.678357,135.280197
5.776844,0.326942,18.232914,5.408415,5.408415,134.243865
5.757102,0.275020,23.112804,6.355462,6.355462,141.104027
5.780796,0.224639,21.768909,8.594543,8.594543,140.056901
5.921915,0.219199,23.938944,8.242699,8.242699,138.260242
7.595103,0.283728,41.058887,6.613585,6.613585,176.329566
11.417683,0.437747,47.397101,5.765851,5.765851,172.553246
6.010275,0.202818,27.864848,7.455532,7.455532,147.341758
12.510942,0.373005,52.646075,6.753885,6.753885,186.794736
13.529703,0.399763,53.608620,10.438451,10.438451,201.746580
14.240730,0.377080,42.510450,10.168748,10.168748,184.630539
10.262783,0.245684,52.240584,7.722884,7.722884,195.474610
14.717696,0.366774,40.316931,8.317412,8.317412,179.146202
15.467931,0.367592,58.408259,6.417339,6.417339,205.907423
10.958020,0.203411,31.490247,6.081241,6.081241,160.363499
12.471958,0.183891,42.714020,8.810475,8.810475,190.529980
17.033180,0.243855,38.215584,7.065928,7.065928,188.868449
17.786800,0.278692,37.076844,8.786912,8.786912,177.114215
11.456846,0.150320,34.480176,11.134556,11.134556,191.854474
20.916939,0.275747,33.252845,7.776443,7.776443,179.361537
21.259680,0.264918,51.823083,11.783144,11.783144,201.272746
8.751678,0.117280,36.692394,9.527408,9.527408,169.258748
20.077187,0.303505,52.734208,11.247046,11.247046,201.942995
19.456198,0.444066,38.193829,9.309239,9.309239,192.515577
17.211676,0.311124,46.227148,10.571865,10.571865,189.558016
16.936767,0.254748,36.630025,12.974328,12.974328,194.817284
8.389390,0.206040,26.478047,11.270843,11.270843,156.636775
18.547928,0.372314,35.738086,9.714475,9.714475,175.830009
9.380523,0.198133,35.880774,10.549704,10.549704,188.621081
10.713456,0.186662,34.026175,9.145214,9.145214,174.556866
15.705887,0.328783,47.943225,13.563242,13.563242,196.139222
14.582944,0.329686,41.162712,6.865045,6.865045,181.335076
9.919047,0.215498,31.122076,8.642537,8.642537,173.741747
6.636665,0.144266,24.096800,9.847123,9.847123,156.995593
6.768487,0.136381,22.207325,10.204044,10.204044,156.001080
12.488733,0.296425,36.379168,8.155417,8.155417,190.870032
6.667120,0.176562,22.254851,9.667410,9.667410,152.241566
6.912472,0.184862,21.229119,10.479361,10.479361,153.805513
6.728478,0.185967,22.717373,10.229804,10.229804,144.813709
6.191586,0.168392,20.410794,7.440963,7.440963,147.723824
7.485335,0.218591,23.053195,9.414539,9.414539,151.184283
9.345578,0.210467,41.661421,9.383787,9.383787,184.721640
8.981030,0.236012,29.207537,5.868675,5.868675,156.213686
6.216690,0.146775,18.943667,7.159163,7.159163,139.626798
7.978032,0.195025,27.969304,8.765546,8.765546,166.805256
11.021612,0.315744,35.873590,6.876582,6.876582,165.984710
13.953476,0.341524,45.837707,6.956260,6.956260,195.170159
13.798069,0.361785,27.848637,6.923529,6.923529,158.217143
6.810404,0.149829,19.748048,9.012610,9.012610,140.610402
7.543052,0.208478,24.248587,6.417941,6.417941,165.417119
7.934858,0.269919,23.330169,7.279952,7.279952,165.807877
5.736052,0.171611,17.558433,8.132194,8.132194,136.134002
5.947466,0.208079,20.278865,4.816326,4.816326,139.066320
6.136291,0.198163,19.566000,5.041939,5.041939,135.271478
6.827817,0.246604,22.484116,7.037996,7.037996,142.473398
12.088122,0.485851,40.503717,10.070590,10.070590,189.441878
5.786737,0.238397,16.735638,6.208881,6.208881,137.865406
6.844695,0.214687,26.921492,7.764847,7.764847,167.066446
12.068022,0.422418,33.882985,7.558640,7.558640,185.173168
12.450385,0.409595,38.620837,6.619138,6.619138,168.985644
5.756051,0.167002,16.997933,7.430171,7.430171,131.055136
7.966515,0.248036,17.138228,7.027882,7.027882,136.310237
11.639440,0.404465,42.167614,8.290879,8.290879,165.293406
9.965964,0.315234,36.558938,7.073201,7.073201,159.356359
5.422128,0.143575,23.860139,6.706685,6.706685,143.239020
12.173511,0.236544,24.656520,7.435517,7.435517,164.129078
10.402150,0.296523,36.541779,6.865531,6.865531,171.216354
11.552520,0.309989,36.026414,7.168599,7.168599,166.552404
9.904634,0.295588,34.743215,7.489165,7.489165,159.103757
10.246732,0.324698,27.190644,9.548966,9.548966,148.781768
12.783710,0.470296,42.351217,10.096483,10.096483,190.076933
14.107992,0.501900,57.035523,7.734673,7.734673,207.631888
12.704419,0.600432,57.151709,11.045513,11.045513,202.603954
12.621420,0.436684,50.337941,10.092511,10.092511,195.932788
6.236001,0.195483,25.289613,8.638784,8.638784,158.007444
9.719185,0.253020,47.470530,9.157290,9.157290,197.947758
13.453531,0.297262,36.887180,7.151727,7.151727,168.197398
11.759671,0.287820,48.216324,7.801167,7.801167,185.006448
10.169828,0.146315,27.393383,12.302243,12.302243,162.607154
8.730374,0.141219,27.791387,11.578788,11.578788,160.998521
17.190208,0.358249,51.249111,12.056231,12.056231,193.142906
8.090705,0.116851,48.587612,13.604115,13.604115,192.788952
17.828703,0.266719,44.385333,10.432158,10.432158,181.557127
19.438107,0.252508,50.526589,12.000728,12.000728,203.406701
20.549410,0.211274,41.734220,10.589495,10.589495,193.086278
19.880268,0.212188,44.015868,12.678133,12.678133,207.458625
10.927760,0.124426,29.395513,10.203364,10.203364,159.815612
9.678858,0.100582,40.396960,9.810405,9.810405,170.349272
17.166230,0.208323,29.659004,9.812058,9.812058,166.882790
10.577691,0.242308,25.222771,10.498830,10.498830,151.539469
18.653151,0.229361,37.005849,11.267782,11.267782,194.035230
8.954241,0.114537,23.073480,11.723268,11.723268,154.350329
18.012984,0.123722,29.989926,14.488629,14.488629,184.474814
11.039814,0.162453,28.684236,9.923479,9.923479,167.089320
22.826763,0.253178,51.116836,13.602963,13.602963,204.601929
22.565514,0.253981,47.623979,12.180302,12.180302,195.471645
21.720340,0.191123,27.474836,10.234758,10.234758,177.065665
12.646085,0.115303,35.779878,12.119893,12.119893,190.530611
20.479930,0.129160,33.560118,10.350546,10.350546,183.340066
13.379935,0.132622,35.756640,11.801956,11.801956,193.065812
13.732494,0.168749,29.405182,13.271832,13.271832,174.623477
14.443708,0.215995,40.271222,19.531834,19.531834,199.893777
21.108216,0.158613,41.333267,13.988721,13.988721,198.154140
12.325635,0.108533,43.201129,16.983512,16.983512,200.118066
9.746892,0.080589,26.102732,14.803300,14.803300,174.680466
11.190378,0.119818,33.097994,18.224696,18.224696,196.873478
11.973758,0.131001,36.807851,17.368235,17.368235,210.489077
8.886814,0.201853,41.244526,20.256211,20.256211,207.447848
15.826534,0.343385,67.005219,10.301404,10.301404,250.050940
9.860493,0.189999,38.625598,9.987725,9.987725,212.322867
15.499341,0.357573,48.503136,12.008535,12.008535,241.402261
6.530861,0.179391,30.875364,9.074365,9.074365,201.500925
14.756767,0.461184,61.680934,12.241746,12.241746,251.589919
10.264938,0.310126,58.890313,10.091825,10.091825,243.348320
7.209525,0.199536,30.961848,14.323918,14.323918,197.385347
7.090199,0.215572,30.413261,9.733298,9.733298,199.858941
6.974851,0.199483,30.958995,12.751540,12.751540,229.816538
9.761929,0.255021,36.951526,14.106698,14.106698,227.239450
8.038885,0.248661,33.073986,13.046017,13.046017,216.245335
9.572144,0.278109,38.199957,14.587185,14.587185,225.782250
7.730149,0.270784,38.943136,14.363758,14.363758,229.647737
7.945988,0.282655,31.678031,11.318400,11.318400,216.123893
6.311054,0.246663,27.386364,11.009378,11.009378,204.796797
6.318846,0.267642,29.290780,12.406477,12.406477,212.149310
6.312739,0.256333,27.073731,11.974751,11.974751,206.356005
5.840882,0.236468,24.290160,16.299975,16.299975,208.659963
6.087455,0.302949,24.457625,11.552540,11.552540,212.178305
6.499876,0.289707,24.565941,13.817416,13.817416,205.405479
6.150462,0.277858,19.933516,9.939869,9.939869,192.893200
7.353236,0.363877,26.583013,12.404934,12.404934,208.894463
12.809115,0.563604,49.731265,20.945039,20.945039,245.433132
8.305454,0.329222,28.587768,12.989442,12.989442,198.359003
12.995745,0.550974,63.470728,12.569698,12.569698,222.172510
9.764122,0.302893,39.665282,18.597757,18.597757,205.266551
11.017886,0.262986,40.472759,15.386794,15.386794,204.243979
7.745125,0.244974,29.393631,15.112053,15.112053,177.098197
8.079784,0.187006,35.186238,16.913570,16.913570,203.692167
8.335802,0.204160,28.279623,18.432255,18.432255,196.891643
17.160895,0.356339,36.699728,13.532676,13.532676,209.718927
15.966661,0.328967,61.460237,14.256024,14.256024,239.253330
7.143268,0.170077,37.075588,16.325154,16.325154,199.889805
7.415721,0.255635,29.468272,19.369651,19.369651,198.095638
7.170273,0.220407,31.897512,14.421171,14.421171,195.238015
7.212488,0.214798,31.715557,12.396987,12.396987,173.814456
7.512954,0.201145,33.923004,12.552705,12.552705,176.604191
7.520030,0.225195,33.872737,11.131614,11.131614,176.198946
8.155781,0.195511,30.042552,14.552331,14.552331,184.845914
10.242256,0.372107,54.466530,11.192075,11.192075,213.798683
6.446485,0.178595,35.002590,13.142228,13.142228,201.965455
7.672391,0.221114,31.078968,14.901246,14.901246,193.655114
8.293886,0.271171,33.890260,13.591023,13.591023,179.105484
8.831943,0.258597,27.477832,12.963497,12.963497,172.016724
15.238042,0.599801,49.288604,13.441072,13.441072,214.542971
10.122927,0.277876,26.180117,14.533106,14.533106,183.580938
6.942330,0.212949,24.474737,14.792001,14.792001,181.298514
8.567894,0.231115,32.399987,14.868279,14.868279,195.708823
10.763877,0.278669,34.734960,15.535906,15.535906,183.117954
8.189982,0.290727,34.200050,19.409200,19.409200,195.728124
7.815904,0.221967,35.861623,15.406083,15.406083,191.484392
7.674785,0.199174,33.051398,11.311730,11.311730,178.494661
8.573584,0.222040,34.437170,18.236671,18.236671,184.898945
16.098588,0.535942,46.817538,15.947607,15.947607,206.044589
6.852322,0.215556,28.390555,14.489188,14.489188,172.123902
7.223596,0.198635,25.553636,12.202683,12.202683,166.977224
7.556150,0.223409,24.056002,12.320518,12.320518,169.893176
6.090175,0.184918,24.165073,12.496663,12.496663,167.840658
7.156355,0.253292,37.105798,16.604052,16.604052,194.845680
6.166866,0.243864,29.258309,9.083224,9.083224,165.178969
6.344915,0.268797,33.851640,12.294017,12.294017,174.625402
5.780434,0.260277,30.176305,7.516729,7.516729,180.341226
10.970928,0.377977,38.004117,14.722253,14.722253,206.588185
9.247724,0.379541,38.066825,21.358301,21.358301,199.420135
11.559077,0.360740,38.007831,12.234715,12.234715,197.337876
12.846848,0.557668,44.433899,15.877095,15.877095,196.644625
6.622660,0.292288,29.886609,10.696509,10.696509,172.940229
13.315300,0.510211,48.437779,14.070063,14.070063,195.049711
10.863066,0.299009,26.732587,12.578697,12.578697,173.016059
9.872942,0.379484,38.927350,12.923012,12.923012,189.679099
6.972596,0.250846,24.777846,13.913206,13.913206,170.768008
9.469002,0.207179,35.355887,13.481988,13.481988,188.096571
8.744874,0.259371,33.799702,15.874149,15.874149,198.667827
7.682019,0.200651,29.242745,14.754436,14.754436,201.376652
9.215428,0.218956,33.731694,18.779151,18.779151,209.515318
20.096462,0.214593,46.896555,11.040480,11.040480,233.072142
15.378333,0.236077,42.342356,12.326400,12.326400,228.036235
22.070748,0.314872,59.995147,10.078127,10.078127,264.438483
20.928721,0.423126,61.888152,18.612396,18.612396,267.954101
20.945300,0.429797,53.743362,10.980513,10.980513,236.357670
12.317410,0.162284,37.702230,11.483022,11.483022,230.311562
23.266312,0.236038,65.700503,17.765392,17.765392,268.695086
24.568951,0.274804,55.738979,13.560335,13.560335,257.628665
26.030549,0.292780,43.741052,13.559139,13.559139,255.766115
16.804669,0.169696,49.043477,12.914809,12.914809,239.161582
26.623593,0.263367,43.816910,8.532658,8.532658,227.486436
19.674532,0.245227,62.303481,14.022358,14.022358,257.402252
24.364760,0.306358,57.760947,13.553225,13.553225,256.181571
21.729741,0.330808,67.195891,12.413168,12.413168,270.665523
12.278928,0.176797,40.517082,10.995639,10.995639,235.839053
18.398396,0.296971,48.653016,12.216860,12.216860,237.335721
8.863965,0.168140,40.891553,9.376378,9.376378,227.246235
7.803874,0.128503,39.291631,15.308643,15.308643,215.236947
7.173519,0.153237,31.242882,14.972170,14.972170,199.417055
6.118019,0.191453,19.496080,10.425964,10.425964,187.628834
7.133540,0.223825,21.364938,8.095343,8.095343,194.764758
11.228056,0.506669,45.246701,10.721853,10.721853,249.953513
10.682571,0.424791,32.895497,12.612747,12.612747,202.885382
11.577275,0.488849,45.065638,11.947934,11.947934,220.512006
11.202068,0.317727,39.037475,12.277996,12.277996,206.820419
5.706583,0.139133,16.861567,8.125006,8.125006,172.435081
10.973131,0.291379,42.105160,15.635583,15.635583,215.610026
10.017862,0.237425,31.152085,11.592726,11.592726,191.346813
5.950793,0.138247,14.711277,10.259235,10.259235,167.957821
7.376012,0.143540,21.980581,12.145578,12.145578,162.490451
4.855195,0.079266,11.592783,6.952205,6.952205,135.988301
5.814787,0.074810,14.254651,10.864007,10.864007,141.723645
6.026660,0.070710,13.081482,10.560084,10.560084,145.502978
6.082594,0.058236,14.041914,6.970405,6.970405,136.477530
5.423220,0.056102,12.870082,8.688384,8.688384,129.598420
7.023135,0.050872,19.811488,5.996120,5.996120,83.723436
5.897138,0.066196,14.662450,8.487181,8.487181,140.290326
10.687911,0.108871,33.324458,8.815851,8.815851,168.664480
10.588326,0.076783,32.668739,8.351132,8.351132,172.475652
11.403518,0.076086,30.300112,9.904556,9.904556,154.612906
10.180215,0.030362,17.932705,10.496127,10.496127,153.810186
11.918935,0.046709,27.054250,9.684125,9.684125,166.911102
7.051065,0.020298,10.965413,9.842327,9.842327,121.694244
