1403636897251666432.000000 0.117012151 0.118578151 0.018773407 -0.573096335 -0.557727456 -0.412433535 0.436347634
1403636898001666560.000000 0.174971670 0.029670050 0.076489449 -0.598775685 -0.582223296 -0.403356373 0.373881668
1403636900701666560.000000 0.527790427 0.344098359 0.427567452 -0.650024951 -0.512483835 -0.440915555 0.347017705
1403636903351666432.000000 1.752704978 0.766853452 0.383684218 -0.640668511 -0.514051676 -0.449413300 0.351173073
1403636906051666432.000000 2.944353580 1.289696813 0.656119764 -0.640138030 -0.529444695 -0.438731670 0.342675000
1403636906851666432.000000 3.159793377 1.605385661 0.652534127 -0.636138380 -0.522168994 -0.440494627 0.358652979
1403636907251666432.000000 3.276355028 1.765552521 0.644837201 -0.634803474 -0.532903910 -0.435485035 0.351270318
1403636908251666432.000000 3.637342930 2.312429190 0.705331028 -0.625498354 -0.531533659 -0.438163280 0.366383284
1403636909051666432.000000 3.973996639 2.782198191 0.744578540 -0.629433036 -0.542366505 -0.417766690 0.367591828
1403636909551666432.000000 4.207091331 3.134779453 0.783455312 -0.627735734 -0.538137257 -0.424686491 0.368778557
1403636911101666560.000000 4.787152290 4.151028156 0.571031630 -0.613741457 -0.528904617 -0.441247493 0.385852426
1403636912351666432.000000 5.124966145 4.782458782 0.575571656 -0.625218451 -0.534263313 -0.431315124 0.370987624
1403636913051666432.000000 5.404787064 5.121946812 0.491267741 -0.624867439 -0.525444448 -0.436208844 0.378379136
1403636914901666560.000000 6.335248470 5.709268093 0.476641953 -0.622748017 -0.530783415 -0.443259269 0.366026014
1403636917701666560.000000 7.364718437 6.388278484 0.367046982 -0.688706338 -0.435185313 -0.494009942 0.303729236
1403636920551666432.000000 7.660418987 6.527668476 0.653324723 -0.706972241 -0.395770431 -0.516977370 0.276207328
1403636923351666432.000000 7.775341988 5.925234318 0.482258677 -0.755686104 -0.313616276 -0.530243814 0.222316742
1403636925601666560.000000 8.481022835 6.125635147 0.233102858 -0.788839161 -0.292263746 -0.512368679 0.172606915
1403636928251666432.000000 10.041089058 6.609086990 0.006546210 -0.807461500 -0.168009937 -0.553398550 0.116313651
1403636931051666432.000000 11.696740150 6.760795593 0.174780250 -0.799738705 -0.145183131 -0.564160943 0.145129114
1403636932901666560.000000 11.578935623 6.180163860 0.318673581 -0.801973760 -0.086742707 -0.588164926 0.058103491
1403636934251666432.000000 10.918068886 6.003456593 0.282330096 -0.813450396 -0.008767976 -0.581450939 0.011676390
1403636936951666432.000000 9.882134438 5.246891975 0.266252935 0.810230494 -0.111324623 0.569837511 0.080116123
1403636938801666560.000000 9.525427818 4.835808754 0.063447349 0.797410488 -0.168435663 0.575318038 0.069101579
1403636939051666432.000000 9.392702103 4.747819901 0.077657849 0.805822790 -0.153292134 0.564482152 0.092255540
1403636939351666432.000000 9.239155769 4.630208015 0.057822920 0.802038610 -0.147474289 0.571232677 0.093158603
1403636940201666560.000000 8.716837883 4.308960438 0.030810867 0.794679821 -0.161829978 0.577530086 0.093563944
1403636940601666560.000000 8.403669357 4.146816254 -0.053745333 0.796427906 -0.178561449 0.568871856 0.101011239
1403636942201666560.000000 7.310316563 3.431585550 0.100135997 0.801376283 -0.161121905 0.567139924 0.100936979
1403636942851666432.000000 6.902020931 3.128916264 0.071284190 0.804883778 -0.172217801 0.558538496 0.102653846
1403636943101666560.000000 6.755587578 2.990976334 0.081613526 0.798703611 -0.169080228 0.566325665 0.112959087
1403636945651666432.000000 5.631068230 2.220639229 -0.015820697 0.810402036 -0.118900090 0.566261053 0.091977157
1403636947901666560.000000 5.356276512 2.229072094 -0.532679319 0.818255842 -0.133237928 0.547369182 0.114420205
1403636948401666560.000000 5.509215832 2.152338266 -0.611507356 0.821349025 -0.124623880 0.544973075 0.113397881
1403636948651666432.000000 5.627694607 2.151568413 -0.671568513 0.817218363 -0.099289775 0.550690949 0.137967676
1403636949751666432.000000 6.171063900 2.491039038 -0.828136146 0.806676209 -0.128653675 0.572291255 0.072141923
1403636950151666432.000000 6.300075054 2.576753855 -0.830296576 0.822737634 -0.130755693 0.548618972 0.070873812
1403636951651666432.000000 6.977499008 2.834001303 -0.855352223 0.824419379 -0.121669330 0.546481371 0.082989536
1403636953251666432.000000 7.860961914 3.194065809 -1.060656071 0.816532433 -0.132115841 0.557794094 0.068453692
1403636953501666560.000000 7.988411903 3.232219219 -1.113860965 0.814192832 -0.122305527 0.561980426 0.079432100
1403636953951666432.000000 8.231894493 3.300591469 -1.100616932 0.818855405 -0.105958037 0.556476712 0.092641495
1403636955151666432.000000 9.098307610 3.678023577 -1.090048313 0.806617856 -0.130058482 0.567174137 0.103758924
1403636955601666560.000000 9.441104889 3.875061512 -1.123050570 0.803578019 -0.143493101 0.566105604 0.114876635
1403636956001666560.000000 9.737812042 4.083801270 -1.147712708 0.801519811 -0.158717930 0.567020297 0.104224369
1403636956451666432.000000 10.030917168 4.288994789 -1.119670868 0.800324142 -0.162273377 0.566398442 0.111092933
1403636956851666432.000000 10.247848511 4.455809116 -1.169364214 0.800300539 -0.127400175 0.583007693 0.058226842
1403636957551666432.000000 10.487143517 4.670995235 -1.124351740 -0.814971626 -0.019105580 -0.578989685 0.015075445
1403636960401666560.000000 11.090034485 5.266133785 -1.310180902 -0.791719496 -0.202143639 -0.564805806 0.115380690
1403636963301666560.000000 10.564202309 6.250326157 -0.949991584 -0.607871592 -0.534538388 -0.447464049 0.380179822
1403636964001666560.000000 10.203560829 6.276232719 -0.892855704 -0.622015476 -0.522743285 -0.454230011 0.365391940
1403636964251666432.000000 10.063114166 6.263804913 -0.815361619 -0.619729757 -0.522516608 -0.457134992 0.365976930
1403636964501666560.000000 9.911748886 6.237660885 -0.771643639 -0.615408778 -0.527199566 -0.459394276 0.363716364
1403636965001666560.000000 9.528388977 6.146886349 -0.754151285 -0.562394440 -0.578586459 -0.438656718 0.395639449
1403636966951666432.000000 7.738037109 5.795160294 -0.337165952 -0.555314660 -0.586174130 -0.398371965 0.435115367
1403636967951666432.000000 7.096749306 5.299093246 -0.395210147 -0.550481975 -0.587636113 -0.415169686 0.423423737
1403636968251666432.000000 6.900401115 5.090142250 -0.506906271 -0.552442431 -0.586063445 -0.411746264 0.426382452
1403636969051666432.000000 6.384384632 4.382888317 -0.557941020 -0.553226769 -0.588320315 -0.412281960 0.421714306
1403636969451666432.000000 6.109908581 3.989850760 -0.470677525 -0.569048941 -0.597751975 -0.392342776 0.406131804
1403636969751666432.000000 5.908073425 3.725340605 -0.410854191 -0.571983397 -0.597805381 -0.391965866 0.402276605
1403636970101666560.000000 5.675932884 3.462891579 -0.398585558 -0.566158772 -0.592417300 -0.399574429 0.410909057
1403636970301666560.000000 5.543455601 3.324752331 -0.411342561 -0.561063409 -0.589096010 -0.405355394 0.416966259
1403636971751666432.000000 4.724366188 2.809066296 -0.500774682 -0.564874172 -0.587138772 -0.389231235 0.429749072
1403636972301666560.000000 4.638900280 2.738784313 -0.599873960 -0.568460882 -0.589875698 -0.381632537 0.428083539
1403636972801666560.000000 4.626489162 2.678572178 -0.530703664 -0.563029051 -0.592947125 -0.392889082 0.420773476
1403636974101666560.000000 4.642090321 2.565075636 -0.683876753 -0.599720061 -0.557671249 -0.415706217 0.395635009
1403636976851666432.000000 4.877958298 2.402054310 -0.896625340 -0.792923689 -0.214049146 -0.548283279 0.157608986
1403636978701666560.000000 5.561792374 2.063720942 -1.120057821 -0.811083496 -0.213055968 -0.526965618 0.138050869
1403636979001666560.000000 5.728002071 2.039526701 -1.140490294 -0.801891446 -0.210832387 -0.541193962 0.140103653
1403636979751666432.000000 6.169038773 2.088628769 -1.252703428 -0.809365332 -0.213055566 -0.530684769 0.133824185
1403636981901666560.000000 7.403172493 2.750677824 -1.415356755 -0.805840731 -0.199894130 -0.544436395 0.119381733
1403636982251666432.000000 7.588112354 2.882185221 -1.395411849 -0.822260737 -0.191376984 -0.521631122 0.123139322
1403636982601666560.000000 7.839477062 3.045243740 -1.391090870 -0.803014994 -0.182323262 -0.549406171 0.141697347
1403636985301666560.000000 9.985277176 4.518685818 -1.422613025 -0.798847139 -0.183031991 -0.560595036 0.118641578
1403636988151666432.000000 10.313507080 6.467875957 -1.265171289 -0.784340858 -0.212338790 -0.555562615 0.176272124
1403636990701666560.000000 8.934471130 5.307954311 -0.926158309 -0.785093546 -0.227710351 -0.554907680 0.154446065
1403636993601666560.000000 7.143385887 3.902064323 -0.682773530 -0.771808445 -0.257284909 -0.551175594 0.185261488
1403636994001666560.000000 6.917308331 3.775822163 -0.604758024 -0.759726822 -0.292858988 -0.543047369 0.205300704
1403636994501666560.000000 6.597344398 3.605753660 -0.619128644 -0.740936279 -0.291952640 -0.565982461 0.213168889
1403636994801666560.000000 6.353332043 3.472181797 -0.610122263 -0.762065768 -0.284236968 -0.538510442 0.220162481
1403636997601666560.000000 4.360024452 1.853935361 -0.309858918 -0.705961704 -0.431275189 -0.479830950 0.292202204
1403636999401666560.000000 3.805256844 1.631206632 0.199850604 -0.700050473 -0.414751679 -0.508551300 0.281577587
1403637002201666560.000000 2.144402981 0.978857398 0.294194281 -0.712005138 -0.403644383 -0.501382589 0.280598283
1403637003201666560.000000 1.515514493 0.685830891 0.291718572 -0.713203490 -0.400256574 -0.505574822 0.274826586
1403637003501666560.000000 1.328031778 0.611277938 0.271130353 -0.712383568 -0.394630849 -0.509455383 0.277905315
1403637003801666560.000000 1.142031193 0.533456028 0.300358236 -0.714587629 -0.392886847 -0.507133007 0.278963536
1403637004101666560.000000 0.962407470 0.451708674 0.293576300 -0.716453552 -0.402317107 -0.500951052 0.271815151
1403637004451666432.000000 0.766207516 0.378174990 0.280556083 -0.715670645 -0.401298374 -0.500148594 0.276815206
1403637004901666560.000000 0.537426531 0.288507670 0.362938493 -0.725711584 -0.378560543 -0.494604975 0.292233735
1403637005151666432.000000 0.443840235 0.225905135 0.327557147 -0.724995613 -0.386379659 -0.499470055 0.274994373
1403637005451666432.000000 0.355865180 0.156618401 0.260451257 -0.722253084 -0.392583281 -0.502120912 0.268520713
1403637005751666432.000000 0.271750301 0.103021890 0.226690918 -0.725249529 -0.394127816 -0.493142098 0.274749368
1403637006251666432.000000 0.161181673 0.044077083 0.261358082 -0.719905078 -0.394756258 -0.499356151 0.276672512
1403637006751666432.000000 0.097058937 0.014820892 0.250180990 -0.713235021 -0.405704677 -0.491059721 0.292506158
1403637007251666432.000000 0.086810254 0.004652534 0.205353573 -0.663629472 -0.474378884 -0.474712163 0.330467790
1403637007551666432.000000 0.077814348 -0.013595738 0.174080297 -0.652158439 -0.485898882 -0.475867063 0.334876537
1403637007801666560.000000 0.055521388 -0.034941427 0.139589384 -0.665756226 -0.492714107 -0.458557159 0.322066426
1403637008101666560.000000 0.024345789 -0.042614330 0.113506608 -0.664445102 -0.477209449 -0.467788786 0.334600508
1403637008351666432.000000 0.000619497 -0.049076542 0.099756777 -0.678111553 -0.486185551 -0.454277515 0.312122166
1403637008751666432.000000 -0.030806061 -0.018559523 0.108822316 -0.675738037 -0.461482465 -0.465421766 0.337334603
1403637009151666432.000000 -0.017078262 -0.000650849 0.068165377 -0.680474460 -0.463714182 -0.463091701 0.327825934
1403637009551666432.000000 0.031894855 0.010351704 0.021687360 -0.647828400 -0.475769579 -0.470930606 0.363573939
1403637009951666432.000000 0.039315943 0.001647353 0.014064888 -0.653416753 -0.449602634 -0.475349277 0.380719304
1403637010451666432.000000 0.038271308 -0.001658710 0.014822226 -0.653224766 -0.450227708 -0.475578189 0.380023569
