1403638536377829376.000000 1.803472996 -0.240454540 -1.020655274 -0.529781759 -0.650885403 -0.342920959 0.422001004
1403638536927829504.000000 1.803675890 -0.240954682 -1.020351648 -0.530009925 -0.650781274 -0.342693508 0.422059804
1403638537477829376.000000 1.803622246 -0.241032034 -1.020084858 -0.530226350 -0.650795400 -0.342508435 0.421916425
1403638537977829376.000000 1.803461313 -0.240353391 -1.020166397 -0.530317545 -0.650862575 -0.342431217 0.421760648
1403638540727829504.000000 1.686909676 0.101509027 -0.774524987 -0.478317380 -0.673901439 -0.332854688 0.454177469
1403638541127829504.000000 1.567094803 0.274022698 -0.757552862 -0.399115235 -0.722774029 -0.293922901 0.481574595
1403638541577829376.000000 1.358131528 0.447700232 -0.738039911 -0.381604791 -0.731081784 -0.283448964 0.489442408
1403638542127829504.000000 0.981110275 0.610369384 -0.591216505 -0.328342348 -0.757042348 -0.230141506 0.515861452
1403638542577829376.000000 0.642206728 0.709920466 -0.548857272 -0.229456335 -0.778107464 -0.204641372 0.547741294
1403638543027829504.000000 0.291802078 0.700981975 -0.462346643 -0.235306591 -0.788322270 -0.172073424 0.541820645
1403638543277829376.000000 0.093407713 0.666281164 -0.402155846 -0.242019594 -0.787133098 -0.169172093 0.541506112
1403638543527829504.000000 -0.109984651 0.630436778 -0.374366194 -0.234906346 -0.790822864 -0.162927568 0.541177392
1403638543777829376.000000 -0.321261406 0.588054001 -0.362155855 -0.188177958 -0.804144025 -0.141687483 0.545771122
1403638545077829376.000000 -1.538756132 0.359594554 -0.167313978 -0.112308919 -0.813875914 -0.073903516 0.565270782
1403638545527829504.000000 -1.947242498 0.299675405 -0.213482916 -0.105483502 -0.813083172 -0.070273638 0.568181872
1403638545927829504.000000 -2.301826477 0.235857517 -0.212147266 -0.036051083 -0.822741568 -0.025508579 0.566697478
1403638546327829504.000000 -2.652194738 0.166841865 -0.164125085 0.024270656 -0.825178683 0.010576929 0.564250946
1403638546527829504.000000 -2.831887007 0.126470640 -0.173549473 0.027501162 -0.825637758 0.018635815 0.563221812
1403638546877829376.000000 -3.159054756 0.045086756 -0.145758241 0.050843231 -0.824689329 0.027332107 0.562632561
1403638547027829504.000000 -3.302890301 0.004312292 -0.121502154 0.058057699 -0.824613810 0.025257133 0.562141955
1403638548177829376.000000 -4.469830036 -0.521003246 -0.216195926 0.064212389 -0.826330960 0.034684774 0.558436036
1403638548577829376.000000 -4.912363052 -0.783927381 -0.161335289 0.114707820 -0.821315348 0.072855003 0.554053485
1403638548877829376.000000 -5.255310535 -0.989046276 -0.124131382 0.131357804 -0.818878949 0.084918432 0.552241981
1403638549277829376.000000 -5.719802380 -1.270486474 -0.004247023 0.131227612 -0.817897379 0.089374155 0.553023994
1403638549827829504.000000 -6.380575180 -1.654813766 0.184200391 0.123440474 -0.816077888 0.093774274 0.556763709
1403638550227829504.000000 -6.890587807 -1.918851972 0.379993647 0.122491650 -0.818257809 0.095814809 0.553416312
1403638550677829376.000000 -7.484481812 -2.190099001 0.640186310 0.118509889 -0.813454747 0.103996620 0.559849441
1403638550827829504.000000 -7.683357239 -2.268255472 0.703797042 0.116563365 -0.809467435 0.105975129 0.565636575
1403638550977829376.000000 -7.877971172 -2.337270260 0.760085642 0.114540346 -0.800503910 0.108048208 0.578273058
1403638551377829376.000000 -8.337471008 -2.458515644 0.909653962 0.102053799 -0.801219702 0.112492539 0.578772306
1403638554077829376.000000 -9.627232552 -0.693949640 1.525960445 0.008605619 -0.799442589 0.013143843 0.600537121
1403638556577829376.000000 -8.345715523 1.538556218 1.803016067 -0.041449688 -0.834709644 -0.007483191 0.549077213
1403638559277829376.000000 -8.587147713 4.526666164 2.264322042 -0.038775835 -0.824403942 -0.016506799 0.564430833
1403638561827829504.000000 -9.475042343 6.649028301 1.878456116 -0.312652528 -0.750604928 -0.216503844 0.540339470
1403638562677829376.000000 -9.178728104 7.068797588 1.801987648 -0.404526055 -0.701844811 -0.274197727 0.518254936
1403638563327829504.000000 -8.815203667 7.294294357 1.789143801 -0.512833416 -0.621900558 -0.338212729 0.485647827
1403638563777829376.000000 -8.426147461 7.366216183 1.713941932 -0.519087553 -0.612877667 -0.345710844 0.485193968
1403638563977829376.000000 -8.210726738 7.364861012 1.722499847 -0.516324162 -0.613251448 -0.341513127 0.490612835
1403638566727829504.000000 -3.258073330 5.979760170 0.808532596 -0.505424321 -0.653599501 -0.334890366 0.452992767
1403638566877829376.000000 -2.983698845 5.862980366 0.682714343 -0.510450125 -0.666457355 -0.322726011 0.437176496
1403638567477829376.000000 -1.993626237 5.512419701 0.143871427 -0.488472700 -0.649707139 -0.352798104 0.463474452
1403638567677829376.000000 -1.694606662 5.395799160 -0.018643750 -0.494017690 -0.653976798 -0.350973070 0.452856243
1403638567927829504.000000 -1.354013681 5.256936550 -0.173833340 -0.500821114 -0.657611549 -0.345535666 0.444218963
1403638570177829376.000000 -0.032709863 4.754608631 -0.647890270 -0.497087538 -0.656757832 -0.354958326 0.442241848
1403638572927829504.000000 1.943868041 4.203132629 -1.096928596 -0.745113075 -0.378465384 -0.487926632 0.251988471
1403638573377829376.000000 2.545785666 4.170889854 -1.052331090 -0.744276285 -0.388209015 -0.482015729 0.251012802
1403638573527829504.000000 2.750158310 4.188419819 -1.032654524 -0.744529605 -0.388412058 -0.483908832 0.246260017
1403638573677829376.000000 2.955688000 4.221795559 -0.994813621 -0.745236695 -0.388109952 -0.485135198 0.242150649
1403638574327829504.000000 3.818433285 4.458369255 -0.874831975 -0.770833671 -0.249682099 -0.542778790 0.221055731
1403638574577829376.000000 4.131683350 4.505409241 -0.872732162 -0.788659930 -0.202097058 -0.551643848 0.181276903
1403638574877829376.000000 4.497191429 4.526762009 -0.827742100 -0.797509611 -0.190403342 -0.554202557 0.143473372
1403638575077829376.000000 4.734155655 4.537904263 -0.804903030 -0.805068970 -0.186311185 -0.544236302 0.144771963
1403638575527829504.000000 5.282413960 4.541695118 -0.825360239 -0.810422301 -0.190468326 -0.532117069 0.154236466
1403638575727829504.000000 5.549065113 4.536450863 -0.832062542 -0.810523748 -0.206114754 -0.529540002 0.141969964
1403638576377829376.000000 6.494084835 4.621337891 -0.662836969 -0.805796564 -0.219699457 -0.534411192 0.129726246
1403638576527829504.000000 6.722828388 4.668284416 -0.631611407 -0.805006623 -0.226448834 -0.535251319 0.119127445
1403638576877829376.000000 7.250642300 4.844621181 -0.595603466 -0.795269966 -0.227888077 -0.549415946 0.117280923
1403638577277829376.000000 7.807106018 5.128468037 -0.579996169 -0.793913662 -0.213480651 -0.552625000 0.136867285
1403638577477829376.000000 8.066893578 5.285504341 -0.535100520 -0.791100204 -0.223651096 -0.555979431 0.122586504
1403638578827829504.000000 9.574491501 6.601385593 -0.409687787 -0.793464899 -0.212844208 -0.551943660 0.143070057
1403638579027829504.000000 9.771219254 6.788732052 -0.411268204 -0.790949941 -0.217637748 -0.555090964 0.137498856
1403638579477829376.000000 10.176830292 7.236368179 -0.326954335 -0.792694926 -0.206707776 -0.551759958 0.156421244
1403638579927829504.000000 10.533046722 7.662009716 -0.304771006 -0.760922849 -0.276691020 -0.554055333 0.193549156
1403638582577829376.000000 11.296126366 8.948784828 -0.271165729 -0.642808378 -0.489425093 -0.476782143 0.346322685
1403638585527829504.000000 9.965365410 8.866081238 0.378504068 -0.650669277 -0.489645213 -0.467843056 0.343511403
1403638586477829376.000000 9.265549660 8.698030472 0.552793860 -0.646338403 -0.490686387 -0.477382332 0.337015957
1403638589377829376.000000 6.764843941 8.006965637 0.279319197 -0.652024269 -0.483031958 -0.471050471 0.345913410
1403638591727829504.000000 4.885672569 7.241110325 0.154359579 -0.684777558 -0.493456304 -0.429264545 0.321422786
1403638592127829504.000000 4.711741924 7.321655273 0.130864888 -0.675524950 -0.488456249 -0.441408068 0.332017332
1403638593077829376.000000 4.546598911 7.683127880 0.491393447 -0.630418599 -0.548652351 -0.404721051 0.371152073
1403638593977829376.000000 4.545704365 8.182323456 0.806852102 -0.595336914 -0.532155693 -0.450611532 0.399166077
1403638594627829504.000000 4.441322327 8.354551315 1.049244523 -0.587858737 -0.553115845 -0.435054690 0.399014235
1403638596127829504.000000 4.093930721 8.286440849 1.218910456 -0.587692261 -0.562992752 -0.440600425 0.378851235
1403638596427829504.000000 3.968877077 8.236281395 1.194762111 -0.571237922 -0.578346968 -0.460528076 0.356533378
1403638596827829504.000000 3.614328623 8.160637856 1.279537320 -0.555374801 -0.590172589 -0.477718562 0.339175642
1403638597227829504.000000 2.991090059 8.071821213 1.405319691 -0.550605595 -0.586295724 -0.487276912 0.340076506
1403638597377829376.000000 2.690903664 8.032676697 1.427018285 -0.554248989 -0.579980969 -0.485123783 0.347972721
1403638597527829504.000000 2.359880447 7.986311436 1.436686277 -0.560709000 -0.568452060 -0.478663117 0.365170300
1403638597827829504.000000 1.644319415 7.863949776 1.424545288 -0.558497429 -0.568414927 -0.476974249 0.370783955
1403638597977829376.000000 1.262337327 7.786340237 1.403836012 -0.547866821 -0.579751790 -0.478444755 0.367179185
1403638598127829504.000000 0.857227921 7.700038433 1.390842557 -0.549379289 -0.579928696 -0.466385335 0.379934132
1403638598277829376.000000 0.436433196 7.599255085 1.388430953 -0.562131822 -0.574157953 -0.443181604 0.397417486
1403638598427829504.000000 0.015026458 7.492433071 1.382270575 -0.569289088 -0.572620034 -0.430501461 0.403341860
1403638598577829376.000000 -0.402071476 7.380389214 1.362412691 -0.569982529 -0.576296926 -0.423292249 0.404753506
1403638598727829504.000000 -0.813360333 7.266214848 1.330646634 -0.560748458 -0.587083042 -0.416355550 0.409319818
1403638598877829376.000000 -1.219159484 7.150593281 1.306609392 -0.545795977 -0.600322902 -0.406859159 0.419743747
1403638599027829504.000000 -1.618535876 7.032267570 1.292446494 -0.528566599 -0.616800249 -0.393742144 0.430281252
1403638599177829376.000000 -2.014591217 6.911092281 1.293812633 -0.508042693 -0.633682370 -0.381087750 0.441714346
1403638599327829504.000000 -2.406902552 6.784898758 1.307660460 -0.487604260 -0.652351439 -0.365283847 0.450829655
1403638599777829376.000000 -3.549289942 6.399677753 1.371411324 -0.463035882 -0.680014074 -0.339045882 0.456318498
1403638599927829504.000000 -3.921639681 6.279709816 1.364399076 -0.468326956 -0.678694189 -0.334261119 0.456413895
1403638600377829376.000000 -4.991734982 5.976832867 1.296236396 -0.505635321 -0.659774184 -0.296754360 0.470072120
1403638600627829504.000000 -5.504303932 5.871124268 1.275984645 -0.513991058 -0.657546759 -0.289493412 0.468656629
1403638600777829376.000000 -5.775518894 5.836420059 1.289123297 -0.517622769 -0.659996033 -0.284342587 0.464350343
1403638600927829504.000000 -6.022038937 5.825501442 1.313516378 -0.507671893 -0.673770368 -0.296915710 0.447374374
1403638601077829376.000000 -6.256553650 5.835856915 1.329324484 -0.496429443 -0.682771266 -0.310329616 0.437123269
1403638601377829376.000000 -6.724522591 5.907035828 1.334381104 -0.474404752 -0.682500124 -0.333764166 0.444674283
1403638601527829504.000000 -6.966469288 5.956830978 1.343706965 -0.461392462 -0.682941735 -0.324925780 0.463822007
1403638601677829376.000000 -7.209116936 6.007762432 1.365577817 -0.435580254 -0.695361376 -0.314327687 0.477431297
1403638601827829504.000000 -7.452447891 6.054856777 1.401485801 -0.400376648 -0.713995397 -0.299046606 0.490388006
1403638601977829376.000000 -7.696829796 6.094576836 1.447368860 -0.365768075 -0.731326699 -0.281681329 0.502026558
1403638602277829376.000000 -8.185113907 6.154533863 1.504180551 -0.317422807 -0.749342144 -0.262799531 0.518329561
1403638602427829504.000000 -8.432592392 6.165067196 1.528190255 -0.292764872 -0.741409838 -0.239065424 0.554479957
1403638602877829376.000000 -9.008026123 6.076710224 1.697901368 -0.213331401 -0.734601498 -0.170139670 0.621210933
1403638603027829504.000000 -9.113875389 6.005829334 1.770889759 -0.194257081 -0.746603429 -0.134417072 0.621916175
1403638604127829504.000000 -9.138217926 5.413629055 1.842661500 -0.112661101 -0.779851437 -0.133149683 0.601174295
1403638604377829376.000000 -9.041750908 5.200847626 1.823658586 -0.125070959 -0.785807252 -0.114478722 0.594776392
1403638605127829504.000000 -8.624907494 4.455672741 1.856241107 -0.145106599 -0.816992819 -0.088888355 0.550967813
1403638605827829504.000000 -8.352002144 3.817931175 1.929717660 -0.110713437 -0.808164537 -0.135410458 0.562384665
1403638606177829376.000000 -8.277289391 3.393464804 1.989270926 -0.105654299 -0.810123205 -0.146307752 0.557791829
1403638606527829504.000000 -8.242515564 2.871893167 1.970739126 -0.131849378 -0.822205901 -0.115619980 0.541502595
1403638606827829504.000000 -8.269550323 2.409644365 1.898175597 -0.121616095 -0.835774481 -0.086426750 0.528413594
1403638606977829376.000000 -8.313180923 2.188203812 1.860513568 -0.098532945 -0.840846241 -0.066602051 0.528046489
1403638607127829504.000000 -8.378817558 1.976825237 1.842803121 -0.077710882 -0.840952754 -0.041590378 0.533881783
1403638607577829376.000000 -8.640821457 1.413339734 1.779844284 -0.049730759 -0.820981503 -0.016014639 0.568559289
1403638608027829504.000000 -8.899456024 0.951592445 1.612428784 -0.057466839 -0.819776475 -0.010963567 0.569687486
1403638608377829376.000000 -9.092347145 0.662951052 1.422801614 -0.050579503 -0.806739271 -0.030481078 0.587949336
1403638609527829504.000000 -9.354568481 -0.053736962 0.796321750 -0.059521329 -0.811613202 -0.018807843 0.580850661
1403638609977829376.000000 -9.353778839 -0.202898368 0.532424927 -0.057002850 -0.811836839 -0.023086073 0.580636442
1403638610377829376.000000 -9.314104080 -0.286906123 0.365075946 -0.057983592 -0.802642882 -0.022667786 0.593201816
1403638610727829504.000000 -9.214437485 -0.328633308 0.171151578 -0.055891916 -0.791863978 -0.025331058 0.607606649
1403638610927829504.000000 -9.117141724 -0.343383074 0.076312132 -0.057155117 -0.803650618 -0.019924944 0.592015207
1403638611227829504.000000 -8.943105698 -0.343148082 -0.050831527 -0.055960510 -0.799154758 -0.017947892 0.598245800
1403638611527829504.000000 -8.721199989 -0.322219729 -0.164077848 -0.037821077 -0.801982284 -0.044716038 0.594469905
1403638611877829376.000000 -8.421458244 -0.327747375 -0.258293211 -0.051335432 -0.810245931 -0.029799521 0.583076477
1403638612077829376.000000 -8.245412827 -0.334174275 -0.329097331 -0.056710511 -0.812914252 -0.024419919 0.579101086
1403638612477829376.000000 -7.900536537 -0.320749551 -0.400008619 -0.058439195 -0.811408818 -0.026464010 0.580947697
1403638612827829504.000000 -7.596282005 -0.293064415 -0.498765826 -0.053804785 -0.807938457 -0.043614533 0.585182309
1403638613277829376.000000 -7.186098576 -0.292751461 -0.584606409 -0.060685944 -0.810168564 -0.040719159 0.581623614
1403638613677829376.000000 -6.815606594 -0.312806189 -0.607170999 -0.070732623 -0.804657102 -0.041961521 0.588016331
1403638614127829504.000000 -6.355627060 -0.331913322 -0.742911518 -0.118445195 -0.795705080 -0.075251944 0.589203894
1403638614277829376.000000 -6.185324192 -0.336476117 -0.789788604 -0.143106878 -0.795912385 -0.092043407 0.581009388
1403638614627829504.000000 -5.780271053 -0.351644218 -0.840054691 -0.180158257 -0.791845977 -0.107376240 0.573579431
1403638614777829376.000000 -5.605405807 -0.350482613 -0.830088913 -0.206091896 -0.789262295 -0.108475320 0.568176210
1403638615077829376.000000 -5.241664410 -0.315771341 -0.763066888 -0.268972069 -0.778711617 -0.142206594 0.548670769
1403638615227829504.000000 -5.056007385 -0.277046502 -0.713425219 -0.297637552 -0.763878942 -0.181026742 0.543258846
1403638615377829376.000000 -4.870266438 -0.232436925 -0.663682580 -0.330577940 -0.746153653 -0.216004595 0.536017835
1403638615527829504.000000 -4.686180592 -0.187363669 -0.626747847 -0.364901364 -0.728004873 -0.245228112 0.526040971
1403638615677829376.000000 -4.505048275 -0.145193428 -0.600018084 -0.390579760 -0.713881373 -0.264882654 0.517356932
1403638615827829504.000000 -4.327000618 -0.107119180 -0.564150572 -0.406049699 -0.705192149 -0.274780303 0.512175381
1403638616027829504.000000 -4.087974072 -0.061918113 -0.509935558 -0.427456975 -0.693017900 -0.286007613 0.505179584
1403638616177829376.000000 -3.907397985 -0.031233341 -0.490184784 -0.444872648 -0.682468832 -0.298147082 0.497426361
1403638616477829376.000000 -3.539938450 0.026440600 -0.550209403 -0.491115183 -0.652192354 -0.325713605 0.476824641
1403638616627829504.000000 -3.356233120 0.053176597 -0.603859603 -0.507547617 -0.644827843 -0.332880944 0.464524269
1403638617427829504.000000 -2.393935442 0.357976019 -0.790558457 -0.515199661 -0.660170794 -0.330393732 0.435412347
1403638617677829376.000000 -2.121376038 0.523629010 -0.749804676 -0.508710742 -0.665468574 -0.330744773 0.434710026
1403638618077829376.000000 -1.748343468 0.850442529 -0.606921077 -0.500568986 -0.667694747 -0.332386553 0.439469784
1403638618277829376.000000 -1.587915301 1.036615729 -0.552306175 -0.499193847 -0.668977499 -0.330671310 0.440376222
1403638618577829376.000000 -1.375625968 1.332135439 -0.499279618 -0.495461792 -0.669582963 -0.332631141 0.442190886
1403638619227829504.000000 -1.029750466 2.041521311 -0.386721700 -0.536095202 -0.620427489 -0.380683661 0.427494526
1403638619427829504.000000 -0.945012927 2.253267527 -0.399189234 -0.570244431 -0.585720599 -0.403798759 0.410730153
1403638621927829504.000000 0.388628602 3.894561529 -0.658290565 -0.579518318 -0.554381549 -0.435322583 0.409040123
1403638623827829504.000000 0.980944157 3.254646063 -0.680745304 -0.591381192 -0.551384330 -0.428616077 0.403152615
1403638624327829504.000000 1.084245563 2.802953005 -0.647164524 -0.600463748 -0.547227085 -0.422719538 0.401614249
1403638624727829504.000000 1.171915650 2.422583818 -0.689487219 -0.593819678 -0.538786888 -0.431917816 0.412957668
1403638625127829504.000000 1.261588335 1.993785858 -0.689162612 -0.588976502 -0.559462249 -0.412936211 0.411815971
1403638625527829504.000000 1.358837008 1.562524319 -0.697215259 -0.586417794 -0.562564492 -0.408600628 0.415548980
1403638625927829504.000000 1.475627184 1.146976709 -0.653929651 -0.593226671 -0.569677234 -0.400326759 0.404089689
1403638626327829504.000000 1.610161662 0.774177969 -0.671508491 -0.591401577 -0.569892585 -0.405704439 0.401086807
1403638626727829504.000000 1.737465739 0.439420253 -0.735920072 -0.590496957 -0.575586319 -0.405787230 0.394145191
1403638626977829376.000000 1.801560402 0.263093114 -0.743739963 -0.594175458 -0.579694271 -0.399378836 0.389110178
1403638627377829376.000000 1.886722088 0.047342688 -0.761061132 -0.590876043 -0.581460476 -0.401756346 0.389051437
1403638627777829376.000000 1.948522568 -0.097480267 -0.815721452 -0.585622489 -0.578369439 -0.410530895 0.392427564
1403638628177829376.000000 1.974315882 -0.200622648 -0.875134230 -0.587998748 -0.580380559 -0.410165370 0.386238754
1403638628577829376.000000 1.958024859 -0.257492840 -0.900472105 -0.592800736 -0.565663576 -0.405181736 0.405511826
1403638628977829376.000000 1.949807763 -0.297440946 -0.925161242 -0.589818656 -0.565727055 -0.410875201 0.404040158
1403638629427829504.000000 1.944721341 -0.336561531 -0.947575390 -0.589881957 -0.575310171 -0.410833925 0.390221894
1403638629927829504.000000 1.916054130 -0.326952308 -0.948512912 -0.596625447 -0.556665897 -0.404136181 0.413322121
1403638630277829376.000000 1.924223065 -0.316262841 -1.031584620 -0.585669935 -0.565580428 -0.419944048 0.400944650
1403638630427829504.000000 1.918018579 -0.307555616 -1.049522877 -0.596807301 -0.570719123 -0.401252657 0.396354854
1403638630627829504.000000 1.908479810 -0.283240199 -1.047095180 -0.585093737 -0.566356778 -0.417962939 0.402755827
1403638630777829376.000000 1.911704302 -0.275624514 -1.061504483 -0.594052017 -0.592140734 -0.395293444 0.374452531
1403638631027829504.000000 1.913308620 -0.283014059 -1.063770652 -0.594340265 -0.590213180 -0.393048733 0.379369050
1403638631527829504.000000 1.914229393 -0.290606707 -1.059224129 -0.594505310 -0.590183556 -0.392909825 0.379300326
