1403638550927829504.000000 -0.000002256 0.000000566 0.000002234 0.000000019 0.000000040 0.000000032 1.000000000
1403638550977829376.000000 0.033429377 -0.000056821 0.051851228 0.000356165 0.004786756 0.000070986 0.999988496
1403638551027829504.000000 0.070010372 -0.003264477 0.121668540 0.000189764 0.008393204 0.000609989 0.999964654
1403638551077829376.000000 0.104162544 -0.005549244 0.177042693 -0.000081710 0.011513051 0.000932921 0.999933302
1403638551127829504.000000 0.134327888 0.000457481 0.228105873 0.001039258 0.012704904 0.001939138 0.999916911
1403638551177829376.000000 0.171668485 0.004020928 0.286112964 0.002648561 0.014391971 0.004991094 0.999880493
1403638551227829504.000000 0.209013611 0.042896137 0.302777767 0.005707867 0.013459019 0.005368091 0.999878764
1403638551277829376.000000 0.239242956 0.047247607 0.334998071 0.005382339 0.013075150 0.007036157 0.999875307
1403638551327829504.000000 0.278345913 0.057901092 0.381618172 0.003952423 0.009690543 0.008293737 0.999910891
1403638551377829376.000000 0.318230629 0.060281027 0.441395253 -0.000567010 0.006932648 0.011820979 0.999905944
1403638551427829504.000000 0.361371309 0.066231064 0.490138382 -0.007016704 0.003969231 0.016118167 0.999837697
1403638551477829376.000000 0.384355485 0.097197473 0.510837317 -0.012914600 0.002034276 0.019965764 0.999715209
1403638551527829504.000000 0.395008445 0.116322428 0.560196817 -0.021583054 0.002520762 0.025544610 0.999437571
1403638551577829376.000000 0.444599658 0.137283057 0.593794107 -0.030806562 0.001631356 0.033191398 0.998972774
1403638551627829504.000000 0.501499712 0.153758213 0.649330437 -0.041045815 -0.001779321 0.042109568 0.998268008
1403638551677829376.000000 0.537246943 0.175336123 0.672626317 -0.051117387 -0.002761306 0.048627634 0.997504354
1403638551727829504.000000 0.527364433 0.183032215 0.708690226 -0.062151488 0.001829686 0.054849394 0.996556759
1403638551777829376.000000 0.524261117 0.188076958 0.767286181 -0.075910851 0.005032849 0.060795050 0.995246828
1403638551827829504.000000 0.527399540 0.227123365 0.787376344 -0.085699268 0.007254715 0.065536216 0.994136870
1403638551877829376.000000 0.601432860 0.256750703 0.829183698 -0.096640825 0.004560130 0.068368331 0.992958009
1403638551927829504.000000 0.490586579 0.255293161 0.850936770 -0.108046517 0.016044423 0.066949002 0.991759241
1403638551977829376.000000 0.536355257 0.545786023 0.439189911 -0.084642120 0.002484821 0.070858561 0.993885636
1403638552027829504.000000 0.412216455 0.267185807 0.638209462 -0.118709192 0.016918130 0.065897100 0.990595520
1403638552077829376.000000 0.459929824 0.307842344 0.663497746 -0.124333933 0.016303452 0.064938106 0.989978969
1403638552127829504.000000 0.527757168 0.319043756 0.696240485 -0.130538523 0.011914103 0.067699604 0.989057422
1403638552177829376.000000 0.499096721 0.341140926 0.711220026 -0.133288756 0.014239947 0.068870857 0.988578916
1403638552227829504.000000 0.618290544 0.786044836 0.431005299 -0.091993801 -0.002808490 0.072316699 0.993126214
1403638552277829376.000000 0.609243274 0.788537204 0.495163888 -0.096317768 -0.001971509 0.073063888 0.992663503
1403638552327829504.000000 0.606188834 0.791653812 0.528682888 -0.099362083 0.000102609 0.072904401 0.992377043
1403638552377829376.000000 0.593498647 0.815864980 0.548097134 -0.099381842 0.005353163 0.076373942 0.992099583
1403638552427829504.000000 0.595306158 0.817959309 0.569496632 -0.101739489 0.012758887 0.076954871 0.991748154
1403638552477829376.000000 0.919633508 0.691682875 1.157819390 -0.133586302 0.014122753 0.065743402 0.988753378
1403638552527829504.000000 1.033876419 0.533528209 1.262005925 -0.149682298 0.013505056 0.070225090 0.986144722
1403638552577829376.000000 1.013880968 0.558271706 1.285604954 -0.150194973 0.020402044 0.068645477 0.986059368
1403638552627829504.000000 1.031847477 0.533371627 1.322720647 -0.155124113 0.023244999 0.068873025 0.985217154
1403638552677829376.000000 1.048239946 0.624204040 1.324327707 -0.150980160 0.022577187 0.067241296 0.985988796
1403638552727829504.000000 1.013480902 0.940114498 1.248496652 -0.129016027 0.023541840 0.063122138 0.989351451
1403638552777829376.000000 0.923447490 0.894445896 1.300535202 -0.135710537 0.031521700 0.062525354 0.988271058
1403638552827829504.000000 0.988056719 0.862819731 1.326213121 -0.141220868 0.027591906 0.063316807 0.987565875
1403638552877829376.000000 0.963663697 0.914280474 1.329572082 -0.140350297 0.028265327 0.059291698 0.987920761
1403638552927829504.000000 0.987321019 0.930526078 1.366110563 -0.143188849 0.024944220 0.057970084 0.987681270
1403638552977829376.000000 1.062030554 1.213737965 1.303056717 -0.125224426 0.016633268 0.049779199 0.990739226
1403638553027829504.000000 1.089950442 1.244695187 1.322519898 -0.126873210 0.012367914 0.046980299 0.990728617
1403638553077829376.000000 0.960944057 1.169312596 1.369030237 -0.136152044 0.023134008 0.043455694 0.989464045
1403638553127829504.000000 0.977836490 1.184044480 1.383586884 -0.137785599 0.023901239 0.043487079 0.989218295
1403638553177829376.000000 0.984679937 1.168216228 1.417201042 -0.141753674 0.028857188 0.044606712 0.988475323
1403638553227829504.000000 1.077611327 1.498896599 1.331141472 -0.118165612 0.026007302 0.043197159 0.991712987
1403638553277829376.000000 1.055979371 1.547004104 1.382265925 -0.113757931 0.029583264 0.042697899 0.992149651
1403638553327829504.000000 1.109657288 1.727670074 1.250342369 -0.109570369 0.032287173 0.041271579 0.992596865
1403638553377829376.000000 1.092901111 1.775504231 1.307398558 -0.106016740 0.032464612 0.038694218 0.993080735
1403638553427829504.000000 1.152144194 1.960627556 1.167771459 -0.103751130 0.033004504 0.034007348 0.993473649
1403638553477829376.000000 1.192637324 2.065476894 1.189085603 -0.100963488 0.032499231 0.030097196 0.993903577
1403638553527829504.000000 1.100577950 1.840308905 1.296909332 -0.116667628 0.040116414 0.023779346 0.992075562
1403638553577829376.000000 1.141410589 1.943281889 1.313672781 -0.114124171 0.039690688 0.020292699 0.992465973
1403638553627829504.000000 1.163226247 2.071521282 1.199749351 -0.111212306 0.037846979 0.018542610 0.992902637
1403638553677829376.000000 1.203684449 2.171867847 1.213606477 -0.107702374 0.035425123 0.017804805 0.993392348
1403638553727829504.000000 1.235684037 2.298186064 1.105370998 -0.104310706 0.033216752 0.017255889 0.993840098
1403638553777829376.000000 1.281364679 2.395885706 1.122205973 -0.100914456 0.029810859 0.017204575 0.994299591
1403638553827829504.000000 1.315599799 2.516157150 1.027033091 -0.097619064 0.026460590 0.017325208 0.994721174
1403638553877829376.000000 1.363312006 2.612316132 1.045062542 -0.094387434 0.022847667 0.017791128 0.995114386
1403638553927829504.000000 1.157500625 2.242698431 1.069102645 -0.115525939 0.031446666 0.014400821 0.992702127
1403638553977829376.000000 1.204517365 2.337534666 1.081776500 -0.111357003 0.027394153 0.017452277 0.993249595
1403638554027829504.000000 1.474951267 2.931897402 0.946949661 -0.082969055 0.010228021 0.023958785 0.996211588
1403638554077829376.000000 1.518553615 3.027922153 0.969034970 -0.079834722 0.006355776 0.023933291 0.996500492
1403638554127829504.000000 1.545728922 3.136867762 0.931882083 -0.076336727 0.001720212 0.024492381 0.996779799
1403638554177829376.000000 1.587132931 3.231727839 0.944140375 -0.073514581 -0.005638813 0.023335097 0.997005224
1403638554227829504.000000 1.606051207 3.339498043 0.945078492 -0.070252553 -0.015972739 0.023155933 0.997132540
1403638554277829376.000000 1.643009543 3.433080196 0.957301617 -0.066970684 -0.024161685 0.023260208 0.997191191
1403638554327829504.000000 1.172343373 2.589276075 0.740072012 -0.112495281 -0.003366007 0.015659893 0.993523180
1403638554377829376.000000 1.207892060 2.687708616 0.762433171 -0.109218769 -0.009094888 0.015659709 0.993852794
1403638554427829504.000000 1.204774976 2.790427208 0.712161303 -0.105664112 -0.012880011 0.016060477 0.994188786
1403638554477829376.000000 1.236246586 2.889950275 0.745125175 -0.102414384 -0.016435819 0.015851604 0.994479775
1403638554527829504.000000 1.236510992 2.989057302 0.728274405 -0.098826699 -0.018441649 0.016514648 0.994796753
1403638554577829376.000000 1.262025595 3.088420630 0.770005584 -0.094457887 -0.020204103 0.018657465 0.995148957
1403638554627829504.000000 1.262080789 3.194125652 0.677209318 -0.089977384 -0.021956159 0.021764999 0.995463848
1403638554677829376.000000 1.287018299 3.292891026 0.724818647 -0.084674492 -0.021737400 0.027124420 0.995802224
1403638554727829504.000000 1.133547068 2.900171995 0.423096061 -0.105012409 -0.009935087 0.023601864 0.994141221
1403638554777829376.000000 1.156625271 3.000696659 0.470113635 -0.099919699 -0.009897364 0.028039174 0.994551122
1403638554827829504.000000 1.171581626 3.108109474 0.422571778 -0.095913082 -0.010767193 0.029198268 0.994903147
1403638554877829376.000000 1.192667723 3.207569122 0.472478807 -0.091808394 -0.010761946 0.031725012 0.995213032
1403638554927829504.000000 1.212501645 3.315502405 0.457830369 -0.088086970 -0.011220667 0.033336613 0.995491624
1403638554977829376.000000 1.232113957 3.415665150 0.509927750 -0.085236914 -0.011231148 0.035908360 0.995650113
1403638555027829504.000000 1.253081083 3.538629770 0.444682807 -0.084448054 -0.011910976 0.037226189 0.995661080
1403638555077829376.000000 1.268716931 3.640381336 0.499034375 -0.085022442 -0.014065531 0.038460955 0.995537102
1403638555127829504.000000 1.119567037 3.203749418 0.120983362 -0.111171372 -0.004768023 0.034994163 0.993173540
1403638555177829376.000000 1.134263515 3.310990095 0.175173819 -0.113227941 -0.007181454 0.038043860 0.992814541
1403638555227829504.000000 1.104863763 3.284471273 0.049454071 -0.121850401 -0.005886478 0.039721087 0.991735935
1403638555277829376.000000 1.116967559 3.396319628 0.108145878 -0.123862050 -0.007819717 0.042092845 0.991375506
1403638555327829504.000000 1.124941468 3.502637863 0.066753536 -0.125513032 -0.009296273 0.043802261 0.991080999
1403638555377829376.000000 1.135767221 3.618685007 0.131368011 -0.127300501 -0.010892185 0.042635873 0.990887582
1403638555427829504.000000 1.064720392 3.446736813 -0.089109905 -0.140321419 -0.007444193 0.039946686 0.989271879
1403638555477829376.000000 1.074407458 3.568742037 -0.019300960 -0.140295476 -0.008603103 0.040158954 0.989257574
1403638555527829504.000000 1.078184366 3.670978308 -0.073524706 -0.139019042 -0.009801337 0.042072017 0.989347100
1403638555577829376.000000 1.086454988 3.796127558 0.003317859 -0.137768209 -0.010893676 0.041664191 0.989527881
1403638555627829504.000000 1.044337392 3.795859575 -0.158303887 -0.136467561 -0.009239551 0.043971904 0.989625096
1403638555677829376.000000 1.055951238 3.923147202 -0.077341564 -0.133443594 -0.010885704 0.045572288 0.989948273
1403638555727829504.000000 1.041426778 4.001612186 -0.185468435 -0.130412132 -0.010873950 0.047726478 0.990250766
1403638555777829376.000000 1.057431459 4.127340794 -0.118360683 -0.127260074 -0.013758061 0.047724307 0.990625083
1403638555827829504.000000 0.996379912 3.773747683 -0.368948340 -0.146617398 -0.009867201 0.041157011 0.988287508
1403638555877829376.000000 1.015627742 3.901897907 -0.315777719 -0.142952979 -0.012048546 0.041438412 0.988788247
1403638555927829504.000000 0.995634139 3.856683731 -0.446580470 -0.145830140 -0.011196561 0.039231386 0.988468111
1403638555977829376.000000 1.017985225 3.987144709 -0.388029128 -0.142305955 -0.012258939 0.038468413 0.988999009
1403638556027829504.000000 1.013556719 4.030008316 -0.470528185 -0.139411509 -0.012109785 0.038553093 0.989409685
1403638556077829376.000000 1.035621285 4.159019947 -0.416554034 -0.135952786 -0.014902290 0.038797516 0.989843190
1403638556127829504.000000 1.054694414 4.283042431 -0.377743989 -0.132312387 -0.016942507 0.041239846 0.990204930
1403638556177829376.000000 1.036562204 4.282774448 -0.517347038 -0.128387988 -0.021356314 0.044687409 0.990486562
1403638556227829504.000000 1.051532507 4.411959171 -0.458138973 -0.124896079 -0.025474388 0.046148881 0.990768611
1403638556277829376.000000 1.042494416 4.440136433 -0.561715066 -0.121024676 -0.027906831 0.048667446 0.991062939
1403638556327829504.000000 1.046748281 4.546987534 -0.538885176 -0.117656134 -0.030693797 0.049886022 0.991325617
1403638556377829376.000000 1.001333237 4.238050461 -0.764388502 -0.139724523 -0.028377526 0.043393530 0.988832116
1403638556427829504.000000 0.999759197 4.337179661 -0.740178645 -0.136286691 -0.030858858 0.044647690 0.989181638
1403638556477829376.000000 1.005400896 4.397083282 -0.795519531 -0.133089051 -0.035095837 0.046637777 0.989383936
1403638556527829504.000000 1.001853228 4.496101856 -0.766971707 -0.129787847 -0.038285874 0.048160922 0.989631236
1403638556577829376.000000 1.005903125 4.559690475 -0.803185105 -0.126132920 -0.039750956 0.051474769 0.989879191
1403638556627829504.000000 1.001640081 4.652722836 -0.773444533 -0.121378429 -0.039245561 0.057275064 0.990175128
1403638556677829376.000000 1.011523962 4.716214180 -0.837531567 -0.117002428 -0.037351612 0.062804997 0.990439773
1403638556727829504.000000 1.009149671 4.807480812 -0.810144603 -0.113368675 -0.032743946 0.065300502 0.990863919
1403638556777829376.000000 1.000000596 4.611586571 -0.977466583 -0.132452324 -0.024853092 0.058741633 0.989135087
1403638556827829504.000000 1.001084089 4.701774120 -0.956328094 -0.128621161 -0.021123089 0.061174031 0.989579797
1403638556877829376.000000 1.014021158 4.714781284 -1.028082609 -0.130431324 -0.018062850 0.061927885 0.989356577
1403638556927829504.000000 1.018195152 4.805970192 -1.005951524 -0.126877159 -0.015526233 0.063525125 0.989760458
1403638556977829376.000000 1.033066154 4.888001919 -1.037656665 -0.123396695 -0.014032600 0.064989567 0.990127683
1403638557027829504.000000 1.036814809 4.975697517 -1.019497037 -0.120253146 -0.013852241 0.064642489 0.990539610
1403638557077829376.000000 1.051746726 5.071116447 -1.082950473 -0.117447495 -0.014304054 0.063559130 0.990939856
1403638557127829504.000000 1.052893043 5.158687115 -1.064117789 -0.114823878 -0.014612688 0.061948918 0.991344690
1403638557177829376.000000 1.059956908 5.251414776 -1.086533308 -0.111610852 -0.014565130 0.061821509 0.991720259
1403638557227829504.000000 1.058063388 5.339275837 -1.064829111 -0.108824492 -0.014698452 0.061020859 0.992077470
1403638557277829376.000000 1.057290077 5.171529293 -1.209475756 -0.128318742 -0.012017594 0.053782914 0.990200698
1403638557327829504.000000 1.055048943 5.262293339 -1.190047979 -0.125538126 -0.012647241 0.053107362 0.990585625
1403638557377829376.000000 1.061763287 5.362373829 -1.224628687 -0.122668207 -0.013519484 0.051720999 0.991006970
1403638557427829504.000000 1.061135411 5.454443455 -1.205705523 -0.120380297 -0.013999257 0.049303621 0.991403997
1403638557477829376.000000 1.067471027 5.554015160 -1.224327445 -0.118507452 -0.015090236 0.045022309 0.991817176
1403638557527829504.000000 1.070050716 5.647189140 -1.205865502 -0.116470613 -0.015955072 0.042699937 0.992147565
1403638557577829376.000000 1.068577290 5.548997402 -1.330815196 -0.131392390 -0.013791280 0.034600064 0.990630448
1403638557627829504.000000 1.074743509 5.640740395 -1.316310883 -0.128842354 -0.014250997 0.033443701 0.990998626
1403638557677829376.000000 1.089611650 5.740245819 -1.349528074 -0.125973448 -0.015326096 0.032757431 0.991374195
1403638557727829504.000000 1.098289728 5.831886292 -1.335103750 -0.123056233 -0.015129881 0.033373352 0.991723001
1403638557777829376.000000 1.112426519 5.928439617 -1.353350997 -0.119898148 -0.015597671 0.034123767 0.992077053
1403638557827829504.000000 1.119217515 6.020578384 -1.333712935 -0.117877752 -0.016763337 0.033140771 0.992333353
1403638557877829376.000000 1.132583141 6.123241901 -1.369728327 -0.114895448 -0.018276129 0.033323843 0.992650270
1403638557927829504.000000 1.136369944 6.214334011 -1.347874761 -0.112387210 -0.020146895 0.032652117 0.992923558
1403638557977829376.000000 1.118392467 6.041491032 -1.481665134 -0.131889954 -0.019131370 0.026565794 0.990723610
1403638558027829504.000000 1.120875716 6.132165432 -1.461268067 -0.128271222 -0.022263261 0.028473916 0.991080284
1403638558077829376.000000 1.128508329 6.224440575 -1.490230083 -0.124370433 -0.026163962 0.031413659 0.991393328
1403638558127829504.000000 1.127894759 6.315005302 -1.465859771 -0.120984316 -0.031390566 0.034113429 0.991571367
1403638558177829376.000000 1.132369637 6.406087399 -1.480751991 -0.117162488 -0.037015364 0.037034288 0.991731465
1403638558227829504.000000 1.133005381 6.494954586 -1.456890583 -0.113678530 -0.042684078 0.040356524 0.991779506
1403638558277829376.000000 1.122178435 6.397316933 -1.556939125 -0.127980098 -0.042964593 0.034765534 0.990235627
1403638558327829504.000000 1.126687050 6.486474991 -1.532267094 -0.125362128 -0.046005569 0.034977019 0.990426421
1403638558377829376.000000 1.138880968 6.514895916 -1.573567152 -0.128703207 -0.048264112 0.032099273 0.989987791
1403638558427829504.000000 1.147009969 6.604306221 -1.547179222 -0.126052991 -0.053880863 0.032464501 0.990027070
1403638558477829376.000000 1.163098693 6.691483974 -1.546299815 -0.123447187 -0.058915041 0.032822479 0.990056813
1403638558527829504.000000 1.173277378 6.779666901 -1.515635848 -0.120074108 -0.061423149 0.035232563 0.990236461
1403638558577829376.000000 1.213204145 6.870183945 -1.551852942 -0.116173871 -0.062285729 0.038736790 0.990516901
1403638558627829504.000000 1.225427747 6.957417488 -1.518194795 -0.112413689 -0.059808698 0.042833906 0.990934670
1403638558677829376.000000 1.249934912 7.043407917 -1.505237579 -0.107768759 -0.056857537 0.048739042 0.991351485
1403638558727829504.000000 1.261538863 7.129862785 -1.467093229 -0.103280134 -0.052589167 0.054491017 0.991765320
1403638558777829376.000000 1.294098616 6.977067471 -1.576877594 -0.122132167 -0.046595920 0.048757885 0.990219831
1403638558827829504.000000 1.303432941 7.065428734 -1.536237121 -0.118289985 -0.044088382 0.052074425 0.990632176
1403638558877829376.000000 1.344445348 7.155824661 -1.551121116 -0.115725480 -0.043324810 0.051455054 0.991001070
1403638558927829504.000000 1.350387096 7.244449615 -1.504981756 -0.113089778 -0.039882999 0.050975569 0.991474450
1403638558977829376.000000 1.381968737 7.336614132 -1.500159621 -0.110584818 -0.036081862 0.049477324 0.991978407
1403638559027829504.000000 1.385233164 7.425413132 -1.450360537 -0.108251557 -0.033430919 0.047450654 0.992427528
1403638559077829376.000000 1.422717214 7.526072979 -1.471348166 -0.105407842 -0.030579330 0.046824832 0.992855310
1403638559127829504.000000 1.424542665 7.614638329 -1.417693734 -0.102572560 -0.028754817 0.045790538 0.993254960
1403638559177829376.000000 1.427938342 7.475777149 -1.465103745 -0.122140162 -0.023785027 0.036880855 0.991542220
1403638559227829504.000000 1.430633068 7.566068649 -1.413593888 -0.119467556 -0.023475502 0.034717605 0.991953254
1403638559277829376.000000 1.452118278 7.660044670 -1.407325625 -0.116511494 -0.023433093 0.033436183 0.992349744
1403638559327829504.000000 1.455047965 7.749710083 -1.355887055 -0.113657199 -0.023507012 0.032042425 0.992724895
1403638559377829376.000000 1.462141037 7.731191158 -1.381344318 -0.122639872 -0.023014717 0.025492977 0.991856813
1403638559427829504.000000 1.464396477 7.820838451 -1.330937386 -0.120021179 -0.023164328 0.023248293 0.992228746
1403638559477829376.000000 1.479119301 7.907556534 -1.330443978 -0.116949677 -0.023332719 0.022644917 0.992605448
1403638559527829504.000000 1.479759574 7.994026661 -1.279896736 -0.114163153 -0.023298163 0.021549650 0.992955029
1403638559577829376.000000 1.488652825 8.080653191 -1.260300398 -0.110798113 -0.023106759 0.020866372 0.993355215
1403638559627829504.000000 1.488116980 8.166664124 -1.206783772 -0.107419960 -0.022642104 0.021434220 0.993724823
1403638559677829376.000000 1.477270007 8.092268944 -1.231800199 -0.120842151 -0.019878400 0.016112395 0.992341876
1403638559727829504.000000 1.479880691 8.177118301 -1.181016922 -0.117275454 -0.020031482 0.016521377 0.992760003
1403638559777829376.000000 1.482589364 8.204553604 -1.178745270 -0.119332775 -0.019455500 0.015033168 0.992549896
1403638559827829504.000000 1.488820314 8.286357880 -1.128911376 -0.115021832 -0.020794271 0.017739259 0.992986917
1403638559877829376.000000 1.501535416 8.362797737 -1.109886527 -0.112055093 -0.020775320 0.018583972 0.993310988
1403638559927829504.000000 1.510375857 8.441006660 -1.060201049 -0.110362507 -0.020917149 0.021335330 0.993442237
1403638559977829376.000000 1.520259738 8.515698433 -1.041120291 -0.110927612 -0.021089084 0.024785165 0.993295550
1403638560027829504.000000 1.526656985 8.591688156 -0.991295934 -0.113633268 -0.021231951 0.029601848 0.992854714
1403638560077829376.000000 1.530958295 8.659554482 -0.987117350 -0.118620977 -0.021198735 0.034595352 0.992110312
1403638560127829504.000000 1.533772945 8.734889030 -0.934429407 -0.125391513 -0.020628158 0.040234264 0.991076529
1403638560177829376.000000 1.511650324 8.624212265 -0.950421929 -0.156467065 -0.015435645 0.037825089 0.986837983
1403638560227829504.000000 1.512272358 8.703267097 -0.900731564 -0.165763050 -0.015123810 0.043846302 0.985074341
1403638560277829376.000000 1.506559968 8.729247093 -0.888870835 -0.181498170 -0.012808543 0.047543533 0.982157886
1403638560327829504.000000 1.505797386 8.810809135 -0.839751840 -0.192100957 -0.009031865 0.052825633 0.979910731
1403638560377829376.000000 1.499248266 8.833197594 -0.827511668 -0.208311826 -0.004379834 0.056476668 0.976420760
1403638560427829504.000000 1.496212482 8.919060707 -0.779625416 -0.219354406 -0.001271051 0.062058017 0.973668814
1403638560477829376.000000 1.487625360 8.935463905 -0.767904401 -0.236122817 0.003043043 0.065720782 0.969493508
1403638560527829504.000000 1.481758356 9.025524139 -0.724276900 -0.246932268 0.005875429 0.071929559 0.966341674
1403638560577829376.000000 1.475482702 9.105942726 -0.724215865 -0.257132560 0.008728989 0.080346376 0.962990761
1403638560627829504.000000 1.465225935 9.207829475 -0.678440034 -0.267093003 0.010663467 0.089141354 0.959479809
1403638560677829376.000000 1.447764993 9.136498451 -0.659828305 -0.287319630 0.013924863 0.094742864 0.953035891
1403638560727829504.000000 1.438444138 9.246790886 -0.627317846 -0.294520319 0.016103739 0.104859509 0.949738383
1403638560777829376.000000 1.429373503 9.323772430 -0.647191465 -0.302345991 0.018268915 0.112203479 0.946395099
1403638560827829504.000000 1.421812534 9.444898605 -0.626361609 -0.310734868 0.019457249 0.118017390 0.942940712
1403638560877829376.000000 1.407539964 9.338390350 -0.587953806 -0.329524606 0.022711288 0.120722994 0.936121702
1403638560927829504.000000 1.400533438 9.471214294 -0.575568497 -0.337498516 0.024704255 0.126102284 0.932514250
1403638560977829376.000000 1.396869898 9.562133789 -0.614515185 -0.345882326 0.027238751 0.129382432 0.928915381
1403638561027829504.000000 1.393596649 9.700985909 -0.622625470 -0.354155630 0.030439533 0.132077545 0.925312340
1403638561077829376.000000 1.382601261 9.549080849 -0.569361687 -0.372467995 0.032853011 0.132514238 0.917947948
1403638561127829504.000000 1.380596161 9.699029922 -0.593834996 -0.379749656 0.035825942 0.135223970 0.914451361
1403638561177829376.000000 1.375784397 9.862097740 -0.611302495 -0.385636717 0.038439222 0.138138860 0.911440849
1403638561227829504.000000 1.374145746 10.027626038 -0.645741463 -0.390227497 0.040888123 0.140580535 0.909003735
1403638561277829376.000000 1.366909146 10.157125473 -0.719460130 -0.393050045 0.043829415 0.142983168 0.907274187
1403638561327829504.000000 1.362813711 10.327757835 -0.769134402 -0.394718856 0.042794798 0.145274550 0.906234503
1403638561377829376.000000 1.359580517 10.499919891 -0.828834414 -0.395517737 0.037842661 0.146544844 0.905901909
1403638561427829504.000000 1.348992825 9.922810555 -0.679692745 -0.414832622 0.030462429 0.139914319 0.898559988
1403638561477829376.000000 1.338984251 9.977276802 -0.707912445 -0.417579919 0.023268025 0.137638941 0.897853732
1403638561527829504.000000 1.330402970 10.163369179 -0.791885376 -0.416776389 0.017575668 0.135850996 0.898628473
1403638561577829376.000000 1.315127134 10.414658546 -0.851783991 -0.415084064 0.012916700 0.135163069 0.899594069
1403638561627829504.000000 1.299345374 10.644154549 -0.932930470 -0.412856042 0.009555685 0.134793624 0.900716007
1403638561677829376.000000 1.278640985 10.849852562 -1.040530443 -0.409691662 0.007928166 0.135014832 0.902142346
1403638561727829504.000000 1.256514311 11.081173897 -1.136552691 -0.406205326 0.006618450 0.135301962 0.903685212
1403638561777829376.000000 1.212188363 11.256827354 -1.237100124 -0.402940542 0.006306628 0.135141864 0.905171752
1403638561827829504.000000 1.184627295 11.504060745 -1.344403028 -0.400279224 0.005865127 0.134720206 0.906417489
1403638561877829376.000000 1.188452125 10.428239822 -0.987082481 -0.419839829 0.005151369 0.126850307 0.898675203
1403638561927829504.000000 1.153953314 10.654460907 -1.113662362 -0.419549227 0.004333931 0.127015486 0.898791909
1403638561977829376.000000 1.132616520 10.547008514 -1.071446300 -0.425345153 0.004514725 0.127033874 0.896060050
1403638562027829504.000000 1.100630760 10.817629814 -1.212182522 -0.427038312 0.004770543 0.129121885 0.894954205
1403638562077829376.000000 1.060920715 11.058744431 -1.353534818 -0.429418802 0.004573200 0.131283864 0.893500507
1403638562127829504.000000 1.029633760 11.365747452 -1.495653033 -0.431854546 0.005083043 0.134063810 0.891909659
1403638562177829376.000000 1.024380803 11.735076904 -1.696269155 -0.434333086 0.004883964 0.136051536 0.890404999
1403638562227829504.000000 0.988170862 12.033096313 -1.852600455 -0.435707986 0.005419229 0.137814373 0.889458477
1403638562277829376.000000 0.976646781 10.907044411 -1.372488022 -0.453217149 0.005199388 0.133810252 0.881284356
1403638562327829504.000000 0.945654869 11.212962151 -1.564955711 -0.455232114 0.006605931 0.136767522 0.879781127
1403638562377829376.000000 0.913615108 11.526593208 -1.763688087 -0.458155811 0.008318094 0.139788747 0.877771676
1403638562427829504.000000 0.908702374 11.089292526 -1.551182985 -0.469677657 0.009263945 0.140844747 0.871481478
1403638562477829376.000000 0.874341369 11.398363113 -1.756038189 -0.474007964 0.010300058 0.145664454 0.868327320
1403638562527829504.000000 0.862707734 11.802307129 -2.000751019 -0.479285628 0.011262406 0.150874630 0.864520311
1403638562577829376.000000 0.838051796 12.176416397 -2.229920626 -0.485138834 0.013688037 0.156301111 0.860245943
1403638562627829504.000000 0.810722589 12.572702408 -2.466188431 -0.491204888 0.016476309 0.163047209 0.855489373
1403638562677829376.000000 0.784503698 12.968696594 -2.715105772 -0.497293025 0.018088272 0.170607299 0.850450218
1403638562727829504.000000 0.748994589 13.359806061 -2.973437548 -0.503895819 0.021402666 0.177443683 0.845070899
1403638562777829376.000000 0.585746288 13.651247025 -3.266882181 -0.510408878 0.024361208 0.185315162 0.839373410
1403638562827829504.000000 0.548343182 14.081205368 -3.538975954 -0.518306017 0.026007701 0.190681532 0.833260536
1403638562877829376.000000 0.717932940 11.677827835 -2.221144676 -0.547960997 0.025970366 0.187713772 0.814756274
1403638562927829504.000000 0.677117109 12.084907532 -2.543879032 -0.555377066 0.026959540 0.192761719 0.808500171
1403638562977829376.000000 0.595403910 12.506357193 -2.860532284 -0.562232673 0.028197501 0.197483107 0.802558303
1403638563027829504.000000 0.502333641 12.911426544 -3.184464931 -0.568255484 0.030859128 0.203333631 0.796736360
1403638563077829376.000000 0.500558376 13.516092300 -3.482481956 -0.573240340 0.033800200 0.210396379 0.791193128
1403638563127829504.000000 0.447948456 13.992107391 -3.845244884 -0.577756643 0.036560398 0.217728391 0.785783112
1403638563177829376.000000 0.290326357 14.451197624 -4.159225941 -0.583817601 0.036017653 0.219426900 0.780840337
1403638563227829504.000000 0.465843201 12.180686951 -2.910330296 -0.604855061 0.035845701 0.215058684 0.765908122
1403638563277829376.000000 0.392807722 12.686668396 -3.311031818 -0.608943641 0.036983632 0.215101108 0.762595177
1403638563327829504.000000 0.266512871 13.154811859 -3.704661369 -0.611522794 0.041646834 0.214893416 0.760346234
1403638563377829376.000000 0.165765285 13.633788109 -4.140115261 -0.613666832 0.047972843 0.212645963 0.758876443
1403638563427829504.000000 -0.000193596 14.119747162 -4.530257225 -0.614242494 0.053822078 0.212363169 0.758097053
1403638563477829376.000000 0.213004112 12.553461075 -3.508568764 -0.624982178 0.055465568 0.207752854 0.750439644
1403638563527829504.000000 0.045297623 13.031828880 -3.959353924 -0.624472022 0.054644458 0.206652001 0.751228154
1403638563577829376.000000 -0.124993324 13.518358231 -4.423730373 -0.622830272 0.052809283 0.207148865 0.752584159
1403638563627829504.000000 -0.300644875 14.002057076 -4.883247375 -0.620368838 0.050126240 0.208673939 0.754377306
1403638563677829376.000000 -0.444296122 14.520585060 -5.387028694 -0.616602778 0.049128644 0.212122202 0.756565630
1403638563727829504.000000 -0.596570253 15.068832397 -5.925130844 -0.612859547 0.048683990 0.214656562 0.758917451
1403638563777829376.000000 -0.692031860 15.664260864 -6.486962795 -0.608752429 0.048644781 0.217571735 0.761391282
1403638563827829504.000000 -0.569196224 16.445564270 -7.005891800 -0.604700208 0.049876180 0.219123647 0.764090836
1403638563877829376.000000 -0.244316101 13.119333267 -4.692192554 -0.619954944 0.047023483 0.212492153 0.753851354
1403638563927829504.000000 -0.372059107 13.703262329 -5.299468040 -0.615788937 0.048414864 0.213947460 0.756760597
1403638563977829376.000000 -0.356969118 13.258296967 -5.037016869 -0.616677105 0.049491119 0.211709395 0.756597102
1403638564027829504.000000 -0.416317225 13.327356339 -5.215336323 -0.614263177 0.049431358 0.212671205 0.758293092
1403638564077829376.000000 -0.596238852 13.860646248 -5.843351841 -0.609702408 0.050527930 0.213610962 0.761630058
1403638564127829504.000000 -0.916889191 14.919937134 -6.936769009 -0.603082120 0.051746830 0.214253187 0.766622365
1403638564177829376.000000 -1.150846243 15.400311470 -7.532953262 -0.598940313 0.051602669 0.213613898 0.770049930
1403638564227829504.000000 -1.289970160 15.348679543 -7.747644424 -0.597814381 0.051706195 0.210675240 0.771725714
1403638564277829376.000000 -1.500823021 15.908793449 -8.416827202 -0.594626427 0.052083276 0.208585635 0.774725020
1403638564327829504.000000 -1.703452110 16.501018524 -9.115918159 -0.591319859 0.051155806 0.205918416 0.778024137
1403638564377829376.000000 -1.992351294 16.910049438 -9.766381264 -0.587363422 0.053370193 0.205420658 0.780998230
1403638564427829504.000000 -2.224748611 17.456905365 -10.463231087 -0.584521472 0.053641506 0.203093961 0.783715606
1403638564477829376.000000 -1.031853914 13.949349403 -7.004768372 -0.602339983 0.049141720 0.194614619 0.772590995
1403638564527829504.000000 -1.102724314 14.017288208 -7.226601601 -0.601215124 0.048677158 0.194852516 0.773436189
1403638564577829376.000000 -1.327811241 14.535270691 -7.989580631 -0.596784592 0.048324924 0.198003411 0.776084781
1403638564627829504.000000 -1.547906876 15.071212769 -8.767455101 -0.592816234 0.049019553 0.201075569 0.778289616
1403638564677829376.000000 -1.819321871 15.550365448 -9.540459633 -0.588651419 0.050257050 0.205586389 0.780191064
1403638564727829504.000000 -2.069414139 16.074348450 -10.330240250 -0.585049629 0.051449992 0.208441973 0.782062471
1403638564777829376.000000 -2.324882507 16.615264893 -11.124668121 -0.581737816 0.053071674 0.211595803 0.783576250
1403638564827829504.000000 -2.563192844 17.173568726 -11.941841125 -0.578891098 0.054395325 0.213621676 0.785042763
1403638564877829376.000000 -2.824513197 17.747560501 -12.752238274 -0.575955153 0.056463089 0.215351403 0.786582053
1403638564927829504.000000 -1.752664804 14.554481506 -9.128093719 -0.592296958 0.053575743 0.210288167 0.775946498
1403638564977829376.000000 -1.853670120 14.622907639 -9.379859924 -0.591459990 0.054039314 0.210849315 0.776400268
1403638565027829504.000000 -2.212210894 15.152205467 -10.203035355 -0.588567257 0.054756347 0.212156266 0.778190315
1403638565077829376.000000 -2.494714737 15.693464279 -11.080453873 -0.585413218 0.055264656 0.213814184 0.780077338
1403638565127829504.000000 -2.843496799 16.235515594 -11.930135727 -0.582533598 0.055464532 0.215154618 0.781848371
1403638565177829376.000000 -3.274829865 16.786632538 -12.744680405 -0.579515755 0.055508260 0.216417447 0.783737183
1403638565227829504.000000 -3.714119911 17.319774628 -13.579650879 -0.576877475 0.055043772 0.216999188 0.785553217
1403638565277829376.000000 -4.116971016 17.907838821 -14.420013428 -0.574524820 0.054236807 0.217496350 0.787194431
1403638565327829504.000000 -4.559483528 18.414791107 -15.291365623 -0.572324216 0.053568456 0.217647567 0.788799763
1403638565377829376.000000 -4.935310841 18.999685287 -16.178119659 -0.570069849 0.052265771 0.217778385 0.790481687
1403638565427829504.000000 -2.944229841 15.277433395 -11.781279564 -0.588787496 0.046841733 0.210379228 0.779022336
1403638565477829376.000000 -3.077636719 15.354839325 -12.067800522 -0.589995623 0.046824597 0.208054662 0.778733552
1403638565527829504.000000 -3.207457542 15.431296349 -12.357774734 -0.591087461 0.046303846 0.204819739 0.778794229
1403638565577829376.000000 -3.339768410 15.510538101 -12.652360916 -0.592775464 0.045709569 0.201477185 0.778418183
1403638565627829504.000000 -3.466997385 15.587131500 -12.950574875 -0.594715893 0.042920467 0.197169170 0.778200030
1403638565677829376.000000 -3.839458704 16.137096405 -13.933407784 -0.594739497 0.038808186 0.192688942 0.779519022
1403638565727829504.000000 -4.212476730 16.693506241 -14.924580574 -0.594201624 0.034553181 0.189943194 0.780802310
1403638565777829376.000000 -4.586151123 17.254938126 -15.924142838 -0.592604101 0.030393448 0.189728767 0.782240212
1403638565827829504.000000 -3.974396229 15.899627686 -14.176082611 -0.599871755 0.025336348 0.186852321 0.777559161
1403638565877829376.000000 -4.098686695 15.977102280 -14.489833832 -0.600919783 0.020853924 0.184076995 0.777545094
1403638565927829504.000000 -4.222661972 16.054494858 -14.805828094 -0.601168334 0.018311955 0.184990436 0.777200043
1403638565977829376.000000 -4.581399918 16.606636047 -15.862409592 -0.599390686 0.017842522 0.185380831 0.778489828
1403638566027829504.000000 -4.944649220 17.164598465 -16.925289154 -0.596889913 0.017705325 0.187365413 0.779937983
1403638566077829376.000000 -5.312169075 17.728160858 -17.994678497 -0.595412612 0.016894525 0.186783344 0.781223655
1403638566127829504.000000 -5.684398651 18.297710419 -19.070121765 -0.592422962 0.018479567 0.188520014 0.783041418
1403638566177829376.000000 -6.061716080 18.872957230 -20.152029037 -0.589801550 0.019183230 0.189731091 0.784709096
1403638566227829504.000000 -6.697930336 19.959922791 -21.946428299 -0.585509300 0.020277573 0.189830899 0.787865520
1403638566277829376.000000 -7.087457657 20.552518845 -23.036811829 -0.582765043 0.020772330 0.190371335 0.789754570
1403638566327829504.000000 -7.481931686 21.151266098 -24.132984161 -0.579878688 0.020251878 0.191922516 0.791515231
1403638566377829376.000000 -8.145721436 22.280553818 -25.917984009 -0.575109124 0.020703034 0.192094743 0.794934332
1403638566427829504.000000 -5.582268715 16.862419128 -18.038833618 -0.597960234 0.016354911 0.183943719 0.779962063
1403638566477829376.000000 -5.732561111 16.950437546 -18.370891571 -0.596309125 0.017152356 0.185791433 0.780770719
1403638566527829504.000000 -5.884009361 17.039310455 -18.704593658 -0.595635295 0.016719792 0.184551075 0.781588137
1403638566577829376.000000 -6.038506031 17.129011154 -19.039037704 -0.593510091 0.012620405 0.187697127 0.782532036
1403638566627829504.000000 -6.228320122 17.227659225 -19.377433777 -0.592090726 0.007699158 0.191967338 0.782635272
1403638566677829376.000000 -6.353621006 17.311281204 -19.710998535 -0.588729084 -0.000486178 0.195627242 0.784300923
1403638566727829504.000000 -6.543474674 17.411739349 -20.047740936 0.585715413 0.009530590 -0.204310134 -0.784285724
1403638566777829376.000000 -6.705595970 17.507026672 -20.386241913 0.583124757 0.018182740 -0.207757488 -0.785157204
1403638566827829504.000000 -6.869173050 17.604852676 -20.725423813 0.580562234 0.024625028 -0.211606905 -0.785852134
1403638566877829376.000000 -7.034318924 17.705017090 -21.065650940 0.577980816 0.029480407 -0.215552658 -0.786515236
1403638566927829504.000000 -7.163500786 17.782192230 -21.404514313 -0.576401055 -0.033451363 0.212297618 0.788398802
1403638566977829376.000000 -7.326651573 17.889226913 -21.746782303 0.574698448 0.035240311 -0.213530242 -0.789230466
1403638567027829504.000000 -7.489716530 17.999570847 -22.090049744 0.574429572 0.033040054 -0.211598217 -0.790041327
1403638567077829376.000000 -7.651643276 18.113004684 -22.434585571 0.576047182 0.023566270 -0.204181477 -0.791153789
1403638567127829504.000000 -7.815503120 18.228710175 -22.779880524 0.578169882 0.016349848 -0.196121007 -0.791826308
1403638567177829376.000000 -7.981161118 18.346845627 -23.125617981 -0.579743385 -0.007391346 0.189332828 0.792462051
1403638567227829504.000000 -8.148179054 18.467084885 -23.472354889 -0.581457257 -0.001704820 0.182896867 0.792750537
1403638567277829376.000000 -8.317398071 18.588422775 -23.819988251 -0.582821071 0.002691318 0.178054154 0.792848766
1403638567327829504.000000 -8.487490654 18.717630386 -24.166881561 -0.583969474 0.003282156 0.178670406 0.791862190
1403638567377829376.000000 -8.661453247 18.838706970 -24.516365051 -0.584261358 0.002877319 0.178014949 0.791796148
1403638567427829504.000000 -8.872844696 18.920232773 -24.854152679 -0.585101962 0.003683111 0.172620356 0.792366326
1403638567477829376.000000 -9.043508530 19.044136047 -25.207096100 -0.585023224 0.001904963 0.173741475 0.792185664
1403638567527829504.000000 -9.213257790 19.168985367 -25.561836243 -0.585285664 -0.000325287 0.174881190 0.791743100
1403638567577829376.000000 -9.357606888 19.329998016 -25.918519974 -0.584779918 -0.004108076 0.182020068 0.790496230
1403638567627829504.000000 -9.526904106 19.454355240 -26.276550293 -0.585163414 -0.007337525 0.182794884 0.790010095
1403638567677829376.000000 -9.694065094 19.579954147 -26.636226654 0.585482657 0.010260360 -0.183803126 -0.789507031
1403638567727829504.000000 -9.875906944 19.675725937 -26.999050140 0.585684299 0.011978938 -0.180401713 -0.790117562
1403638567777829376.000000 -10.037316322 19.805318832 -27.362003326 0.585578620 0.014865806 -0.181682959 -0.789853215
1403638567827829504.000000 -10.197008133 19.936683655 -27.726211548 0.585230052 0.018533429 -0.183569923 -0.789597631
1403638567877829376.000000 -10.355819702 20.070163727 -28.091270447 0.584410608 0.018707644 -0.186725870 -0.789460480
1403638567927829504.000000 -10.557984352 20.152225494 -28.434869766 -0.584107876 -0.018442506 0.186400548 0.789767563
1403638567977829376.000000 -10.671126366 20.246685028 -28.654655457 -0.569354653 -0.018589154 0.185317278 0.800716758
1403638568027829504.000000 -10.869045258 20.430601120 -29.171514511 0.584136724 0.019979592 -0.186434269 -0.789700925
1403638568077829376.000000 -11.021829605 20.572877884 -29.542007446 0.584866166 0.021355400 -0.183903724 -0.789718330
1403638568127829504.000000 -11.173174858 20.716663361 -29.913801193 0.584960461 0.020683451 -0.183192447 -0.789831698
1403638568177829376.000000 -11.323093414 20.861810684 -30.287141800 0.585285246 0.021797437 -0.181227639 -0.790014386
1403638568227829504.000000 -11.471484184 21.007974625 -30.661931992 0.585516334 0.021167060 -0.180669546 -0.789988101
1403638568277829376.000000 -11.619561195 21.155914307 -31.037807465 0.585563421 0.022055434 -0.180660412 -0.789930999
1403638568327829504.000000 -11.731679916 21.358770370 -31.434255600 0.585200012 0.022155369 -0.181620359 -0.789977372
1403638568377829376.000000 -11.882184982 21.509843826 -31.811185837 0.584829092 0.022997860 -0.182473779 -0.790031254
1403638568427829504.000000 -12.122460365 21.528652191 -32.131351471 -0.584923148 -0.023456054 0.180320308 0.790442526
1403638568477829376.000000 -12.274592400 21.684465408 -32.510452271 0.584688008 0.024051687 -0.180248037 -0.790615082
1403638568527829504.000000 -12.427910805 21.842050552 -32.890010834 0.584394097 0.025214542 -0.180260718 -0.790793180
1403638568577829376.000000 -12.582082748 22.001766205 -33.269855499 0.584027171 0.026784524 -0.180566192 -0.790942907
1403638568627829504.000000 -12.737214088 22.163534164 -33.650108337 0.583486199 0.028109865 -0.181186140 -0.791154385
1403638568677829376.000000 -12.892880440 22.327356339 -34.031055450 0.583048046 0.030587094 -0.180624962 -0.791513860
1403638568727829504.000000 -13.048204422 22.493148804 -34.412712097 0.582752466 0.031592548 -0.180548787 -0.791709304
1403638568777829376.000000 -13.202611923 22.660760880 -34.795349121 0.581824243 0.032419734 -0.181948334 -0.792038083
1403638568827829504.000000 -13.354752541 22.829900742 -35.179145813 0.581383526 0.030315464 -0.181964159 -0.792441308
1403638568877829376.000000 -13.506053925 23.000514984 -35.563972473 0.580932677 0.030070068 -0.183143288 -0.792509675
1403638568927829504.000000 -13.717865944 23.052124023 -35.884132385 -0.581377327 -0.031154910 0.180042773 0.792852163
1403638568977829376.000000 -13.864930153 23.229175568 -36.271690369 0.581147254 0.030923134 -0.179598302 -0.793130577
1403638569027829504.000000 -14.010192871 23.408588409 -36.660438538 0.581069410 0.030031655 -0.179079652 -0.793339193
1403638569077829376.000000 -14.154303551 23.590000153 -37.050449371 0.581118405 0.031790670 -0.177833304 -0.793515086
1403638569127829504.000000 -14.296850204 23.773097992 -37.441665649 0.580878019 0.031511851 -0.177518249 -0.793772697
1403638569177829376.000000 -14.438758850 23.957889557 -37.833900452 0.580572903 0.033377312 -0.178187713 -0.793769658
1403638569227829504.000000 -14.580842972 24.144309998 -38.226768494 0.580602288 0.035169248 -0.177384451 -0.793850720
1403638569277829376.000000 -14.724274635 24.332515717 -38.619808197 0.580428541 0.036686707 -0.177602991 -0.793860257
1403638569327829504.000000 -14.869384766 24.522544861 -39.013275146 0.580363691 0.036963239 -0.177304313 -0.793961585
1403638569377829376.000000 -15.016119003 24.714725494 -39.406906128 0.580248594 0.037160829 -0.176811516 -0.794146299
1403638569427829504.000000 -15.231227875 24.733634949 -39.709785461 -0.580580950 -0.036549497 0.175037310 0.794324815
1403638569477829376.000000 -15.380229950 24.932662964 -40.104778290 0.580378115 0.035776120 -0.174336001 -0.794662416
1403638569527829504.000000 -15.530623436 25.133605957 -40.500099182 0.580247819 0.034985244 -0.173472136 -0.794981718
1403638569577829376.000000 -15.681249619 25.336292267 -40.896274567 0.580410719 0.034452856 -0.172386482 -0.795122266
1403638569627829504.000000 -15.762748718 25.739471436 -41.391838074 0.579932749 0.032384351 -0.172951385 -0.795435190
1403638569677829376.000000 -15.911327362 25.945312500 -41.790161133 0.579844594 0.031894300 -0.172562003 -0.795603752
1403638569727829504.000000 -16.059061050 26.151878357 -42.189693451 0.579989135 0.031681631 -0.171252027 -0.795790017
1403638569777829376.000000 -16.205638885 26.360286713 -42.590122223 0.579768717 0.031414870 -0.170731679 -0.796072900
1403638569827829504.000000 -16.351062775 26.569904327 -42.991725922 0.579328299 0.030969076 -0.170182720 -0.796528459
1403638569877829376.000000 -16.495779037 26.780914307 -43.394622803 0.579712212 0.030512035 -0.168090552 -0.796710968
1403638569927829504.000000 -16.771781921 26.557033539 -43.577507019 -0.580815792 -0.030560629 0.168300807 0.795860529
1403638569977829376.000000 -16.916975021 26.770046234 -43.982894897 0.580289185 0.028881140 -0.168597743 -0.796244383
1403638570027829504.000000 -17.073925018 26.934043884 -44.360683441 -0.579792559 -0.027796339 0.168946892 0.796570778
1403638570077829376.000000 -17.227684021 27.124073029 -44.752601624 -0.578945935 -0.026992807 0.170243710 0.796938002
1403638570127829504.000000 -17.383520126 27.315097809 -45.144783020 -0.577477753 -0.025919003 0.172388196 0.797577620
1403638570177829376.000000 -17.541358948 27.507221222 -45.537483215 -0.575722337 -0.024445927 0.174787894 0.798370540
1403638570227829504.000000 -17.701148987 27.700378418 -45.930831909 -0.573837042 -0.022010280 0.177335456 0.799236417
1403638570277829376.000000 -17.863059998 27.894596100 -46.324924469 -0.571582913 -0.019468037 0.181410760 0.800002635
1403638570327829504.000000 -18.026571274 28.090316772 -46.720230103 -0.569474339 -0.016442237 0.186219871 0.800469160
1403638570377829376.000000 -18.192178726 28.287574768 -47.117237091 -0.569180548 -0.014864997 0.189935043 0.799835801
1403638570427829504.000000 -18.361316681 28.486331940 -47.516895294 -0.570590496 -0.011694118 0.194900751 0.797686279
1403638570477829376.000000 -18.530755997 28.687442780 -47.916038513 -0.571825266 -0.008614014 0.202671155 0.794900119
1403638570527829504.000000 -18.705345154 28.889522552 -48.318466187 -0.574833453 -0.001883291 0.212449864 0.790207624
1403638570577829376.000000 -18.880439758 29.094730377 -48.723796844 -0.578455389 0.004874524 0.222974613 0.784632385
1403638570627829504.000000 -19.059434891 29.300922394 -49.132484436 -0.583975852 0.011333914 0.232474387 0.777688563
1403638570677829376.000000 -19.241071701 29.509567261 -49.544864655 -0.591339052 0.017657407 0.239395544 0.769867659
1403638570727829504.000000 -19.425313950 29.722026825 -49.959983826 -0.600103021 0.025505917 0.242751911 0.761772573
1403638570777829376.000000 -19.610916138 29.932544708 -50.382492065 -0.609229207 0.034579020 0.246535435 0.752903998
1403638570827829504.000000 -19.799369812 30.145759583 -50.808414459 -0.619187176 0.042110436 0.247799650 0.743928373
1403638570877829376.000000 -19.990226746 30.360019684 -51.239215851 -0.628926456 0.047974765 0.249002114 0.734947622
1403638570927829504.000000 -20.183916092 30.574916840 -51.675106049 -0.638421595 0.051395591 0.250201255 0.726068676
1403638570977829376.000000 -20.380445480 30.790393829 -52.116325378 -0.647745132 0.053695288 0.251294017 0.717212915
1403638571027829504.000000 -20.579940796 31.006301880 -52.562644958 -0.656084716 0.054340150 0.254382551 0.708441675
1403638571077829376.000000 -20.782733917 31.222316742 -53.013862610 -0.664388657 0.049515627 0.257026374 0.700052440
1403638571127829504.000000 -20.987211227 31.438541412 -53.470401764 -0.672691703 0.042470042 0.259614974 0.691579580
1403638571177829376.000000 -21.191699982 31.654697418 -53.932647705 -0.679881036 0.033687178 0.260731667 0.684577227
1403638571227829504.000000 -21.396539688 31.871334076 -54.400291443 -0.686569035 0.026512630 0.260235548 0.678378701
1403638571277829376.000000 -21.600728989 32.088977814 -54.873336792 -0.692803144 0.020196036 0.258757174 0.672800660
1403638571327829504.000000 -21.804567337 32.307384491 -55.351108551 -0.698024452 0.014903015 0.257181883 0.668129683
1403638571377829376.000000 -22.008041382 32.526863098 -55.833274841 -0.701348305 0.013217196 0.257713944 0.664469302
1403638571427829504.000000 -22.210746765 32.747127533 -56.320102692 -0.704351842 0.012775456 0.257339567 0.661439121
1403638571477829376.000000 -22.413177490 32.968139648 -56.811176300 -0.706481040 0.013567044 0.256571978 0.659447789
1403638571527829504.000000 -22.616287231 33.188377380 -57.306655884 -0.709104180 0.013699434 0.254631996 0.657378256
1403638571577829376.000000 -22.821268082 33.411796570 -57.806045532 -0.711874843 0.013046261 0.254748851 0.654344738
1403638571627829504.000000 -23.029111862 33.635169983 -58.308563232 -0.714800656 0.011905400 0.256112158 0.650634229
1403638571677829376.000000 -23.239999771 33.857948303 -58.814479828 -0.717830539 0.010154523 0.259281367 0.646056831
1403638571727829504.000000 -23.457559586 34.085350037 -59.322319031 -0.721718967 0.007173216 0.262469381 0.640453100
1403638571777829376.000000 -23.673780441 34.310401917 -59.835357666 -0.725985050 0.005348934 0.266157329 0.634095788
1403638571827829504.000000 -23.895896912 34.538909912 -60.350605011 -0.730533123 0.004058556 0.270180404 0.627142310
1403638571877829376.000000 -24.118776321 34.767875671 -60.870086670 -0.735251129 0.004529194 0.274952084 0.619505227
1403638571927829504.000000 -24.342803955 34.997940063 -61.393981934 -0.740577459 0.005613905 0.278994650 0.611290097
1403638571977829376.000000 -24.567228317 35.229187012 -61.922500610 -0.745932221 0.007262977 0.283232361 0.602753520
1403638572027829504.000000 -24.791706085 35.461212158 -62.455905914 -0.751626194 0.007943790 0.286314487 0.594154060
1403638572077829376.000000 -25.016046524 35.694328308 -62.994239807 -0.756986618 0.009723702 0.289757729 0.585591316
1403638572127829504.000000 -25.240533829 35.928085327 -63.537788391 -0.763368487 0.009634181 0.290758014 0.576745689
1403638572177829376.000000 -25.465034485 36.161872864 -64.086166382 -0.770367563 0.007430166 0.290399075 0.567580044
1403638572227829504.000000 -25.690645218 36.396537781 -64.638877869 -0.776534855 0.004768827 0.292038500 0.558287084
1403638572277829376.000000 -25.918308258 36.631874084 -65.195686340 -0.782121599 0.001995987 0.295237362 0.548741162
1403638572327829504.000000 -26.148860931 36.868309021 -65.756393433 -0.787889719 -0.000544604 0.298474699 0.538648725
1403638572377829376.000000 -26.382423401 37.106193542 -66.321044922 -0.793605626 -0.002942813 0.301784843 0.528306186
1403638572427829504.000000 -26.618701935 37.345420837 -66.889625549 -0.799052656 -0.006136041 0.303917319 0.518759668
1403638572477829376.000000 -26.857366562 37.586120605 -67.461860657 -0.803960621 -0.009604929 0.304509848 0.510713995
1403638572527829504.000000 -27.098102570 37.828521729 -68.037986755 -0.807987630 -0.012027815 0.305447131 0.503699839
1403638572577829376.000000 -27.340152740 38.073013306 -68.618110657 -0.811816275 -0.013423683 0.304554671 0.498016685
1403638572627829504.000000 -27.583774567 38.319328308 -69.202354431 -0.814139187 -0.014706058 0.304981023 0.493910730
1403638572677829376.000000 -27.827610016 38.567489624 -69.791152954 -0.816074550 -0.016203240 0.305215448 0.490513384
1403638572727829504.000000 -28.070762634 38.816238403 -70.385963440 -0.817713082 -0.020170746 0.304289013 0.488207698
1403638572777829376.000000 -28.313562393 39.066925049 -70.985389709 -0.818700492 -0.024279760 0.303463221 0.486877888
1403638572827829504.000000 -28.555845261 39.319885254 -71.589210510 -0.819026053 -0.027724359 0.303437322 0.486162096
1403638572877829376.000000 -28.797418594 39.575920105 -72.197685242 -0.818958819 -0.030634377 0.303718448 0.485925078
1403638572927829504.000000 -29.039363861 39.835105896 -72.809967041 -0.818472683 -0.031558152 0.304133475 0.486425221
1403638572977829376.000000 -29.282943726 40.095771790 -73.426071167 -0.817907929 -0.034219626 0.304487765 0.486973286
1403638573027829504.000000 -29.531425476 40.359748840 -74.042938232 -0.817187130 -0.035377715 0.305171967 0.487671763
1403638573077829376.000000 -29.780158997 40.626670837 -74.664657593 -0.816287339 -0.036571350 0.305405557 0.488942683
1403638573127829504.000000 -30.018823624 40.909347534 -75.279800415 -0.817988217 -0.035573840 0.301842600 0.488386005
1403638573177829376.000000 -30.267860413 41.178085327 -75.911254883 -0.817135513 -0.035504878 0.302005291 0.489716113
1403638573227829504.000000 -30.518638611 41.449363708 -76.546264648 -0.816306591 -0.035475709 0.301570743 0.491365731
1403638573277829376.000000 -30.771329880 41.722785950 -77.184722900 -0.815190196 -0.036009099 0.301993161 0.492918313
1403638573327829504.000000 -31.025049210 41.999114990 -77.827178955 -0.814543128 -0.035568032 0.301143199 0.494537413
1403638573377829376.000000 -31.279064178 42.277717590 -78.475143433 -0.814006448 -0.036464565 0.302116573 0.494762123
1403638573427829504.000000 -31.535814285 42.559661865 -79.123603821 -0.814260423 -0.038111601 0.302134126 0.494209081
1403638573477829376.000000 -31.791839600 42.843696594 -79.777633667 -0.814929724 -0.039109662 0.301253170 0.493565023
1403638573527829504.000000 -32.062614441 43.156715393 -80.394020081 -0.816015184 -0.039632529 0.300311387 0.492302388
1403638573577829376.000000 -32.297229767 43.421035767 -81.105674744 -0.815347791 -0.040393282 0.300815076 0.493038386
1403638573627829504.000000 -32.568122864 43.737709045 -81.727539062 -0.816343427 -0.040211130 0.299946368 0.491933703
1403638573677829376.000000 -32.821098328 44.031600952 -82.399810791 -0.816918254 -0.042735759 0.300028473 0.490715086
1403638573727829504.000000 -33.075069427 44.328102112 -83.075622559 -0.818353713 -0.043093890 0.299682587 0.488498241
1403638573777829376.000000 -33.340698242 44.644660950 -83.713333130 -0.821652174 -0.042962618 0.296860337 0.484681278
1403638573827829504.000000 -33.598468781 44.949401855 -84.387313843 -0.826183558 -0.041178811 0.292275488 0.479895949
1403638573877829376.000000 -33.859878540 45.257637024 -85.062652588 -0.831497848 -0.039243691 0.287764639 0.473564029
1403638573927829504.000000 -34.121406555 45.564613342 -85.743225098 -0.837416589 -0.035339613 0.283418179 0.466003060
1403638573977829376.000000 -34.386871338 45.874649048 -86.424819946 -0.843107224 -0.028103523 0.281353325 0.457406610
1403638574027829504.000000 -34.654712677 46.188415527 -87.107307434 -0.848608911 -0.018637227 0.281096220 0.447772890
1403638574077829376.000000 -34.920471191 46.498519897 -87.798469543 -0.854104578 -0.008254657 0.281709164 0.437123865
1403638574127829504.000000 -35.208232880 46.808639526 -88.472183228 -0.859773993 0.002025792 0.281905830 0.425809443
1403638574177829376.000000 -35.480918884 47.128089905 -89.159896851 -0.865154445 0.012107651 0.283343107 0.413615704
1403638574227829504.000000 -35.758110046 47.435264587 -89.856582642 -0.870675743 0.019102089 0.283979952 0.401141375
1403638574277829376.000000 -36.028259277 47.730026245 -90.571121216 -0.876159072 0.025365312 0.283965319 0.388671488
1403638574327829504.000000 -36.305946350 48.038040161 -91.274909973 -0.881065130 0.026811952 0.286046326 0.375743121
1403638574377829376.000000 -36.588317871 48.344413757 -91.977645874 -0.885624468 0.026468365 0.288570940 0.362898886
1403638574427829504.000000 -36.872802734 48.649253845 -92.683914185 -0.890310228 0.024712553 0.290187687 0.350040317
1403638574477829376.000000 -37.156524658 48.956302643 -93.397140503 -0.894307017 0.023788158 0.292974323 0.337365210
1403638574527829504.000000 -37.442192078 49.250099182 -94.121490479 -0.897867560 0.023132944 0.294649780 0.326313108
1403638574577829376.000000 -37.722976685 49.553581238 -94.845962524 -0.900891185 0.023172745 0.295550555 0.317030013
1403638574627829504.000000 -38.015579224 49.841381073 -95.565902710 -0.903996825 0.022058651 0.294542879 0.309107929
1403638574677829376.000000 -38.305305481 50.114109039 -96.294471741 -0.907109618 0.019008540 0.293476254 0.301102281
1403638574727829504.000000 -38.589241028 50.404754639 -97.028503418 -0.909497678 0.014119331 0.292125583 0.295427442
1403638574777829376.000000 -38.871078491 50.696975708 -97.768280029 -0.910651624 0.007724657 0.293015927 0.291197062
1403638574827829504.000000 -39.156307220 50.982975006 -98.507400513 -0.911255419 0.003674044 0.294756114 0.287609011
1403638574877829376.000000 -39.441581726 51.270759583 -99.252029419 -0.910883844 0.001797584 0.298165798 0.285279930
1403638574927829504.000000 -39.729690552 51.555286407 -100.001091003 -0.910079777 -0.000381967 0.301685125 0.284149140
1403638574977829376.000000 -40.020683289 51.840095520 -100.753105164 -0.909416199 -0.002068462 0.304112434 0.283678561
1403638575027829504.000000 -40.327514648 52.132141113 -101.495269775 -0.908240318 0.000342806 0.307352304 0.283961475
1403638575077829376.000000 -40.633331299 52.422149658 -102.245086670 -0.906967700 0.004563373 0.310476214 0.284593463
1403638575127829504.000000 -40.938335419 52.708206177 -103.001350403 -0.906198680 0.008757084 0.311921835 0.285363048
1403638575177829376.000000 -41.246162415 52.993217468 -103.761131287 -0.905416965 0.012394465 0.313132852 0.286381662
1403638575227829504.000000 -41.539546967 53.268108368 -104.538421631 -0.905063808 0.015085950 0.313028574 0.287480742
1403638575277829376.000000 -41.807350159 53.537841797 -105.334716797 -0.905938387 0.020756982 0.311883658 0.285610676
1403638575327829504.000000 -42.113529205 53.815002441 -106.112495422 -0.905234814 0.021002781 0.313066155 0.286528200
1403638575377829376.000000 -42.424552917 54.088100433 -106.893310547 -0.903926313 0.018974138 0.315445691 0.288186342
1403638575427829504.000000 -42.741855621 54.360843658 -107.675750732 -0.902463675 0.016994739 0.318080366 0.289992154
1403638575477829376.000000 -43.061496735 54.632900238 -108.462440491 -0.901626229 0.013466253 0.318944156 0.291827857
1403638575527829504.000000 -43.378593445 54.901786804 -109.260398865 -0.900495350 0.012456004 0.320346653 0.293821514
1403638575577829376.000000 -43.694595337 55.162536621 -110.061134338 -0.899758339 0.008088178 0.320873618 0.295651317
1403638575627829504.000000 -44.010242462 55.441402435 -110.860984802 -0.899188459 0.002588824 0.320987165 0.297356367
1403638575677829376.000000 -44.305988312 55.730003357 -111.677108765 -0.899967551 -0.000402109 0.319553733 0.296553135
1403638575727829504.000000 -44.627033234 55.995986938 -112.485374451 -0.898973882 -0.005173887 0.320784211 0.298189223
1403638575777829376.000000 -44.942008972 56.258216858 -113.311302185 -0.898169279 -0.009863291 0.321938753 0.299249381
1403638575827829504.000000 -45.257049561 56.520992279 -114.141006470 -0.897215843 -0.013690239 0.323247582 0.300545305
1403638575877829376.000000 -45.570556641 56.785175323 -114.976127625 -0.896636248 -0.015259446 0.323521256 0.301901668
1403638575927829504.000000 -45.883602142 57.065544128 -115.799148560 -0.896637976 -0.014690100 0.323453903 0.301996946
1403638575977829376.000000 -46.195735931 57.335933685 -116.638931274 -0.897127569 -0.014342253 0.322057962 0.302051753
1403638576027829504.000000 -46.506504059 57.598369598 -117.490051270 0.896836936 0.014666055 -0.321846157 -0.303123057
1403638576077829376.000000 -46.822879791 57.847282410 -118.364517212 0.895941317 0.015819203 -0.321957648 -0.305585116
1403638576127829504.000000 -47.135921478 58.114261627 -119.223304749 0.895964801 0.015311091 -0.321680903 -0.305833429
1403638576177829376.000000 -47.443946838 58.417686462 -120.040634155 -0.898853362 -0.012738792 0.316675842 0.302682728
1403638576227829504.000000 -47.754310608 58.679229736 -120.912315369 0.899225652 0.014261629 -0.315306067 -0.302938968
1403638576277829376.000000 -48.076900482 58.959712982 -121.765899658 -0.900309861 -0.016055064 0.312861174 0.302162796
1403638576327829504.000000 -48.391845703 59.220867157 -122.646217346 0.900762439 0.018832712 -0.311176896 -0.302392602
1403638576377829376.000000 -48.709770203 59.482597351 -123.530250549 0.901108503 0.021473158 -0.309949130 -0.302446783
1403638576427829504.000000 -49.030643463 59.745147705 -124.417587280 0.900964677 0.024424687 -0.310057700 -0.302539825
1403638576477829376.000000 -49.354194641 60.008720398 -125.308753967 0.901265264 0.028114744 -0.308740884 -0.302671015
1403638576527829504.000000 -49.707687378 60.320613861 -126.139114380 -0.901678383 -0.033874232 0.307713509 0.301895827
1403638576577829376.000000 -50.034950256 60.585525513 -127.036552429 0.901560664 0.037671629 -0.307698607 -0.301812679
1403638576627829504.000000 -50.364456177 60.851932526 -127.937355042 0.901593626 0.040810671 -0.307090610 -0.301925421
1403638576677829376.000000 -50.696170807 61.119968414 -128.841156006 0.901780009 0.042139344 -0.306026995 -0.302265882
1403638576727829504.000000 -51.029884338 61.389938354 -129.748184204 0.902598202 0.041769557 -0.303038180 -0.302885652
1403638576777829376.000000 -51.347164154 61.622928619 -130.710479736 0.903383851 0.041537546 -0.299442828 -0.304148406
1403638576827829504.000000 -51.741050720 61.983276367 -131.488723755 -0.905597329 -0.038547862 0.293551594 0.303702414
1403638576877829376.000000 -52.080585480 62.256088257 -132.403839111 0.906435490 0.035386648 -0.290743798 -0.304287195
1403638576927829504.000000 -52.422447205 62.530124664 -133.321685791 0.907180190 0.030106943 -0.288499624 -0.304771632
1403638576977829376.000000 -52.766227722 62.804920197 -134.241897583 0.907523751 0.024396025 -0.287248611 -0.305440307
1403638577027829504.000000 -53.111618042 63.080135345 -135.164840698 0.907125413 0.020217089 -0.288171023 -0.306059390
1403638577077829376.000000 -53.431045532 63.306865692 -136.164062500 0.906656086 0.016149051 -0.289307356 -0.306619167
1403638577127829504.000000 -53.777244568 63.582637787 -137.093170166 0.906567037 0.012875358 -0.289226890 -0.307113022
1403638577177829376.000000 -54.122833252 63.858257294 -138.025863647 0.906270206 0.010200174 -0.289748996 -0.307596892
1403638577227829504.000000 -54.468173981 64.133804321 -138.962173462 0.906031609 0.009138525 -0.290247679 -0.307862937
1403638577277829376.000000 -54.832065582 64.455978394 -139.832626343 0.906319320 0.011188236 -0.289040506 -0.308084130
1403638577327829504.000000 -55.240612030 64.789184570 -140.617721558 -0.907139838 -0.015003893 0.286519140 0.307861894
1403638577377829376.000000 -55.578926086 65.059310913 -141.564331055 0.907401800 0.021750504 -0.284902990 -0.308187008
1403638577427829504.000000 -55.916912079 65.329353333 -142.514053345 0.907369554 0.025924260 -0.284211636 -0.308597237
1403638577477829376.000000 -56.255153656 65.599922180 -143.467117310 0.907717586 0.028407225 -0.282704979 -0.308738947
1403638577527829504.000000 -56.531341553 65.781082153 -144.544326782 0.906527460 0.027222037 -0.285322905 -0.309932023
1403638577577829376.000000 -56.876579285 66.053176880 -145.501525879 0.906051517 0.026471484 -0.286442757 -0.310355574
1403638577627829504.000000 -57.283782959 66.414245605 -146.341476440 0.906113029 0.023881016 -0.286100328 -0.310701698
1403638577677829376.000000 -57.574798584 66.597473145 -147.423095703 0.905015826 0.022572616 -0.288564861 -0.311716497
1403638577727829504.000000 -57.982517242 66.957199097 -148.270462036 0.905141771 0.021919850 -0.288017333 -0.311903834
1403638577777829376.000000 -58.284595490 67.142051697 -149.355606079 0.903986931 0.019922625 -0.290452749 -0.313126177
1403638577827829504.000000 -58.781402588 67.576011658 -150.044570923 -0.904366016 -0.019698761 0.288877875 0.313502401
1403638577877829376.000000 -59.138900757 67.849044800 -151.019256592 0.904208183 0.019652478 -0.288561672 -0.314250886
1403638577927829504.000000 -59.498199463 68.122161865 -151.996887207 0.903968751 0.019680902 -0.288344294 -0.315136194
1403638577977829376.000000 -59.857776642 68.395370483 -152.977844238 0.903971612 0.020635622 -0.287404746 -0.315924287
1403638578027829504.000000 -60.217308044 68.668853760 -153.962478638 0.903878629 0.020278528 -0.286835879 -0.316729277
1403638578077829376.000000 -60.575942993 68.942825317 -154.950973511 0.903545678 0.018405613 -0.286926955 -0.317709595
1403638578127829504.000000 -60.934123993 69.216812134 -155.943344116 0.903202057 0.015892193 -0.286915064 -0.318831176
1403638578177829376.000000 -61.292034149 69.490859985 -156.939651489 0.902571142 0.010554659 -0.288007766 -0.319852442
1403638578227829504.000000 -61.555877686 69.570075989 -158.231643677 0.900736094 0.003106207 -0.292384624 -0.321210414
1403638578277829376.000000 -61.980800629 69.898300171 -159.211791992 0.898792565 -0.001780103 -0.295737475 -0.323586464
1403638578327829504.000000 -62.460472107 70.352920532 -159.757095337 -0.900473177 0.005997474 0.291922599 0.322325021
1403638578377829376.000000 -62.821498871 70.623580933 -160.768508911 0.900485694 -0.006809341 -0.291523188 -0.322635233
1403638578427829504.000000 -63.206108093 70.899940491 -161.741470337 -0.900243223 0.006791379 0.291861951 0.323005855
1403638578477829376.000000 -63.573429108 71.169006348 -162.757888794 0.900294483 -0.007018226 -0.291507900 -0.323177606
1403638578527829504.000000 -63.943569183 71.436851501 -163.777526855 0.900082707 -0.007295543 -0.291987628 -0.323328286
1403638578577829376.000000 -64.315765381 71.703392029 -164.800704956 0.900125802 -0.007451579 -0.291797698 -0.323376358
1403638578627829504.000000 -64.690238953 71.968719482 -165.827453613 0.900405586 -0.007477188 -0.290810645 -0.323485881
1403638578677829376.000000 -65.066970825 72.232711792 -166.857818604 0.900691330 -0.005821359 -0.289828300 -0.323606193
1403638578727829504.000000 -65.445877075 72.495468140 -167.891784668 0.901006103 -0.002505501 -0.288725972 -0.323757887
1403638578777829376.000000 -65.826812744 72.757133484 -168.929016113 0.901482821 0.001482719 -0.287104011 -0.323879480
1403638578827829504.000000 -66.209854126 73.018043518 -169.969116211 0.901436806 0.006334269 -0.286815256 -0.324204534
1403638578877829376.000000 -66.594505310 73.278587341 -171.012908936 0.902096272 0.008918070 -0.284401387 -0.324435949
1403638578927829504.000000 -67.075546265 73.554580688 -171.847915649 -0.902070224 -0.010870650 0.283465475 0.325266838
1403638578977829376.000000 -67.461769104 73.816345215 -172.895614624 0.902109325 0.012343151 -0.282339275 -0.326084465
1403638579027829504.000000 -67.847137451 74.078063965 -173.947418213 0.902012169 0.013384636 -0.281807929 -0.326770902
1403638579077829376.000000 -68.230949402 74.339965820 -175.003540039 0.901739299 0.013375303 -0.281746238 -0.327576697
1403638579127829504.000000 -68.613220215 74.602081299 -176.064178467 0.901708663 0.013789824 -0.280955672 -0.328321934
1403638579177829376.000000 -68.911514282 74.849304199 -177.315582275 0.901629508 0.013715299 -0.281234384 -0.328303933
1403638579227829504.000000 -69.294265747 75.108650208 -178.382278442 0.901430070 0.013532053 -0.281114668 -0.328961045
1403638579277829376.000000 -69.758636475 75.384635925 -179.264572144 0.900776029 0.010608119 -0.281670332 -0.330381364
1403638579327829504.000000 -70.059997559 75.625862122 -180.525741577 0.900519073 0.008902479 -0.282296568 -0.330597848
1403638579377829376.000000 -70.445098877 75.883865356 -181.602569580 0.899485052 0.002187954 -0.284798652 -0.331378579
1403638579427829504.000000 -70.999153137 76.140380859 -182.275741577 -0.898757815 0.002878867 0.284885317 0.333266407
1403638579477829376.000000 -71.389549255 76.399024963 -183.350357056 0.898141682 -0.007801962 -0.285935074 -0.333948880
1403638579527829504.000000 -71.782577515 76.656646729 -184.428009033 0.897523701 -0.011130836 -0.285899460 -0.335542709
1403638579577829376.000000 -72.177383423 76.913215637 -185.509246826 0.897807121 -0.013919509 -0.281339467 -0.338521510
1403638579627829504.000000 -72.574630737 77.168434143 -186.593612671 0.898025692 -0.016390584 -0.274936229 -0.343061775
1403638579677829376.000000 -72.974212646 77.422515869 -187.680786133 0.897338569 -0.016497508 -0.268650919 -0.349768698
1403638579727829504.000000 -73.376121521 77.675109863 -188.770294189 0.895671785 -0.013742728 -0.262750417 -0.358532429
1403638579777829376.000000 -73.780281067 77.926437378 -189.861877441 0.892437696 -0.010711014 -0.258294433 -0.369762480
1403638579827829504.000000 -74.077926636 78.154937744 -191.209793091 0.887706101 -0.005109727 -0.257979959 -0.381311059
1403638579877829376.000000 -74.488830566 78.401123047 -192.305267334 0.881348431 0.000821962 -0.257498205 -0.396129936
1403638579927829504.000000 -75.077560425 78.628005981 -192.985580444 -0.873774230 -0.004211662 0.255401164 0.413849264
1403638579977829376.000000 -75.490425110 78.878356934 -194.082962036 0.865659833 0.006701603 -0.253383636 -0.431723356
1403638580027829504.000000 -75.904327393 79.128219604 -195.182403564 0.858004332 0.007019065 -0.246110842 -0.450786859
1403638580077829376.000000 -76.319015503 79.377288818 -196.283905029 0.849842429 0.006176296 -0.236856371 -0.470774800
1403638580127829504.000000 -76.946716309 79.746368408 -197.675003052 0.839287877 0.003239552 -0.233415037 -0.491022259
1403638580177829376.000000 -77.376663208 79.990997314 -198.774627686 0.828398824 0.002459484 -0.226290345 -0.512388587
1403638580227829504.000000 -77.808235168 80.234436035 -199.875335693 0.816159725 0.001448005 -0.221018538 -0.533883989
1403638580277829376.000000 -78.241882324 80.476455688 -200.977157593 0.803058624 0.001464331 -0.218069360 -0.554563344
1403638580327829504.000000 -78.677406311 80.717285156 -202.080429077 0.789460719 0.001617973 -0.217905372 -0.573817492
1403638580377829376.000000 -79.114715576 80.956832886 -203.185607910 0.776517689 0.000302842 -0.219396889 -0.590665162
1403638580427829504.000000 -79.333892822 81.011901855 -203.868194580 -0.765552759 -0.000092579 0.217668101 0.605433464
1403638580477829376.000000 -79.762954712 81.251647949 -204.978988647 0.755790651 -0.000488851 -0.219594806 -0.616894186
1403638580527829504.000000 -80.193298340 81.491088867 -206.092346191 0.747467995 -0.002061148 -0.220801532 -0.626525402
1403638580577829376.000000 -80.625030518 81.730239868 -207.208190918 0.739968896 -0.001815624 -0.221160248 -0.635240853
1403638580627829504.000000 -81.057968140 81.968872070 -208.326248169 0.731886804 -0.000598352 -0.222485840 -0.644081891
1403638580677829376.000000 -81.491073608 82.207138062 -209.447082520 0.723861098 0.002976389 -0.223350063 -0.652787209
1403638580727829504.000000 -81.923553467 82.445816040 -210.570892334 0.716011405 0.006923391 -0.224024102 -0.661130130
1403638580777829376.000000 -82.354721069 82.684082031 -211.698150635 0.710016012 0.011507770 -0.223431349 -0.667699993
1403638580827829504.000000 -82.785003662 82.922012329 -212.828536987 0.705057919 0.014804493 -0.223013923 -0.673007429
1403638580877829376.000000 -83.214332581 83.159927368 -213.961853027 0.701213717 0.019070670 -0.222060010 -0.677218616
1403638580927829504.000000 -83.693389893 83.314331055 -214.948532104 -0.698898017 -0.018783985 0.221204251 0.679895163
1403638580977829376.000000 -84.119918823 83.551620483 -216.084320068 0.696217656 0.017671032 -0.222452268 -0.682263732
1403638581027829504.000000 -84.503578186 83.868057251 -217.331497192 0.694126248 0.018262109 -0.222528577 -0.684351087
1403638581077829376.000000 -84.928627014 84.109039307 -218.472290039 0.693231583 0.018728347 -0.222458452 -0.685267508
1403638581127829504.000000 -85.352653503 84.351058960 -219.615905762 0.693304479 0.019665821 -0.220869482 -0.685681283
1403638581177829376.000000 -85.776107788 84.594467163 -220.761962891 0.693540752 0.020248355 -0.219911590 -0.685733318
1403638581227829504.000000 -86.200485229 84.838150024 -221.909881592 0.693960130 0.021591477 -0.219273165 -0.685472488
1403638581277829376.000000 -86.626342773 85.082168579 -223.059753418 0.695115864 0.022892568 -0.217909724 -0.684693575
1403638581327829504.000000 -87.053237915 85.327606201 -224.211395264 0.695876658 0.023389714 -0.217715621 -0.683965266
1403638581377829376.000000 -87.479896545 85.573577881 -225.365173340 0.697025299 0.023105523 -0.216294840 -0.683255851
1403638581427829504.000000 -87.988090515 85.659393311 -226.283126831 -0.699113548 -0.021658348 0.213892207 0.681924760
1403638581477829376.000000 -88.413841248 85.903594971 -227.435791016 0.700237691 0.020561589 -0.213095352 -0.681054175
1403638581527829504.000000 -88.838768005 86.148681641 -228.590728760 0.701102734 0.021321455 -0.213536933 -0.680001795
1403638581577829376.000000 -89.263328552 86.394836426 -229.747680664 0.702122808 0.021713544 -0.212951377 -0.679119945
1403638581627829504.000000 -89.688865662 86.642517090 -230.906158447 0.703679323 0.020240191 -0.210717514 -0.678250611
1403638581677829376.000000 -90.092285156 86.943847656 -232.140914917 0.704968452 0.019653581 -0.208568633 -0.677593112
1403638581727829504.000000 -90.523597717 87.192932129 -233.301376343 0.706322134 0.017116334 -0.205955729 -0.677051306
1403638581777829376.000000 -90.978782654 87.389801025 -234.389404297 0.707331777 0.014783175 -0.204686552 -0.676436782
1403638581827829504.000000 -91.413528442 87.639801025 -235.552764893 0.707994938 0.014826204 -0.203585327 -0.676074326
1403638581877829376.000000 -91.832168579 87.942779541 -236.789855957 0.708622396 0.013053337 -0.202111870 -0.675895512
1403638581927829504.000000 -92.331558228 88.072052002 -237.786010742 -0.709825397 -0.006596062 0.195368484 0.676709473
1403638581977829376.000000 -92.770446777 88.325164795 -238.949401855 0.711025953 0.003111044 -0.190840974 -0.676765978
1403638582027829504.000000 -93.210586548 88.577667236 -240.114166260 0.711015224 0.003016450 -0.190818235 -0.676784158
1403638582077829376.000000 -93.650283813 88.830139160 -241.280761719 0.709969759 0.005041144 -0.194093853 -0.676938117
1403638582127829504.000000 -94.053909302 89.124694824 -242.515960693 0.709433794 0.011443527 -0.199312404 -0.675904810
1403638582177829376.000000 -94.490463257 89.373718262 -243.687408447 0.707350373 0.013945939 -0.205045819 -0.676326275
1403638582227829504.000000 -94.925079346 89.623535156 -244.861297607 0.706680834 0.018738341 -0.207336828 -0.676211894
1403638582277829376.000000 -95.357032776 89.874084473 -246.037597656 0.706340015 0.018811142 -0.207189500 -0.676611066
1403638582327829504.000000 -95.786315918 90.125030518 -247.216491699 0.707071006 0.017915031 -0.203588605 -0.676964879
1403638582377829376.000000 -96.245498657 90.352630615 -248.328308105 0.706452191 0.015190135 -0.200717494 -0.678533077
1403638582427829504.000000 -96.711700439 90.496276855 -249.437622070 -0.700814843 -0.010684418 0.192198768 0.686879992
1403638582477829376.000000 -97.130798340 90.780548096 -250.615234375 0.700831175 0.010541723 -0.190946639 -0.687214673
1403638582527829504.000000 -97.523399353 91.112915039 -251.853775024 0.706695676 0.014050435 -0.196399316 -0.679566860
1403638582577829376.000000 -97.943946838 91.369354248 -253.040405273 0.706570029 0.014687673 -0.195519969 -0.679937601
1403638582627829504.000000 -98.362991333 91.626037598 -254.228942871 0.706331372 0.014335286 -0.195477054 -0.680205345
1403638582677829376.000000 -98.780853271 91.882995605 -255.419418335 0.705747783 0.016266564 -0.196549997 -0.680458426
1403638582727829504.000000 -99.197769165 92.140716553 -256.611511230 0.705000877 0.017706212 -0.198607162 -0.680599332
1403638582777829376.000000 -99.624465942 92.539794922 -257.865173340 0.704110503 0.019031564 -0.202216372 -0.680422485
1403638582827829504.000000 -100.043411255 92.797180176 -259.060668945 0.703823030 0.020866010 -0.202887818 -0.680466354
1403638582877829376.000000 -100.463241577 93.055358887 -260.257171631 0.703671396 0.021388529 -0.203451753 -0.680438519
1403638582927829504.000000 -100.929412842 92.926055908 -261.284667969 -0.696906388 -0.016635517 0.195176974 0.689891875
1403638582977829376.000000 -101.344474792 93.219451904 -262.478576660 0.696236193 0.018110899 -0.197224781 -0.689948976
1403638583027829504.000000 -101.678085327 93.937469482 -263.690093994 0.696440279 0.020705383 -0.199820489 -0.688922405
1403638583077829376.000000 -102.099060059 94.229522705 -264.887084961 0.695861578 0.021886736 -0.201756284 -0.688906431
1403638583127829504.000000 -102.522583008 94.522521973 -266.085205078 0.695482671 0.023622405 -0.202587992 -0.688987613
1403638583177829376.000000 -102.948425293 94.817047119 -267.284484863 0.695147872 0.024431739 -0.203557462 -0.689011574
1403638583227829504.000000 -103.376419067 95.113159180 -268.484863281 0.694630980 0.024721457 -0.204919904 -0.689118683
1403638583277829376.000000 -103.806053162 95.410888672 -269.686584473 0.694153965 0.024706062 -0.205544963 -0.689413667
1403638583327829504.000000 -104.237541199 95.709991455 -270.889801025 0.694273174 0.024913877 -0.204405159 -0.689624965
1403638583377829376.000000 -104.671203613 96.010345459 -272.094085693 0.693739772 0.024575664 -0.204627931 -0.690107703
1403638583427829504.000000 -105.273376465 95.400054932 -273.257354736 -0.692792594 -0.024935486 0.204063192 0.691212595
1403638583477829376.000000 -105.707656860 95.704772949 -274.462707520 0.692399681 0.025460124 -0.204246536 -0.691532969
1403638583527829504.000000 -106.140548706 96.010833740 -275.669982910 0.691911757 0.025736813 -0.204615697 -0.691901922
1403638583577829376.000000 -106.571762085 96.318206787 -276.879547119 0.691851318 0.025588738 -0.203978315 -0.692155898
1403638583627829504.000000 -107.002044678 96.626434326 -278.091125488 0.691600144 0.026153263 -0.203606725 -0.692495167
1403638583677829376.000000 -107.431495667 96.935333252 -279.304534912 0.691729367 0.027129902 -0.202355251 -0.692695379
1403638583727829504.000000 -107.861473083 97.245574951 -280.519348145 0.691470027 0.026821725 -0.202239916 -0.692999959
1403638583777829376.000000 -108.293197632 97.557434082 -281.735382080 0.691052318 0.026580341 -0.202128842 -0.693458140
1403638583827829504.000000 -108.727172852 97.870758057 -282.952697754 0.691028118 0.026984185 -0.201285988 -0.693711758
1403638583877829376.000000 -109.163261414 98.185546875 -284.171020508 0.690846145 0.025831638 -0.200682566 -0.694111586
1403638583927829504.000000 -109.684265137 97.957977295 -285.373901367 -0.690440893 -0.025630539 0.200602829 0.694545150
1403638583977829376.000000 -110.125617981 98.272644043 -286.592468262 0.690354109 0.026171152 -0.200130329 -0.694747627
1403638584027829504.000000 -110.568511963 98.588378906 -287.812011719 0.690342546 0.025301592 -0.198824376 -0.695166051
1403638584077829376.000000 -111.012527466 98.905334473 -289.032897949 0.691416442 0.022666255 -0.194213048 -0.695493281
1403638584127829504.000000 -111.457771301 99.223297119 -290.254943848 0.692645073 0.017427582 -0.188511908 -0.695990205
1403638584177829376.000000 -111.904655457 99.542083740 -291.478302002 0.693834126 0.011603395 -0.182537764 -0.696519673
1403638584227829504.000000 -112.353012085 99.861755371 -292.702667236 0.695180833 0.005649349 -0.175896049 -0.696959376
1403638584277829376.000000 -112.804031372 100.181274414 -293.927978516 0.695433080 -0.000427133 -0.172700390 -0.697529376
1403638584327829504.000000 -113.257484436 100.500488281 -295.154510498 0.696071029 -0.001959684 -0.169552922 -0.697662711
1403638584377829376.000000 -113.712875366 100.819305420 -296.381683350 0.695831954 -0.003386476 -0.168772906 -0.698084593
1403638584427829504.000000 -114.244400024 100.569519043 -297.602813721 -0.695551097 0.003301918 0.168688208 0.698385358
1403638584477829376.000000 -114.702682495 100.885894775 -298.831542969 0.695442438 -0.002897139 -0.167682305 -0.698737562
1403638584527829504.000000 -115.013999939 102.262664795 -300.047790527 0.694868505 -0.004244746 -0.168620214 -0.699075878
1403638584577829376.000000 -115.471145630 102.577758789 -301.279785156 0.694671690 -0.002702154 -0.167906538 -0.699450731
1403638584627829504.000000 -115.926666260 102.892395020 -302.513916016 0.693781734 -0.002566933 -0.169390216 -0.699976683
1403638584677829376.000000 -116.380241394 103.206817627 -303.749877930 0.692920566 -0.001299363 -0.171215624 -0.700388908
1403638584727829504.000000 -116.833053589 103.520538330 -304.987701416 0.691670358 0.001614119 -0.173943877 -0.700951636
1403638584777829376.000000 -117.284828186 103.833831787 -306.227416992 0.689728320 0.006786925 -0.179671854 -0.701389313
1403638584827829504.000000 -117.735984802 104.147705078 -307.468994141 0.688010871 0.010967935 -0.184621766 -0.701737583
1403638584877829376.000000 -118.187438965 104.461944580 -308.711914062 0.685570955 0.014787199 -0.191970900 -0.702083409
1403638584927829504.000000 -118.855384827 103.111907959 -309.966674805 -0.684623778 -0.017264320 0.194910243 0.702141225
1403638584977829376.000000 -119.309310913 103.429046631 -311.213256836 0.683786511 0.019342050 -0.197077483 -0.702297986
1403638585027829504.000000 -119.765327454 103.748016357 -312.460968018 0.682928145 0.020575942 -0.198810130 -0.702609658
1403638585077829376.000000 -120.223556519 104.068664551 -313.710296631 0.682951987 0.021234995 -0.198647231 -0.702612936
1403638585127829504.000000 -120.684112549 104.390563965 -314.960723877 0.681999862 0.020254353 -0.200445399 -0.703055918
1403638585177829376.000000 -121.146903992 104.713867188 -316.212799072 0.681579590 0.019719891 -0.200824708 -0.703370392
1403638585227829504.000000 -121.611137390 105.038665771 -317.466491699 0.681719065 0.018659005 -0.199688584 -0.703587651
1403638585277829376.000000 -122.077163696 105.365142822 -318.721466064 0.681770027 0.017592307 -0.198182836 -0.703991354
1403638585327829504.000000 -122.544914246 105.692932129 -319.978088379 0.681957841 0.015860295 -0.196404278 -0.704348922
1403638585377829376.000000 -122.790985107 107.698028564 -321.235351562 0.681707859 0.014808401 -0.195631683 -0.704828680
1403638585427829504.000000 -123.554092407 105.694641113 -322.481079102 -0.681320548 -0.014995848 0.195798725 0.705152750
1403638585477829376.000000 -124.025390625 106.026428223 -323.741424561 0.681080461 0.015342676 -0.195968568 -0.705329955
1403638585527829504.000000 -124.138717651 109.177581787 -324.937072754 0.680601656 0.016745334 -0.196269453 -0.705676556
1403638585577829376.000000 -124.607574463 109.513336182 -326.201843262 0.679631650 0.017753368 -0.197745249 -0.706174612
1403638585627829504.000000 -125.075500488 109.850280762 -327.469085693 0.679120362 0.019543566 -0.198247552 -0.706478298
1403638585677829376.000000 -125.542655945 110.188476562 -328.738708496 0.678397119 0.021810271 -0.199682191 -0.706702709
1403638585727829504.000000 -126.300895691 108.368652344 -330.077270508 0.677149773 0.025067259 -0.202600583 -0.706960320
1403638585777829376.000000 -126.765113831 108.710357666 -331.351348877 0.675588965 0.028037831 -0.206666172 -0.707165241
1403638585827829504.000000 -127.227722168 109.055389404 -332.627807617 0.674567521 0.030932838 -0.209227696 -0.707266331
1403638585877829376.000000 -127.689659119 109.403350830 -333.906250000 0.673301160 0.032895897 -0.212311760 -0.707465291
1403638585927829504.000000 -128.278198242 108.388580322 -335.180694580 -0.672534525 -0.033073958 0.214559957 0.707508028
1403638585977829376.000000 -128.738586426 108.733612061 -336.461975098 0.672403097 0.031965781 -0.214675725 -0.707648695
1403638586027829504.000000 -129.199218750 109.081085205 -337.745300293 0.672869742 0.029046072 -0.212563738 -0.707968414
1403638586077829376.000000 -129.661895752 109.430755615 -339.030639648 0.673736274 0.026671141 -0.209978476 -0.708009303
1403638586127829504.000000 -130.126876831 109.782257080 -340.317138672 0.674435258 0.024663437 -0.208280206 -0.707918227
1403638586177829376.000000 -130.594589233 110.135437012 -341.605194092 0.674678564 0.023429951 -0.206508189 -0.708247304
1403638586227829504.000000 -131.064056396 110.490356445 -342.894958496 0.675111294 0.022199439 -0.204664364 -0.708409786
1403638586277829376.000000 -131.535598755 110.846893311 -344.186431885 0.675598085 0.020839272 -0.202495411 -0.708610356
1403638586327829504.000000 -132.009063721 111.204986572 -345.479553223 0.676563621 0.019289393 -0.199111164 -0.708692074
1403638586377829376.000000 -132.484481812 111.564453125 -346.774230957 0.677762747 0.019480269 -0.194462880 -0.708831787
1403638586427829504.000000 -133.011474609 111.252593994 -348.078125000 -0.679290831 -0.019896176 0.189528525 0.708693922
1403638586477829376.000000 -133.490768433 111.607849121 -349.375427246 0.680399001 0.021701518 -0.185426161 -0.708663166
1403638586527829504.000000 -133.971923828 111.963867188 -350.673858643 0.681227565 0.022370154 -0.182291955 -0.708659530
1403638586577829376.000000 -134.410583496 112.929809570 -351.963378906 0.680798948 0.022021692 -0.182837784 -0.708941698
1403638586627829504.000000 -134.895858765 113.287719727 -353.263031006 0.679740787 0.021874219 -0.185270220 -0.709329963
1403638586677829376.000000 -135.383041382 113.646820068 -354.564086914 0.679163098 0.021871399 -0.186509699 -0.709558547
1403638586727829504.000000 -135.872055054 114.007019043 -355.866180420 0.678060830 0.019947397 -0.188836262 -0.710053861
1403638586777829376.000000 -136.363479614 114.368316650 -357.169219971 0.677249432 0.019113712 -0.190218881 -0.710482001
1403638586827829504.000000 -136.856323242 114.730804443 -358.473754883 0.676551402 0.017010534 -0.191121414 -0.710958123
1403638586877829376.000000 -137.351379395 115.094299316 -359.779327393 0.675926924 0.016282951 -0.191048875 -0.711588383
1403638586927829504.000000 -137.935104370 114.204132080 -361.100799561 -0.675887883 -0.016154893 0.190180346 0.711861014
1403638586977829376.000000 -138.437225342 114.508972168 -362.409942627 0.675421536 0.016120207 -0.190400422 -0.712245524
1403638587027829504.000000 -138.940582275 114.814666748 -363.720764160 0.674956739 0.015525404 -0.190536276 -0.712662816
1403638587077829376.000000 -139.444580078 115.120697021 -365.033142090 0.674601436 0.015502326 -0.190916359 -0.712898076
1403638587127829504.000000 -139.947784424 115.427673340 -366.347717285 0.674087942 0.015461265 -0.191385075 -0.713258862
1403638587177829376.000000 -140.449218750 115.735290527 -367.664581299 0.673466563 0.017191099 -0.191846088 -0.713682234
1403638587227829504.000000 -140.949325562 116.043487549 -368.983734131 0.672657788 0.018891020 -0.192642912 -0.714187324
1403638587277829376.000000 -141.447555542 116.352905273 -370.304992676 0.672108233 0.019456355 -0.193427995 -0.714477122
1403638587327829504.000000 -141.945083618 116.663116455 -371.628295898 0.671710074 0.021236731 -0.194308892 -0.714561880
1403638587377829376.000000 -142.442169189 116.973419189 -372.953430176 0.670949161 0.021699965 -0.195050821 -0.715060592
1403638587427829504.000000 -142.945480347 117.222473145 -374.273803711 -0.670477927 -0.021478271 0.196089208 0.715225220
1403638587477829376.000000 -143.443405151 117.529144287 -375.601623535 0.669904828 0.020899041 -0.197281942 -0.715451360
1403638587527829504.000000 -143.943038940 117.836853027 -376.931030273 0.669571161 0.020470191 -0.197208047 -0.715796351
1403638587577829376.000000 -144.444564819 118.145599365 -378.261779785 0.669181764 0.020661926 -0.198383838 -0.715830088
1403638587627829504.000000 -144.948318481 118.455596924 -379.594360352 0.668881834 0.019959031 -0.198518485 -0.716093063
