1403638129895097088.000000 0.175616533 0.593062043 2.989755869 -0.604955316 -0.581207991 -0.375439227 0.394045442
1403638132145096960.000000 0.181845754 0.574234247 3.039320707 -0.565527678 -0.601634383 -0.401775956 0.395967931
1403638132995097088.000000 0.142313927 0.579488993 3.329195499 -0.567941070 -0.533085942 -0.382474661 0.496966302
1403638135945096960.000000 0.181421369 0.646474600 3.120138407 -0.662325203 -0.506543159 -0.429065883 0.347335309
1403638137595097088.000000 0.068866044 0.581045508 2.974713802 -0.654802501 -0.523374021 -0.414377660 0.354407161
1403638137695097088.000000 0.062274158 0.579203188 2.951589823 -0.655441821 -0.523688972 -0.418960482 0.347301066
1403638137795097088.000000 0.057991676 0.575634897 2.934031248 -0.658617914 -0.519060433 -0.421104670 0.345643759
1403638137895097088.000000 0.054427810 0.572173059 2.920475483 -0.660507560 -0.525347710 -0.418955684 0.334986150
1403638137945096960.000000 0.052992955 0.570866525 2.915050983 -0.661207318 -0.531605542 -0.416297466 0.326951057
1403638138195097088.000000 0.051698990 0.569255114 2.903887510 -0.658644438 -0.528644919 -0.421149880 0.330688685
1403638138395097088.000000 0.053780660 0.568105221 2.900343418 -0.654635072 -0.520574093 -0.429498911 0.340567768
1403638138895097088.000000 0.061666556 0.567837894 2.893117428 -0.654196262 -0.520306766 -0.429286152 0.342084020
1403638139395097088.000000 0.068725772 0.568529248 2.887091160 -0.653524935 -0.521154523 -0.429729044 0.341520399
1403638139895097088.000000 0.075022094 0.571074963 2.881900072 -0.653298616 -0.521333396 -0.429607630 0.341832966
1403638140395097088.000000 0.080984443 0.576123059 2.878732681 -0.653217494 -0.521483243 -0.429511845 0.341879815
1403638140895097088.000000 0.084199943 0.582764506 2.875675201 -0.653280020 -0.521379292 -0.429548174 0.341873169
1403638141395097088.000000 0.085970134 0.589715779 2.875126123 -0.653262138 -0.521555960 -0.429442912 0.341770172
1403638141895097088.000000 0.085963301 0.596986115 2.877079248 -0.653329909 -0.521585703 -0.429339588 0.341725081
1403638142395097088.000000 0.083761744 0.605950534 2.880059242 -0.653711975 -0.521144331 -0.429652184 0.341274589
1403638144895097088.000000 0.055700488 0.606591523 2.879560232 -0.654416203 -0.520658672 -0.429277629 0.341137528
1403638145895097088.000000 0.048147164 0.605932772 2.883661985 -0.654833674 -0.520344138 -0.429218769 0.340890139
1403638146395097088.000000 0.047259964 0.606300294 2.884990215 -0.655143261 -0.520062149 -0.429001719 0.340999067
1403638146895097088.000000 0.046923950 0.605912924 2.885458231 -0.655438721 -0.519783735 -0.428932041 0.340943336
1403638147395097088.000000 0.047003984 0.605075181 2.884299755 -0.655662060 -0.519841433 -0.428695887 0.340722740
1403638148095097088.000000 0.054932591 0.637518287 2.925657034 -0.642787218 -0.501787186 -0.454097122 0.358929098
1403638149295097088.000000 0.047917329 0.830049157 3.231595039 -0.631534398 -0.518063962 -0.445350319 0.366656870
1403638151345096960.000000 -0.442614943 1.485752583 3.297796011 -0.546574473 -0.611079395 -0.392752111 0.416634172
1403638151445096960.000000 -0.495167017 1.531106234 3.293670654 -0.532178462 -0.623743355 -0.380047113 0.428129226
1403638151845096960.000000 -0.718286157 1.703581572 3.344749928 -0.492872864 -0.655739665 -0.351599693 0.451064765
1403638152045096960.000000 -0.837908030 1.788293242 3.405681610 -0.489270270 -0.660127878 -0.348922998 0.450664520
1403638153145096960.000000 -1.682965875 2.260230303 3.542795420 -0.461735457 -0.682222962 -0.319981813 0.467957169
1403638153345096960.000000 -1.857119083 2.353952408 3.584331512 -0.449747592 -0.693816662 -0.309760481 0.469461501
1403638153795097088.000000 -2.281645298 2.583275557 3.673893452 -0.387842357 -0.731159449 -0.283489585 0.484373748
1403638154145096960.000000 -2.655989647 2.764670849 3.703166008 -0.364436001 -0.731587768 -0.270470232 0.508735418
1403638154495097088.000000 -3.036599159 2.918131828 3.677237511 -0.356867284 -0.717858016 -0.282030553 0.527052641
1403638154745096960.000000 -3.300302267 2.983284950 3.666192293 -0.354803711 -0.727473974 -0.269240528 0.521924913
1403638154995097088.000000 -3.558828592 3.018174171 3.700409174 -0.336051553 -0.741700113 -0.263750672 0.517093718
1403638155195097088.000000 -3.771386147 3.025040388 3.751706839 -0.317001283 -0.747350037 -0.252890438 0.526331246
1403638155345096960.000000 -3.932069540 3.019666910 3.778771400 -0.304657787 -0.746966720 -0.249595910 0.535655022
1403638155545096960.000000 -4.146561623 2.992841721 3.792102098 -0.284106970 -0.750671327 -0.239471123 0.546286941
1403638156045096960.000000 -4.641624928 2.817252636 3.754456043 -0.212539524 -0.783797383 -0.156158313 0.562230647
1403638156445096960.000000 -4.987953186 2.642896652 3.789488077 -0.155961946 -0.812576294 -0.096893162 0.553179443
1403638156845096960.000000 -5.350508690 2.524492979 3.768065929 -0.146518856 -0.816586077 -0.087970771 0.551344395
1403638157295097088.000000 -5.806944847 2.465648890 3.757390022 -0.155651599 -0.819688320 -0.091979444 0.543528736
1403638157445096960.000000 -5.974576473 2.460360289 3.777665615 -0.148051515 -0.818405330 -0.097284183 0.546652853
1403638157845096960.000000 -6.450304985 2.448969603 3.802252054 -0.091453776 -0.813718915 -0.079004988 0.568555951
1403638158145096960.000000 -6.807710648 2.421609879 3.856142521 -0.054263469 -0.818339109 -0.036078941 0.571029723
1403638158245096960.000000 -6.924217701 2.414018631 3.865698576 -0.049502973 -0.818745077 -0.026514454 0.571404397
1403638158645096960.000000 -7.377229214 2.397863626 3.860768080 -0.032894980 -0.817061782 -0.035819363 0.574495375
1403638158945096960.000000 -7.704679012 2.373294592 3.850973368 -0.046904899 -0.822636425 -0.024252098 0.566110492
1403638159245096960.000000 -8.036510468 2.356532812 3.888505459 -0.053619534 -0.841064990 -0.023289427 0.537765920
1403638159695097088.000000 -8.580003738 2.383780241 3.945415974 -0.072657764 -0.790255487 0.001153901 0.608453691
1403638159795097088.000000 -8.684448242 2.405669451 3.972866058 -0.072720706 -0.788019896 0.002484875 0.611334741
1403638160445096960.000000 -9.136004448 2.636456728 4.349749565 -0.045532502 -0.824598491 -0.027914373 0.563191772
1403638160895097088.000000 -9.424785614 2.805538416 4.640458107 -0.060962208 -0.811845005 -0.021644175 0.580278277
1403638161095097088.000000 -9.545531273 2.896563768 4.746116638 -0.089086838 -0.799082935 -0.038799770 0.593316674
1403638161345096960.000000 -9.663312912 3.026222944 4.858413696 -0.137388095 -0.798595309 -0.079893529 0.580505908
1403638161445096960.000000 -9.703277588 3.079574347 4.899405479 -0.155451611 -0.801984429 -0.092436977 0.569307625
1403638161795097088.000000 -9.842313766 3.276561499 5.007735729 -0.190644443 -0.801666737 -0.108139642 0.556139410
1403638164095097088.000000 -10.257285118 5.360803127 5.588169098 -0.299101412 -0.756623447 -0.185667992 0.550987005
1403638165145096960.000000 -9.870051384 6.463886738 5.871123791 -0.312435389 -0.734122396 -0.210464954 0.564936280
1403638165595097088.000000 -9.557578087 6.899727821 5.834586143 -0.332951665 -0.729954004 -0.218853354 0.555349946
1403638165745096960.000000 -9.434976578 7.040784359 5.806429863 -0.324258894 -0.721214652 -0.235987604 0.564814508
1403638166195097088.000000 -9.011626244 7.387438297 5.744181633 -0.326129109 -0.748606026 -0.230810389 0.529108226
1403638166345096960.000000 -8.873517036 7.489555359 5.788265705 -0.321378529 -0.752242565 -0.231733978 0.526446939
1403638166445096960.000000 -8.783021927 7.553159237 5.837906837 -0.319107831 -0.754095078 -0.232154906 0.524990439
1403638166545096960.000000 -8.694889069 7.614264011 5.887197018 -0.317839950 -0.754403174 -0.230782300 0.525921285
1403638167095097088.000000 -8.251194954 7.956364155 6.023480892 -0.339014202 -0.770094395 -0.190872505 0.505560696
1403638167395097088.000000 -8.059936523 8.222581863 6.110984802 -0.328568667 -0.772068977 -0.205432102 0.503735900
1403638167545096960.000000 -7.984752178 8.374457359 6.158782005 -0.328316152 -0.766149938 -0.207062379 0.512199223
1403638167695097088.000000 -7.916444778 8.534267426 6.191179752 -0.337275296 -0.755029798 -0.202908576 0.524407864
1403638167995097088.000000 -7.770886898 8.885479927 6.220826626 -0.374161959 -0.732942343 -0.213771030 0.526403248
1403638168395097088.000000 -7.514797688 9.409108162 6.305133820 -0.412838638 -0.709956765 -0.255713344 0.510035753
1403638168495097088.000000 -7.443865299 9.544940948 6.338757992 -0.419463366 -0.708693206 -0.269257873 0.499304086
1403638168695097088.000000 -7.304851055 9.819129944 6.384153843 -0.424580842 -0.716698468 -0.288983822 0.471765637
1403638168895097088.000000 -7.188989639 10.097623825 6.400519848 -0.426308304 -0.719848216 -0.294183910 0.462099075
1403638168995097088.000000 -7.142799854 10.239653587 6.400334835 -0.425615013 -0.720443368 -0.293925375 0.461975247
1403638169445096960.000000 -6.989896774 10.889572144 6.336791515 -0.443935305 -0.678079903 -0.278435141 0.515366793
1403638169645096960.000000 -6.892889023 11.175757408 6.305178642 -0.465335339 -0.656569958 -0.298319101 0.513210118
1403638169845096960.000000 -6.759070873 11.445033073 6.300291538 -0.484734446 -0.646502733 -0.338388830 0.482244581
1403638169945096960.000000 -6.686637402 11.571720123 6.311176300 -0.492399544 -0.637833357 -0.363580465 0.467461854
1403638170045096960.000000 -6.615355492 11.691568375 6.328598976 -0.501640618 -0.621714771 -0.385126263 0.462066323
1403638170345096960.000000 -6.414503574 11.998342514 6.349256992 -0.557126999 -0.570227146 -0.407600850 0.445322543
1403638170645096960.000000 -6.198327541 12.239347458 6.338239670 -0.608124852 -0.518061042 -0.423035264 0.427595913
1403638170795097088.000000 -6.075444221 12.337062836 6.355332851 -0.624932289 -0.494272351 -0.437249124 0.417094380
1403638171195097088.000000 -5.692693233 12.502200127 6.382655621 -0.660808921 -0.442956179 -0.470023632 0.382360131
1403638171345096960.000000 -5.536551952 12.528635979 6.379592419 -0.666428983 -0.432055473 -0.475259542 0.378588110
1403638171795097088.000000 -5.020632267 12.468040466 6.348219395 -0.681543708 -0.395279557 -0.488215119 0.375364155
1403638172045096960.000000 -4.695314884 12.324424744 6.348167419 -0.683956921 -0.378143758 -0.502654672 0.369524658
1403638172245096960.000000 -4.419935703 12.145668983 6.357149601 -0.685745239 -0.377533197 -0.507234514 0.360465497
1403638172695097088.000000 -3.791112661 11.589423180 6.235938072 -0.681449473 -0.376290143 -0.508065164 0.368649006
1403638172895097088.000000 -3.503039837 11.269068718 6.137734413 -0.680291593 -0.378647953 -0.504132211 0.373737603
1403638172995097088.000000 -3.356739044 11.089600563 6.082516193 -0.682831466 -0.379766852 -0.496815801 0.377746612
1403638173195097088.000000 -3.051371336 10.698426247 5.954268932 -0.689143896 -0.387910426 -0.482540101 0.376512080
1403638173295097088.000000 -2.892051458 10.489105225 5.881389141 -0.688271880 -0.394578516 -0.483821750 0.369467467
1403638173495097088.000000 -2.556483507 10.055495262 5.714845657 -0.682949722 -0.412936032 -0.494177341 0.344749540
1403638173595097088.000000 -2.377140760 9.837707520 5.622583866 -0.680392325 -0.418031007 -0.499073356 0.336514711
1403638173795097088.000000 -2.040991783 9.399534225 5.424169540 -0.682123423 -0.417315960 -0.498670340 0.334489167
1403638173895097088.000000 -1.881028056 9.178375244 5.325511456 -0.683559895 -0.417767316 -0.497856438 0.332197696
1403638173945096960.000000 -1.800498009 9.066809654 5.279487610 -0.683223605 -0.416636854 -0.498653352 0.333112746
1403638174095097088.000000 -1.566281676 8.725858688 5.150262356 -0.684577525 -0.416261524 -0.497039348 0.333214641
1403638174145096960.000000 -1.480503201 8.610835075 5.111495495 -0.684471130 -0.418058336 -0.497284532 0.330808997
1403638174195097088.000000 -1.395629048 8.495536804 5.072539330 -0.686610043 -0.419000208 -0.494232506 0.329757124
1403638174545096960.000000 -0.902117848 7.699203968 4.757441998 -0.697520018 -0.428392649 -0.476912737 0.320155919
1403638174595097088.000000 -0.828436315 7.590486526 4.715891838 -0.697502911 -0.431677997 -0.476503462 0.316367298
1403638174845096960.000000 -0.490865767 7.063592911 4.528394222 -0.703362584 -0.440554976 -0.467347294 0.304596335
1403638174995097088.000000 -0.292504042 6.770351887 4.436677456 -0.704602301 -0.442041308 -0.466390461 0.301023424
1403638175095097088.000000 -0.161660552 6.586812496 4.383570671 -0.703988612 -0.440954387 -0.468275398 0.301126957
1403638175295097088.000000 0.099804878 6.248556614 4.297585011 -0.705698490 -0.441874593 -0.469027132 0.294533551
1403638175745096960.000000 0.680475652 5.651881218 4.209656715 -0.727217913 -0.460044742 -0.436850309 0.262058854
1403638175945096960.000000 0.937323570 5.483537674 4.173474789 -0.726635575 -0.466965795 -0.435044885 0.254321963
1403638176045096960.000000 1.066150308 5.425158501 4.144758701 -0.718339741 -0.469125509 -0.446390003 0.254254401
1403638176145096960.000000 1.193814039 5.384787083 4.117505550 -0.704240263 -0.466820180 -0.466797799 0.261198074
1403638176495097088.000000 1.590438366 5.312741756 4.062684536 -0.684827983 -0.448019177 -0.497133195 0.288354039
1403638176945096960.000000 1.966906905 5.297493458 4.090228081 -0.690287292 -0.445594758 -0.491328448 0.289041907
1403638177245096960.000000 2.150694132 5.328908920 4.100877762 -0.688821971 -0.450307757 -0.493943363 0.280654848
1403638177745096960.000000 2.348352432 5.460587978 4.004426956 -0.702971399 -0.427134097 -0.479323387 0.306001425
1403638178145096960.000000 2.501565456 5.571734428 3.918171167 -0.697723866 -0.400549471 -0.502867877 0.316014886
1403638178545096960.000000 2.672106981 5.580628872 3.927078247 -0.732408464 -0.336529970 -0.522572935 0.277926356
1403638178945096960.000000 2.855866432 5.494256020 3.891112566 -0.774830937 -0.269062728 -0.526120603 0.224587157
1403638179345096960.000000 3.074278355 5.377559185 3.795460224 -0.796791255 -0.250618547 -0.521031201 0.175614789
1403638179445096960.000000 3.144224644 5.353224754 3.767694950 -0.797394335 -0.234922007 -0.529421449 0.169372082
1403638179795097088.000000 3.403176546 5.267731667 3.671260118 -0.802013755 -0.161989242 -0.558590293 0.136052549
1403638179995097088.000000 3.557659149 5.209362984 3.646477938 -0.812858105 -0.127349615 -0.557662129 0.109803863
1403638180345096960.000000 3.836830854 5.103975296 3.624712944 -0.823049188 -0.102117851 -0.550960958 0.092757910
1403638181195097088.000000 4.671320438 4.870770931 3.542164564 -0.823798180 -0.117209196 -0.545841753 0.098363683
1403638181595097088.000000 5.154943943 4.750839710 3.465061188 -0.805001795 -0.056005981 -0.582243025 0.099139139
1403638181845096960.000000 5.440380573 4.616011143 3.430909634 -0.809820175 -0.017946446 -0.584428430 0.048090369
1403638181945096960.000000 5.554102898 4.553525448 3.433952332 -0.814832270 -0.004566911 -0.579015672 0.027720692
1403638182245096960.000000 5.857591152 4.360531807 3.468694448 0.828644812 -0.026729807 0.559083343 -0.007686584
1403638182595097088.000000 6.233764172 4.115893841 3.515838146 0.836919725 -0.023518655 0.546800256 0.004666919
1403638183045096960.000000 6.792692661 3.797922611 3.631474018 0.827380061 -0.013200122 0.561486483 -0.001001639
1403638183445096960.000000 7.325661182 3.536965609 3.657586098 -0.833818376 0.001990267 -0.551993906 -0.006764350
1403638184145096960.000000 8.315370560 3.209760427 3.715639830 -0.825200796 -0.001178349 -0.564691842 -0.012864739
1403638184595097088.000000 8.955560684 3.097070217 3.771167040 -0.823447347 0.001620834 -0.567234397 -0.013301289
1403638185495097088.000000 10.205956459 3.072907925 3.874781132 -0.816039920 -0.015277741 -0.577387154 -0.021669473
1403638186695097088.000000 11.670144081 3.431029081 4.004093647 -0.819773436 -0.050190270 -0.570103884 0.020837314
1403638187845096960.000000 12.845834732 4.041768551 4.198708534 -0.784936786 -0.196747482 -0.573712409 0.126565844
1403638188345096960.000000 13.123292923 4.345491409 4.235577583 -0.758866251 -0.190801054 -0.610407829 0.122960851
1403638188845096960.000000 13.082546234 4.615008831 4.207820892 -0.752970576 -0.191092089 -0.611853123 0.148845404
1403638189295097088.000000 12.791481972 4.752359867 4.312553883 -0.755003750 -0.231185675 -0.586416483 0.180660293
1403638189645096960.000000 12.483275414 4.802803993 4.383365631 -0.768417716 -0.277912706 -0.542232633 0.195659220
1403638189695097088.000000 12.451514244 4.809718609 4.401032925 -0.770650744 -0.280578613 -0.537013292 0.197458163
1403638189745096960.000000 12.420345306 4.816566467 4.417612553 -0.773422301 -0.282105863 -0.531584740 0.199128032
1403638189795097088.000000 12.390290260 4.823419094 4.432935238 -0.775482297 -0.283519328 -0.527524054 0.199906290
1403638189895097088.000000 12.319156647 4.837319851 4.456019402 -0.779671133 -0.287131250 -0.520213544 0.197601959
1403638189995097088.000000 12.253672600 4.854036331 4.475359440 -0.780586064 -0.288421422 -0.518712759 0.196049839
1403638190095097088.000000 12.193859100 4.873775959 4.491648197 -0.775176883 -0.286650211 -0.526932597 0.198177874
1403638190195097088.000000 12.138283730 4.895512104 4.503282070 -0.767055988 -0.284289777 -0.539387286 0.199664623
1403638190595097088.000000 11.835786819 4.988566399 4.492672443 -0.735032976 -0.314996988 -0.568642855 0.192740440
1403638190645096960.000000 11.800978661 5.002030849 4.490132809 -0.734804332 -0.317186773 -0.566843271 0.195304602
1403638190845096960.000000 11.597723961 5.054453373 4.480254173 -0.737594068 -0.316326201 -0.557603419 0.212064266
1403638190995097088.000000 11.432673454 5.090916634 4.493181705 -0.739815176 -0.314382464 -0.551996291 0.221669510
1403638191245096960.000000 11.160605431 5.153090954 4.537942886 -0.748853445 -0.314294517 -0.538985908 0.223454088
1403638191495097088.000000 10.915010452 5.224004745 4.582085133 -0.759659767 -0.317223102 -0.524812102 0.216469273
1403638191695097088.000000 10.732405663 5.287912369 4.592544556 -0.759153664 -0.319554895 -0.526599884 0.210387722
1403638192195097088.000000 10.277544022 5.506849766 4.566883564 -0.756710052 -0.322216719 -0.530620337 0.204959571
1403638192695097088.000000 9.833950996 5.802971840 4.715273380 -0.739267170 -0.308526427 -0.554358363 0.225792795
1403638193195097088.000000 9.324378014 5.991928577 4.846962929 -0.722298861 -0.296931624 -0.564957619 0.266343683
1403638193695097088.000000 8.728728294 5.919399738 5.064019680 -0.724994659 -0.333442807 -0.547221482 0.252482355
1403638194195097088.000000 8.099353790 5.746186256 5.165456772 -0.732307971 -0.334555984 -0.538430274 0.248777390
1403638194695097088.000000 7.477158546 5.532553196 5.210070610 -0.748248100 -0.336749792 -0.518680215 0.240198329
1403638195145096960.000000 6.973416328 5.357236385 5.232984543 -0.758188903 -0.342258722 -0.505861819 0.228281066
1403638195595097088.000000 6.582942009 5.284811497 5.167148113 -0.754451454 -0.337647855 -0.511570513 0.234718278
1403638195995097088.000000 6.326448441 5.292849541 5.117061615 -0.762030661 -0.342032403 -0.499391466 0.230068013
1403638196495097088.000000 6.113591194 5.400215626 5.190280437 -0.752037704 -0.337272197 -0.514365911 0.236885056
1403638196995097088.000000 5.985322475 5.567469120 5.163831711 -0.757916987 -0.336092234 -0.507570088 0.234470323
1403638197345096960.000000 5.960580826 5.721507549 5.192275047 -0.743627369 -0.339829117 -0.528340161 0.228891149
1403638197645096960.000000 5.931438446 5.864607811 5.282694817 -0.736860871 -0.340207011 -0.537662864 0.228503883
1403638197995097088.000000 5.860920906 6.035700321 5.390949726 -0.728854477 -0.330185056 -0.547487795 0.244961455
1403638198495097088.000000 5.689473152 6.220677853 5.269030571 -0.736074269 -0.338397682 -0.537677228 0.233633935
1403638198895097088.000000 5.470545769 6.354170799 5.118718624 -0.713374436 -0.364254534 -0.565266907 0.197202712
1403638199295097088.000000 5.056225777 6.547044754 5.102483273 -0.716305077 -0.356334418 -0.562646270 0.208235651
1403638199745096960.000000 4.376994133 6.824157715 5.234919071 -0.716142178 -0.370184392 -0.551893055 0.213349447
1403638200145096960.000000 3.655371189 7.111211300 5.348381996 -0.714574516 -0.385102361 -0.528756857 0.247983187
1403638200345096960.000000 3.275966167 7.258357525 5.400900841 -0.689497828 -0.408020556 -0.534662843 0.268789172
1403638200395097088.000000 3.181613207 7.295358181 5.418666840 -0.683540106 -0.414318800 -0.535319567 0.273030788
1403638200845096960.000000 2.228023767 7.618201256 5.629271507 -0.652297199 -0.474642605 -0.521636605 0.277701259
1403638201195097088.000000 1.384658575 7.875443935 5.747018814 -0.661781907 -0.465560257 -0.499568522 0.309402108
1403638201345096960.000000 1.014089823 7.983218670 5.769312859 -0.664058983 -0.462967336 -0.498328954 0.310411513
1403638201395097088.000000 0.891710758 8.018615723 5.773993492 -0.663751245 -0.463325620 -0.499495029 0.308655947
1403638201645096960.000000 0.272496343 8.190444946 5.768146515 -0.662874281 -0.458386511 -0.505422413 0.308265656
1403638201945096960.000000 -0.479793847 8.378172874 5.700466156 -0.664337039 -0.456312239 -0.504915595 0.309024006
1403638202045096960.000000 -0.729346573 8.433036804 5.677719593 -0.661604881 -0.461102873 -0.500857949 0.314331740
1403638202445096960.000000 -1.738586783 8.640577316 5.632854462 -0.669004083 -0.470079333 -0.470753342 0.331436872
1403638202495097088.000000 -1.860622168 8.664760590 5.627807140 -0.668868601 -0.470804632 -0.470086604 0.331626981
1403638202745096960.000000 -2.449368477 8.787451744 5.577484608 -0.671778619 -0.469986200 -0.465162694 0.333841622
1403638203195097088.000000 -3.421057224 8.997424126 5.469625473 -0.666846752 -0.466234088 -0.475013316 0.335117340
1403638203495097088.000000 -4.021207809 9.107050896 5.444313526 -0.664803386 -0.461935401 -0.478222102 0.340522885
1403638203945096960.000000 -4.847893238 9.213212967 5.416082382 -0.666162014 -0.462446809 -0.475542873 0.340925425
1403638204195097088.000000 -5.270103931 9.239115715 5.455173016 -0.671542645 -0.463684797 -0.465166777 0.342996895
1403638204245096960.000000 -5.350855827 9.242652893 5.468076706 -0.674286962 -0.462991595 -0.460940927 0.344251871
1403638204445096960.000000 -5.652875423 9.256335258 5.525741100 -0.689762294 -0.455749035 -0.439321429 0.351450771
1403638204695097088.000000 -5.970756054 9.275761604 5.579278946 -0.685365200 -0.459112197 -0.439307213 0.355668128
1403638204795097088.000000 -6.081397533 9.283770561 5.589196205 -0.675334871 -0.472794801 -0.441479295 0.354237109
1403638204895097088.000000 -6.185786724 9.292163849 5.592916489 -0.657305837 -0.492775440 -0.447040200 0.353944093
1403638204995097088.000000 -6.288138390 9.301353455 5.589409828 -0.638140440 -0.515369654 -0.444145143 0.360424966
1403638205195097088.000000 -6.493855000 9.323704720 5.574058533 -0.589553654 -0.567909956 -0.420524448 0.391234100
1403638205495097088.000000 -6.809332848 9.356731415 5.598753452 -0.493835419 -0.643241346 -0.375453204 0.448778450
1403638205595097088.000000 -6.914834976 9.361660957 5.621900558 -0.465372890 -0.660672069 -0.372880518 0.455961198
1403638205695097088.000000 -7.022836208 9.360397339 5.651534557 -0.441821396 -0.670613348 -0.376423866 0.461927265
1403638205795097088.000000 -7.137218475 9.351971626 5.686178684 -0.424939096 -0.678552449 -0.373903006 0.468177319
1403638205895097088.000000 -7.259009838 9.332842827 5.724412441 -0.411312968 -0.688480139 -0.363634467 0.473905921
1403638205995097088.000000 -7.389560223 9.305614471 5.767134666 -0.398425400 -0.697926521 -0.346981078 0.483487248
1403638206095097088.000000 -7.525464058 9.268861771 5.816035748 -0.383016855 -0.707650125 -0.331511974 0.492574155
1403638206195097088.000000 -7.664964199 9.223608017 5.867627144 -0.366279483 -0.715716720 -0.317946851 0.502492547
1403638206395097088.000000 -7.931162834 9.111860275 5.959315777 -0.341582239 -0.725775421 -0.286770225 0.523769498
1403638206595097088.000000 -8.227221489 8.978845596 6.019000053 -0.336384892 -0.723521590 -0.269623250 0.539133608
1403638206995097088.000000 -8.729591370 8.653009415 6.062331676 -0.316506058 -0.728278339 -0.249528915 0.554229200
1403638207295097088.000000 -9.047147751 8.364765167 6.023957253 -0.305018663 -0.727989376 -0.243172705 0.563792646
1403638207395097088.000000 -9.140416145 8.257837296 5.997542381 -0.294385493 -0.729570925 -0.236497432 0.570203841
1403638207495097088.000000 -9.226248741 8.144363403 5.973472118 -0.278596103 -0.734130740 -0.226653278 0.576250494
1403638207795097088.000000 -9.427227020 7.772632122 5.938532829 -0.253732324 -0.760799766 -0.184778407 0.568032324
1403638208195097088.000000 -9.608263016 7.289545536 5.971303940 -0.250923544 -0.766509473 -0.172037840 0.565600276
1403638208545096960.000000 -9.708074570 6.894041061 5.940472603 -0.249361724 -0.772565544 -0.169645861 0.558731973
1403638208795097088.000000 -9.754288673 6.620405197 5.943324089 -0.227926314 -0.779538095 -0.151698411 0.563345015
1403638209195097088.000000 -9.782749176 6.217132568 5.937322140 -0.209614828 -0.782965720 -0.141936719 0.568225682
1403638209645096960.000000 -9.758964539 5.807554245 5.797136784 -0.211495370 -0.779484749 -0.137088165 0.573480785
1403638209995097088.000000 -9.703227043 5.522914886 5.494987965 -0.206838921 -0.775901198 -0.147859111 0.577349663
1403638210445096960.000000 -9.537960052 5.152433872 5.092333794 -0.205307081 -0.767495990 -0.150558114 0.588329136
1403638210895097088.000000 -9.226626396 4.756069660 4.678776264 -0.209726170 -0.766584158 -0.145850047 0.589144707
1403638211195097088.000000 -8.947376251 4.490613937 4.460105419 -0.213483855 -0.775948226 -0.138229296 0.577253640
1403638211545096960.000000 -8.590975761 4.218005180 4.257973194 -0.235008821 -0.772469699 -0.151835725 0.570094049
1403638211995097088.000000 -8.064052582 3.927295446 3.942177534 -0.333549708 -0.737025559 -0.199435905 0.552958608
1403638212295097088.000000 -7.666243076 3.782694101 3.795972109 -0.388881981 -0.709486306 -0.248875275 0.532410741
1403638212445096960.000000 -7.455348492 3.717658281 3.750742674 -0.415162206 -0.695199490 -0.272463053 0.519713283
1403638212595097088.000000 -7.236606598 3.654078484 3.725122452 -0.442908078 -0.677653730 -0.291762084 0.509404302
1403638212745096960.000000 -7.010306358 3.589536667 3.714355946 -0.470909089 -0.661020637 -0.310720056 0.494721532
1403638212895097088.000000 -6.777444363 3.524186850 3.719257593 -0.499919653 -0.639776945 -0.329342842 0.481974095
1403638212995097088.000000 -6.618661880 3.480226278 3.728523016 -0.520003438 -0.625237823 -0.343083113 0.470072478
1403638213095097088.000000 -6.457669735 3.436941147 3.743969917 -0.540724277 -0.608362675 -0.355914921 0.459169596
1403638213195097088.000000 -6.294824600 3.393928528 3.757819653 -0.564418077 -0.591387689 -0.363316357 0.446871370
1403638213295097088.000000 -6.129117489 3.352537870 3.764975071 -0.590946317 -0.574237585 -0.364850968 0.433494568
1403638213545096960.000000 -5.692565918 3.267277956 3.758239031 -0.649119556 -0.524584174 -0.372055024 0.406239212
1403638213595097088.000000 -5.599557877 3.254631281 3.754606485 -0.652129173 -0.516863525 -0.382601053 0.401492447
1403638213645096960.000000 -5.504867077 3.243040800 3.751507044 -0.651413023 -0.511228681 -0.395966172 0.396884412
1403638213745096960.000000 -5.312372208 3.221561909 3.749323130 -0.646643460 -0.503577471 -0.420352131 0.389314890
1403638213795097088.000000 -5.215211391 3.211545467 3.750311136 -0.644445419 -0.501559913 -0.429544747 0.385511547
1403638213945096960.000000 -4.923075199 3.183496952 3.762024403 -0.641636670 -0.500567675 -0.442581743 0.376637518
1403638214295097088.000000 -4.253358364 3.120813608 3.821881294 -0.651046276 -0.518295050 -0.421943843 0.359822869
1403638214695097088.000000 -3.504862547 3.119155169 3.839531898 -0.632076621 -0.522996008 -0.431841582 0.374789655
1403638215045096960.000000 -2.876544237 3.134874821 3.786659241 -0.618539810 -0.522794425 -0.440275431 0.387623578
1403638215445096960.000000 -2.202416658 3.131299496 3.669545650 -0.614462674 -0.532763422 -0.444285512 0.375778079
1403638215595097088.000000 -1.969280481 3.128917217 3.641212702 -0.612766445 -0.533045411 -0.446959466 0.374976158
1403638216295097088.000000 -1.023148656 3.074327469 3.541666031 -0.624554455 -0.514906704 -0.453302771 0.373255372
1403638216695097088.000000 -0.577849984 3.003513336 3.521546602 -0.624344528 -0.516092837 -0.457656831 0.366595626
1403638217095097088.000000 -0.206949890 2.910664558 3.426891327 -0.639873743 -0.491795719 -0.470243007 0.357169718
1403638219845096960.000000 0.241979942 2.166045904 3.414914131 -0.678511322 -0.433892012 -0.485192984 0.340511352
1403638220295097088.000000 0.188493982 1.933883190 3.368944168 -0.682428718 -0.445735842 -0.480619639 0.323443264
1403638220795097088.000000 0.154393733 1.663185477 3.408909559 -0.679495156 -0.449152112 -0.488781363 0.312476575
1403638221295097088.000000 0.080525219 1.419586539 3.358587503 -0.686567843 -0.446686983 -0.482929856 0.309635460
1403638221795097088.000000 -0.001992635 1.209880590 3.327423096 -0.689336360 -0.438240826 -0.480678499 0.318918020
1403638222245096960.000000 -0.051800955 1.037306547 3.348291397 -0.688803732 -0.447636753 -0.480621338 0.306877643
1403638222745096960.000000 -0.099693760 0.901400149 3.309254646 -0.686914742 -0.444500536 -0.483404934 0.311266840
1403638223245096960.000000 -0.153634235 0.796334267 3.247640848 -0.693506777 -0.444993764 -0.473976403 0.310443699
1403638223695097088.000000 -0.185291991 0.704426944 3.217430592 -0.691302419 -0.437168330 -0.477572709 0.320794404
1403638224095097088.000000 -0.180236489 0.630258799 3.164149284 -0.687323749 -0.451440930 -0.483133793 0.300614446
1403638224345096960.000000 -0.188588336 0.605542183 3.126251936 -0.690424919 -0.451639682 -0.478555650 0.300532162
1403638224745096960.000000 -0.209282964 0.597747862 3.075739861 -0.692161202 -0.448172778 -0.476199657 0.305430889
1403638225245096960.000000 -0.226773083 0.612617314 3.073023796 -0.688365340 -0.444902718 -0.478753626 0.314658225
1403638225745096960.000000 -0.223873392 0.632958114 3.043540716 -0.668522835 -0.439217538 -0.505358756 0.323694050
1403638225895097088.000000 -0.230299801 0.629249632 2.994714260 -0.682802796 -0.449284136 -0.485969722 0.309447289
1403638225995097088.000000 -0.236078382 0.627559364 2.957316637 -0.691014826 -0.452510953 -0.474159747 0.304803044
1403638226495097088.000000 -0.244660914 0.664090276 2.972360134 -0.692848086 -0.457922369 -0.468507409 0.301279724
1403638226995097088.000000 -0.225637674 0.674742579 3.011407852 -0.693063676 -0.457589746 -0.468384117 0.301480889
1403638227395097088.000000 -0.214605108 0.680586338 3.038709402 -0.692841291 -0.457932651 -0.468668222 0.301029414
1403638227595097088.000000 -0.210710362 0.683149219 3.051099777 -0.693025589 -0.457786500 -0.468398988 0.301246762
1403638227895097088.000000 -0.206602797 0.686967671 3.067913055 -0.693221152 -0.457763642 -0.468187034 0.301160961
1403638228295097088.000000 -0.204014137 0.693297386 3.086780071 -0.693390667 -0.457641363 -0.468078822 0.301124603
1403638228795097088.000000 -0.203911871 0.702916205 3.104390860 -0.693641663 -0.457580388 -0.467842132 0.301007122
