1403638538777829376.000000 6.285044193 0.038201191 -14.467645645 -0.558133006 -0.627377689 -0.363254696 0.403647006
1403638539027829504.000000 6.282591820 0.050922759 -14.467763901 -0.552981019 -0.621558905 -0.371127993 0.412480921
1403638539277829376.000000 6.277559280 0.073121428 -14.442742348 -0.545580447 -0.611480892 -0.382032871 0.427181572
1403638539527829504.000000 6.271629810 0.098067835 -14.373053551 -0.546058118 -0.615674257 -0.378264368 0.423888922
1403638540777829376.000000 6.173742294 0.454106271 -14.238618851 -0.497993439 -0.660734773 -0.351669788 0.437904775
1403638541177829376.000000 6.054111004 0.646556139 -14.233526230 -0.425844222 -0.708853960 -0.313838124 0.466570914
1403638541527829504.000000 5.897142887 0.805687129 -14.226343155 -0.414548844 -0.715070546 -0.307102352 0.471711189
1403638541927829504.000000 5.637997150 0.970087945 -14.126121521 -0.391969383 -0.725631237 -0.280848801 0.490859747
1403638542377829376.000000 5.303680420 1.120086193 -14.056449890 -0.310326338 -0.765452385 -0.221700311 0.518294454
1403638542827829504.000000 4.948149204 1.214923143 -14.020238876 -0.259830832 -0.774967074 -0.213939026 0.534924388
1403638543277829376.000000 4.574517250 1.200332165 -13.913349152 -0.276979089 -0.777013898 -0.195771337 0.530288160
1403638543577829376.000000 4.316365242 1.183275938 -13.888060570 -0.263329536 -0.783595562 -0.186693430 0.530830681
1403638544677829376.000000 3.256330252 1.076935410 -13.748062134 -0.150459692 -0.805440605 -0.106252708 0.563327372
1403638544927829504.000000 3.011926651 1.061188102 -13.713038445 -0.149461359 -0.810302019 -0.102759756 0.557236433
1403638545327829504.000000 2.631714106 1.041607141 -13.724270821 -0.145516172 -0.809136152 -0.102904402 0.559941471
1403638545627829504.000000 2.356657028 1.021918654 -13.768751144 -0.132881030 -0.811463773 -0.089254029 0.562052548
1403638546077829376.000000 1.951188922 0.984252095 -13.733929634 -0.038831525 -0.825568855 -0.037833877 0.561690927
1403638546227829504.000000 1.816772461 0.969797909 -13.716900826 -0.018901559 -0.826662719 -0.024688564 0.561838090
1403638546677829376.000000 1.399623632 0.913949609 -13.724797249 0.000284281 -0.827569067 -0.004034867 0.561349511
1403638546877829376.000000 1.202596307 0.882737339 -13.694476128 0.013530429 -0.827669144 -0.000110449 0.561053216
1403638548327829504.000000 -0.347417772 0.356391549 -13.757828712 0.044284362 -0.829596877 0.021731729 0.556179523
1403638548527829504.000000 -0.581589103 0.243339986 -13.724702835 0.071991175 -0.828328371 0.042324308 0.553983808
1403638548727829504.000000 -0.820274413 0.128600597 -13.703337669 0.088444598 -0.826279402 0.053873092 0.553658485
1403638549127829504.000000 -1.306498528 -0.106398158 -13.624505043 0.095222808 -0.825460553 0.061646424 0.552944303
1403638549327829504.000000 -1.553971529 -0.226651669 -13.550627708 0.092669576 -0.824947953 0.063566737 0.553924561
1403638549727829504.000000 -2.058387041 -0.464040011 -13.418292046 0.087519579 -0.821873128 0.065210275 0.559117734
1403638549877829376.000000 -2.249718904 -0.548420012 -13.371259689 0.086108983 -0.823609114 0.066009797 0.556683123
1403638550277829376.000000 -2.790480852 -0.765052140 -13.160069466 0.085843317 -0.824969471 0.067955628 0.554471135
1403638550627829504.000000 -3.273642778 -0.935990274 -12.955933571 0.081923604 -0.821849167 0.075624868 0.558688939
1403638550977829376.000000 -3.753730536 -1.069297433 -12.812448502 0.078013472 -0.806754708 0.079838365 0.580247104
1403638551177829376.000000 -4.006564617 -1.121703386 -12.745761871 0.074811921 -0.801824689 0.084938057 0.586741805
1403638551377829376.000000 -4.230841637 -1.147119999 -12.665349960 0.065805331 -0.806721509 0.084236979 0.581183493
1403638551577829376.000000 -4.434776783 -1.139833450 -12.595586777 0.028737430 -0.812803090 0.069907613 0.577614248
1403638554077829376.000000 -5.378395557 0.754170179 -12.036966324 -0.026744101 -0.801106513 -0.015539856 0.597721994
1403638556377829376.000000 -3.972055197 2.690491676 -11.776519775 -0.075080790 -0.828393102 -0.037380930 0.553832591
1403638558577829376.000000 -3.561161041 5.093605042 -11.440732002 -0.074661329 -0.844194531 -0.044402629 0.528951466
1403638561127829504.000000 -4.714550972 7.646658897 -11.619531631 -0.325959802 -0.732403159 -0.205909461 0.561192572
1403638561927829504.000000 -4.531396866 8.197207451 -11.681282043 -0.346647143 -0.736259878 -0.247582674 0.525794625
1403638562127829504.000000 -4.457293510 8.308776855 -11.726834297 -0.362261981 -0.728138864 -0.260138810 0.520488143
1403638563527829504.000000 -3.689803123 8.799870491 -11.785085678 -0.540370941 -0.584533989 -0.377134085 0.473380685
1403638563827829504.000000 -3.403165579 8.801686287 -11.818229675 -0.544519484 -0.590305865 -0.369464040 0.467476070
1403638564027829504.000000 -3.182685614 8.777439117 -11.805808067 -0.541333139 -0.591619849 -0.364970565 0.473012626
1403638564427829504.000000 -2.665226936 8.674675941 -11.798617363 -0.523869574 -0.600451171 -0.367710888 0.479382783
1403638564827829504.000000 -2.056547642 8.483892441 -11.762476921 -0.529884875 -0.600309551 -0.354193330 0.483112365
1403638565027829504.000000 -1.717137098 8.362922668 -11.803701401 -0.531892061 -0.597510815 -0.352047175 0.485936731
1403638565227829504.000000 -1.354125023 8.234126091 -11.906278610 -0.532880247 -0.598495424 -0.350578755 0.484702379
1403638566827829504.000000 1.792034030 6.793843269 -12.783300400 -0.536416352 -0.639686227 -0.353514284 0.422003210
1403638567027829504.000000 2.137254238 6.616590500 -12.956437111 -0.537139595 -0.646683514 -0.346992403 0.415785760
1403638567277829376.000000 2.543312311 6.433427334 -13.176680565 -0.515992463 -0.628005862 -0.376113921 0.444858164
1403638567527829504.000000 2.927283049 6.251472950 -13.410947800 -0.516723275 -0.627563357 -0.380564392 0.440831035
1403638567777829376.000000 3.284337997 6.064484596 -13.599534988 -0.523723841 -0.632911086 -0.377492815 0.427359372
1403638568077829376.000000 3.662068605 5.866732597 -13.761697769 -0.527524769 -0.634902894 -0.376041859 0.420961529
1403638568377829376.000000 3.988121748 5.696202755 -13.862245560 -0.526817620 -0.634510994 -0.379509687 0.419322461
1403638568727829504.000000 4.302337646 5.529840946 -13.999425888 -0.527697265 -0.639058948 -0.378587335 0.412081331
1403638570227829504.000000 4.742598057 5.290491104 -14.248532295 -0.523907721 -0.628639698 -0.387590557 0.424389333
1403638571377829376.000000 4.960278034 5.164379120 -14.912743568 -0.645118773 -0.462789237 -0.471560180 0.383769333
1403638572577829376.000000 6.515690327 4.576737881 -14.332070351 -0.759517312 -0.356885374 -0.485405833 0.245250046
1403638572827829504.000000 6.855279922 4.476078510 -14.353108406 -0.762650073 -0.354049981 -0.491783231 0.226191729
1403638573077829376.000000 7.206823349 4.411159039 -14.334997177 -0.763329089 -0.359576583 -0.489386588 0.220304742
1403638573327829504.000000 7.564828396 4.384099007 -14.333786964 -0.761560142 -0.364378870 -0.487107277 0.223563761
1403638573727829504.000000 8.152642250 4.423540115 -14.279546738 -0.763301432 -0.361719787 -0.491020083 0.213141054
1403638573927829504.000000 8.447943687 4.480753899 -14.229631424 -0.761284590 -0.338313848 -0.514794707 0.202425316
1403638574427829504.000000 9.148189545 4.615617752 -14.194943428 -0.789616585 -0.204046562 -0.551837265 0.174202383
1403638574677829376.000000 9.479310989 4.627529144 -14.187343597 -0.799474478 -0.167417750 -0.560158491 0.137964949
1403638574927829504.000000 9.796759605 4.621879101 -14.145699501 -0.808201909 -0.164528072 -0.554298103 0.111776255
1403638575327829504.000000 10.291779518 4.602666855 -14.133829117 -0.815001965 -0.154973850 -0.543275118 0.128868818
1403638575577829376.000000 10.611777306 4.572696686 -14.157980919 -0.819384873 -0.167707801 -0.534027517 0.123682119
1403638575777829376.000000 10.882261276 4.546661377 -14.158498764 -0.820391536 -0.182880327 -0.530264378 0.111050494
1403638576927829504.000000 12.609597206 4.753923893 -13.935102463 -0.803747058 -0.198621929 -0.552968621 0.093625054
1403638577227829504.000000 13.041964531 4.935842991 -13.929647446 -0.803533316 -0.185926870 -0.554526329 0.110752836
1403638577927829504.000000 13.960556984 5.477092743 -13.834671974 -0.803945005 -0.193566978 -0.552612543 0.104037054
1403638578277829376.000000 14.379570961 5.812730312 -13.799040794 -0.804533362 -0.182899043 -0.551222324 0.124209963
1403638578677829376.000000 14.847744942 6.188469887 -13.766192436 -0.803689480 -0.179273680 -0.553197086 0.126162976
1403638579127829504.000000 15.344914436 6.590918064 -13.771452904 -0.799403250 -0.191926077 -0.558495522 0.110461198
1403638579827829504.000000 16.014917374 7.250013828 -13.702393532 -0.777566373 -0.220942050 -0.568070948 0.154501244
1403638582627829504.000000 16.978342056 8.626699448 -13.749924660 -0.662244201 -0.467174321 -0.488302231 0.323638380
1403638585327829504.000000 15.841471672 8.735319138 -13.106571198 -0.670014918 -0.465722471 -0.479454815 0.322964132
1403638587577829376.000000 14.060458183 8.442640305 -13.031444550 -0.673760056 -0.463889450 -0.477239668 0.321086138
1403638588527829504.000000 13.226902962 8.277647972 -13.190012932 -0.670090377 -0.465721279 -0.482930243 0.317586184
1403638588877829376.000000 12.890516281 8.201312065 -13.170630455 -0.672384083 -0.459558666 -0.480080456 0.325926781
1403638591327829504.000000 10.672830582 7.448246002 -13.299362183 -0.695675790 -0.465498060 -0.452492476 0.307566702
1403638591777829376.000000 10.386641502 7.432061195 -13.346738815 -0.703487694 -0.466288358 -0.441730499 0.304227829
1403638592777829376.000000 10.105216026 7.784042358 -13.132535934 -0.655087233 -0.510219574 -0.426904768 0.358174592
1403638593227829504.000000 10.120207787 7.998529911 -12.984903336 -0.647815228 -0.520778358 -0.423932552 0.359731287
1403638595077829376.000000 9.971393585 8.578920364 -12.199958801 -0.618519127 -0.527023792 -0.439122677 0.383211851
1403638595377829376.000000 9.881257057 8.593494415 -12.272640228 -0.619197845 -0.524304986 -0.440770835 0.383952469
1403638596027829504.000000 9.709864616 8.504486084 -11.912899017 -0.619114101 -0.539284885 -0.440214336 0.363429427
1403638596927829504.000000 8.875845909 8.393039703 -11.864400864 -0.581952035 -0.572531462 -0.488229632 0.308498591
1403638597377829376.000000 8.004261017 8.357577324 -11.840445518 -0.581292927 -0.560521781 -0.495844036 0.319456875
1403638597527829504.000000 7.647473812 8.344989777 -11.850659370 -0.586899817 -0.548341334 -0.490856826 0.337535113
1403638597677829376.000000 7.270783901 8.326077461 -11.869132042 -0.590742767 -0.539130449 -0.487547606 0.350226730
1403638597827829504.000000 6.881131649 8.298894882 -11.896690369 -0.583900332 -0.547580659 -0.490684181 0.344158262
1403638597977829376.000000 6.474210739 8.262237549 -11.931312561 -0.573575854 -0.559089541 -0.492298365 0.340693504
1403638598127829504.000000 6.044475079 8.218745232 -11.956535339 -0.575014532 -0.558865547 -0.481270134 0.354128003
1403638598277829376.000000 5.598703861 8.161998749 -11.969816208 -0.587470472 -0.552243650 -0.459313333 0.372742176
1403638598427829504.000000 5.152743340 8.099074364 -11.986102104 -0.594466925 -0.550086021 -0.447387189 0.379287809
1403638598577829376.000000 4.711528778 8.030331612 -12.015599251 -0.595160246 -0.553500414 -0.440639794 0.381127656
1403638598727829504.000000 4.276740074 7.958579540 -12.056562424 -0.586334825 -0.564482987 -0.434199691 0.386058360
1403638598877829376.000000 3.847933054 7.884454250 -12.089309692 -0.571918607 -0.578292787 -0.425325841 0.396969259
1403638599027829504.000000 3.426131725 7.806444168 -12.111626625 -0.555366397 -0.595442295 -0.412898153 0.408083141
1403638599427829504.000000 2.323022366 7.577209949 -12.099544525 -0.504774630 -0.644868791 -0.376622409 0.433015376
1403638599627829504.000000 1.786769152 7.456466198 -12.074589729 -0.494427055 -0.657875657 -0.363369197 0.436697096
1403638599827829504.000000 1.261852026 7.338391304 -12.078942299 -0.493708432 -0.660690069 -0.359165758 0.436738729
1403638600027829504.000000 0.745796204 7.232193470 -12.103651047 -0.502157509 -0.654719889 -0.352717638 0.441327512
1403638600427829504.000000 -0.223200172 7.069815159 -12.189780235 -0.537567258 -0.636602759 -0.315579295 0.454057425
1403638600577829376.000000 -0.540199637 7.036259651 -12.206886292 -0.540449679 -0.635420978 -0.314653844 0.452931881
1403638600727829504.000000 -0.827121258 7.020614147 -12.204942703 -0.544303238 -0.636638463 -0.310269028 0.449620545
1403638600877829376.000000 -1.085727334 7.025751114 -12.187927246 -0.541147649 -0.646138072 -0.313492924 0.437478036
1403638601077829376.000000 -1.402159572 7.063143253 -12.170777321 -0.525602639 -0.661190093 -0.332525253 0.419519335
1403638601227829504.000000 -1.632567763 7.111561298 -12.169522285 -0.515228450 -0.663988292 -0.345959842 0.417098343
1403638601427829504.000000 -1.944551587 7.196931362 -12.172747612 -0.500750899 -0.660241663 -0.353835613 0.433739513
1403638601577829376.000000 -2.183835745 7.266229153 -12.162699699 -0.482947320 -0.666160941 -0.345624298 0.451149046
1403638601777829376.000000 -2.503331900 7.356768608 -12.129411697 -0.443719268 -0.689830303 -0.328853458 0.468084186
1403638601977829376.000000 -2.825177431 7.435053349 -12.073202133 -0.397459686 -0.715672851 -0.306456655 0.485718578
1403638602177829376.000000 -3.145531178 7.502281189 -12.032165527 -0.367982656 -0.730685055 -0.292067766 0.495363116
1403638602377829376.000000 -3.470859289 7.550598621 -12.008006096 -0.333294213 -0.734987080 -0.275123835 0.522509277
1403638602777829376.000000 -4.037872791 7.539084435 -11.875817299 -0.262684911 -0.716799021 -0.213785663 0.609501064
1403638603177829376.000000 -4.319819450 7.367485523 -11.697223663 -0.203268990 -0.744179368 -0.143824860 0.619833231
1403638603477829376.000000 -4.371417522 7.204651833 -11.641805649 -0.190525264 -0.790272176 -0.119992301 0.569887519
1403638604827829504.000000 -4.042805195 6.133614540 -11.707672119 -0.174208879 -0.794687510 -0.125133231 0.567859888
1403638605277829376.000000 -3.833448410 5.674332142 -11.662309647 -0.179474518 -0.814863861 -0.118084051 0.538369775
1403638605527829504.000000 -3.754017115 5.450421810 -11.632472038 -0.158345103 -0.806949437 -0.146855608 0.549720645
1403638605827829504.000000 -3.685292482 5.153218269 -11.620470047 -0.146043018 -0.803517461 -0.163026407 0.553582549
1403638606227829504.000000 -3.650406122 4.651274681 -11.561058998 -0.140985370 -0.806135237 -0.174647525 0.547510087
1403638606627829504.000000 -3.681130409 4.039052963 -11.606950760 -0.172902077 -0.820370674 -0.131576657 0.528946579
1403638606827829504.000000 -3.734487772 3.733573675 -11.661150932 -0.158590734 -0.830483854 -0.112577952 0.521988153
1403638607027829504.000000 -3.824855089 3.444661617 -11.707457542 -0.126997933 -0.837639451 -0.085228443 0.524373651
1403638607277829376.000000 -3.983206272 3.116563082 -11.723139763 -0.095851846 -0.827497780 -0.058175612 0.550159454
1403638607477829376.000000 -4.124352455 2.879200935 -11.755534172 -0.087741517 -0.819226861 -0.045916773 0.564854443
1403638607727829504.000000 -4.295450687 2.610692978 -11.830514908 -0.083856374 -0.817076147 -0.045238998 0.568601966
1403638608177829376.000000 -4.587126732 2.205595255 -12.029778481 -0.091391973 -0.814257383 -0.048100632 0.571243286
1403638608627829504.000000 -4.832036972 1.879354119 -12.321487427 -0.088498451 -0.803964257 -0.058653403 0.585123420
1403638608927829504.000000 -4.934165955 1.678649902 -12.505507469 -0.090518989 -0.807257116 -0.054219171 0.580691457
1403638609127829504.000000 -4.977654934 1.556443453 -12.593139648 -0.093124293 -0.811791182 -0.050185073 0.574286103
1403638609427829504.000000 -5.019006729 1.403245330 -12.720541954 -0.097946212 -0.808289051 -0.044037953 0.578909397
1403638609877829376.000000 -5.034182549 1.238017201 -12.995002747 -0.093458973 -0.810757875 -0.051763333 0.575549960
1403638610177829376.000000 -5.023387432 1.159955263 -13.125402451 -0.093210682 -0.803488016 -0.052793335 0.585603833
1403638610577829376.000000 -4.954273224 1.089783549 -13.327043533 -0.092098616 -0.793466687 -0.055362422 0.599052250
1403638611027829504.000000 -4.751057148 1.038634777 -13.546705246 -0.093935810 -0.799605429 -0.047634304 0.591217577
1403638611327829504.000000 -4.560102940 1.030866385 -13.680253029 -0.089637443 -0.797952235 -0.050110593 0.593907654
1403638611777829376.000000 -4.191454887 1.010967731 -13.811944962 -0.080879450 -0.806625664 -0.067203209 0.581633389
1403638612227829504.000000 -3.795796156 0.962630272 -13.949604988 -0.096032374 -0.810983360 -0.050575014 0.574913800
1403638612427829504.000000 -3.624240875 0.956013680 -13.975100517 -0.095187843 -0.809973359 -0.053490773 0.576212764
1403638612877829376.000000 -3.229072809 0.953078806 -14.097985268 -0.090727381 -0.804642916 -0.073317453 0.582187951
1403638613127829504.000000 -3.001882076 0.933664739 -14.156233788 -0.095819682 -0.805919826 -0.070426695 0.579958677
1403638613377829376.000000 -2.772468805 0.903916419 -14.168566704 -0.096598491 -0.807582140 -0.070423670 0.577512205
1403638613827829504.000000 -2.356003523 0.838759542 -14.220610619 -0.115794405 -0.794151068 -0.073936351 0.591987491
1403638614077829376.000000 -2.096619129 0.805110574 -14.301477432 -0.146342874 -0.790495992 -0.097451821 0.586688280
1403638614327829504.000000 -1.815733790 0.771269739 -14.380790710 -0.185077414 -0.789180875 -0.125341401 0.572039843
1403638614577829376.000000 -1.528656006 0.733397067 -14.414660454 -0.210196346 -0.785496414 -0.134724349 0.566270351
1403638614827829504.000000 -1.237048388 0.707634926 -14.398368835 -0.252035469 -0.778577268 -0.138795897 0.557701707
1403638615077829376.000000 -0.932304621 0.712583184 -14.337131500 -0.304335147 -0.766242385 -0.169648260 0.539881766
1403638615277829376.000000 -0.680264473 0.743301272 -14.267102242 -0.342008233 -0.743808627 -0.220910922 0.530073047
1403638615477829376.000000 -0.427478492 0.780691028 -14.205505371 -0.386352569 -0.717385530 -0.263159424 0.516562521
1403638615727829504.000000 -0.117971838 0.822989881 -14.153392792 -0.428163081 -0.692367375 -0.294714451 0.500446975
1403638615927829504.000000 0.125748500 0.849198937 -14.093487740 -0.447927386 -0.679908991 -0.304818600 0.494136095
1403638616127829504.000000 0.372136503 0.870312512 -14.048564911 -0.468575507 -0.666725278 -0.319357634 0.483658165
1403638616327829504.000000 0.622548878 0.887691081 -14.059921265 -0.497574776 -0.646654129 -0.336724877 0.469972491
1403638616727829504.000000 1.126599312 0.915295005 -14.185982704 -0.547851861 -0.621768236 -0.350843102 0.436086833
1403638617177829376.000000 1.700974107 1.018278360 -14.311337471 -0.546660662 -0.625075877 -0.357830197 0.427083045
1403638617377829376.000000 1.953984857 1.100454807 -14.315909386 -0.544697106 -0.634973824 -0.353306442 0.418673903
1403638618077829376.000000 2.710908413 1.549128413 -14.113813400 -0.530374527 -0.645309746 -0.354431570 0.420305133
1403638618327829504.000000 2.932952642 1.761258602 -14.042589188 -0.528230548 -0.646488369 -0.353549689 0.421933532
1403638618577829376.000000 3.132056236 1.990078449 -13.992732048 -0.525714993 -0.647210240 -0.354889125 0.422843248
1403638618827829504.000000 3.308508396 2.238422394 -13.942641258 -0.530950308 -0.640979290 -0.361388415 0.420280725
1403638619077829376.000000 3.464365482 2.501963139 -13.880792618 -0.543891966 -0.619320452 -0.384043962 0.416093796
1403638619577829376.000000 3.726207972 3.016024590 -13.892518044 -0.612960875 -0.539453626 -0.433729619 0.380982220
1403638620627829504.000000 4.310289860 3.848308325 -14.005864143 -0.632567406 -0.512929916 -0.439237565 0.379251748
1403638622377829376.000000 5.391173363 4.435419083 -14.239144325 -0.608432651 -0.524134696 -0.451320201 0.389105052
1403638624877829376.000000 5.868322372 2.648329496 -14.156895638 -0.612938762 -0.527289152 -0.450589865 0.378471971
1403638625127829504.000000 5.895547390 2.362432957 -14.147429466 -0.613856018 -0.532361150 -0.434848636 0.388173968
1403638625427829504.000000 5.935064793 2.021700621 -14.157054901 -0.611950994 -0.535479605 -0.430474788 0.391751319
1403638625727829504.000000 5.987008095 1.687432170 -14.128675461 -0.614623427 -0.538641155 -0.426535845 0.387519062
1403638625977829376.000000 6.039219856 1.420646191 -14.105879784 -0.618789732 -0.541954219 -0.422272414 0.380881876
1403638626227829504.000000 6.100434780 1.172747850 -14.114128113 -0.621052742 -0.541669488 -0.420640826 0.379406035
1403638626477829376.000000 6.167205334 0.942432582 -14.146534920 -0.611689329 -0.543739796 -0.434143811 0.376433849
1403638626777829376.000000 6.234448433 0.684936702 -14.194462776 -0.617788672 -0.549333930 -0.424580604 0.369189292
1403638627077829376.000000 6.289609909 0.475538045 -14.195492744 -0.619826615 -0.552540779 -0.420000076 0.366215318
1403638627377829376.000000 6.337815762 0.311768681 -14.213864326 -0.616812706 -0.554142118 -0.422888696 0.365559667
1403638627627829504.000000 6.371381760 0.208177701 -14.246649742 -0.614298940 -0.553550482 -0.427159309 0.365723550
1403638627877829376.000000 6.394465446 0.127242923 -14.284505844 -0.610947728 -0.550873935 -0.432995588 0.368504584
1403638628127829504.000000 6.403631687 0.060681280 -14.322157860 -0.613656819 -0.553276241 -0.430760503 0.362982213
1403638628377829376.000000 6.397502899 0.013525896 -14.346673012 -0.615999937 -0.552552044 -0.429265290 0.361886144
1403638628827829504.000000 6.370508194 -0.032477584 -14.361145020 -0.617951989 -0.535560787 -0.427711099 0.385192364
1403638629077829376.000000 6.371361732 -0.057387717 -14.387481689 -0.612922788 -0.541745722 -0.435410738 0.375838697
1403638629327829504.000000 6.366980553 -0.078974031 -14.398972511 -0.612144113 -0.545603037 -0.436150134 0.370634645
1403638629827829504.000000 6.334191322 -0.081285089 -14.398595810 -0.627312362 -0.532506168 -0.417125225 0.385905474
1403638630077829376.000000 6.339140415 -0.064334661 -14.425701141 -0.609482348 -0.530531049 -0.443718135 0.387533545
1403638630527829504.000000 6.334107876 -0.039332613 -14.493090630 -0.610457420 -0.540458381 -0.438595206 0.377995610
1403638630777829376.000000 6.334013462 -0.018558012 -14.516017914 -0.620545328 -0.564723313 -0.415785283 0.350904286
1403638631077829376.000000 6.334863663 -0.024771461 -14.518033028 -0.620291233 -0.563120246 -0.414455801 0.355472654
1403638631577829376.000000 6.334733486 -0.026754156 -14.516244888 -0.620928109 -0.562741160 -0.413759708 0.355771810
