1403638531627829504.000000 -2.009268045 -2.645629406 -5.597324371 -0.573224127 -0.613670290 -0.371579498 0.395918727
1403638533977829376.000000 -2.009615421 -2.645024538 -5.597819328 -0.573595881 -0.613189995 -0.371454686 0.396241426
1403638536477829376.000000 -2.009524822 -2.646096945 -5.597508907 -0.573612094 -0.613142371 -0.371373653 0.396367520
1403638539027829504.000000 -2.011837959 -2.639071465 -5.592503548 -0.568138063 -0.607067943 -0.379856497 0.405458510
1403638539277829376.000000 -2.013829470 -2.615469694 -5.565642834 -0.560431123 -0.597200036 -0.391115993 0.419877887
1403638539527829504.000000 -2.017571449 -2.586235523 -5.493556976 -0.560910523 -0.601453006 -0.387294024 0.416697741
1403638540127829504.000000 -2.036322594 -2.474729061 -5.399487019 -0.569348156 -0.617592514 -0.367435127 0.399266422
1403638540527829504.000000 -2.073723078 -2.297885418 -5.361237049 -0.550652087 -0.618282974 -0.375432938 0.416603506
1403638541327829504.000000 -2.315567732 -1.840420604 -5.334909916 -0.432927698 -0.703765571 -0.318263710 0.464753628
1403638541577829376.000000 -2.452298164 -1.700513721 -5.312892914 -0.429799706 -0.703834593 -0.318408757 0.467445105
1403638541927829504.000000 -2.708224773 -1.515039444 -5.217604637 -0.407852054 -0.715186298 -0.292373955 0.486500531
1403638542127829504.000000 -2.870801449 -1.420962930 -5.172776222 -0.377942115 -0.733341336 -0.267304927 0.497914106
1403638542227829504.000000 -2.954560757 -1.375929236 -5.159305096 -0.359262675 -0.743448555 -0.252065569 0.504655898
1403638542927829504.000000 -3.583792210 -1.151041150 -5.092189312 -0.282082260 -0.769535542 -0.217053235 0.530219436
1403638543277829376.000000 -3.921914101 -1.131151795 -5.012375832 -0.293065965 -0.769145668 -0.208381265 0.528303623
1403638543677829376.000000 -4.322261333 -1.118859768 -4.991862774 -0.261916488 -0.782690048 -0.191718698 0.531074464
1403638544377829376.000000 -5.085418701 -1.139045715 -4.892267227 -0.171258509 -0.807322800 -0.118394904 0.552162111
1403638544727829504.000000 -5.476325989 -1.138021588 -4.864478588 -0.164756507 -0.799490452 -0.119227082 0.565203667
1403638545127829504.000000 -5.905847549 -1.135588050 -4.836944103 -0.163558617 -0.804258645 -0.114609323 0.559715390
1403638545377829376.000000 -6.164815903 -1.131811500 -4.864611626 -0.160480753 -0.802699745 -0.116224639 0.562504232
1403638545827829504.000000 -6.615572453 -1.140746832 -4.905922890 -0.112061106 -0.814159513 -0.079914160 0.564092457
1403638546077829376.000000 -6.858833313 -1.150538921 -4.870698452 -0.053801104 -0.822888434 -0.051251337 0.563323617
1403638546427829504.000000 -7.201683998 -1.172772288 -4.853725910 -0.026834600 -0.825268865 -0.024088891 0.563587666
1403638546677829376.000000 -7.453424931 -1.195357323 -4.861579895 -0.014322767 -0.825755179 -0.017522672 0.563574553
1403638547127829504.000000 -7.930400848 -1.257046103 -4.795970917 0.011041922 -0.826875627 -0.019819058 0.561926961
1403638548477829376.000000 -9.482137680 -1.770205855 -4.856031895 0.052548401 -0.828754961 0.024367400 0.556605816
1403638548627829504.000000 -9.667660713 -1.850891829 -4.833377838 0.068210550 -0.827151179 0.035554446 0.556690454
1403638548727829504.000000 -9.792736053 -1.904929757 -4.823845387 0.074697651 -0.826597512 0.040557366 0.556338012
1403638549027829504.000000 -10.173690796 -2.070328474 -4.770564556 0.082978971 -0.826505661 0.046051521 0.554871261
1403638549177829376.000000 -10.362964630 -2.154540062 -4.723904610 0.081733406 -0.825456858 0.048041154 0.556446552
1403638549427829504.000000 -10.688164711 -2.297057152 -4.624298573 0.076439850 -0.824731290 0.052494574 0.557870626
1403638550027829504.000000 -11.489102364 -2.620617867 -4.416408062 0.072033025 -0.824616194 0.053257115 0.558554471
1403638550477829376.000000 -12.129545212 -2.837462664 -4.138330460 0.072037771 -0.824311137 0.057042766 0.558630407
1403638550777829376.000000 -12.561285019 -2.958888531 -3.989651442 0.067164205 -0.818162322 0.064668685 0.567377746
1403638551077829376.000000 -12.977397919 -3.045296431 -3.875056982 0.064947732 -0.802944064 0.066765569 0.588731647
1403638551227829504.000000 -13.164953232 -3.072000742 -3.819344997 0.062030181 -0.801546812 0.072466604 0.590274215
1403638551527829504.000000 -13.493733406 -3.074499607 -3.698384762 0.027839733 -0.811515331 0.060517382 0.580521822
1403638553927829504.000000 -14.534650803 -1.207631707 -3.105143070 -0.033158030 -0.795690536 -0.031975910 0.603949249
1403638554177829376.000000 -14.379891396 -0.980560064 -3.026203871 -0.035125200 -0.804921448 -0.030036930 0.591578901
1403638556577829376.000000 -12.881825447 1.072649717 -2.731172562 -0.087005585 -0.832524359 -0.047029160 0.545088589
1403638559227829504.000000 -12.742215157 4.067920685 -2.203495026 -0.084408358 -0.823342204 -0.054649230 0.558566332
1403638561877829376.000000 -13.396231651 6.507882118 -2.512522459 -0.351077616 -0.735088706 -0.254805595 0.521021307
1403638562027829504.000000 -13.339241028 6.597044945 -2.548278570 -0.358665377 -0.731001258 -0.262966245 0.517537475
1403638562877829376.000000 -12.963768959 6.987610817 -2.537407160 -0.480438739 -0.652273595 -0.329573303 0.484870374
1403638563727829504.000000 -12.306809425 7.188001633 -2.610735416 -0.547318816 -0.585770071 -0.382644415 0.459237128
1403638564027829504.000000 -11.974397659 7.161550999 -2.594856262 -0.545101285 -0.588338137 -0.374090284 0.465595573
1403638564727829504.000000 -10.975416183 6.923666477 -2.544404984 -0.531213403 -0.599085033 -0.365819901 0.474431515
1403638564927829504.000000 -10.635726929 6.808619499 -2.552856445 -0.534997284 -0.595190048 -0.362192273 0.477853030
1403638565077829376.000000 -10.363770485 6.713009357 -2.603552818 -0.536094904 -0.594597101 -0.360384136 0.478727341
1403638565377829376.000000 -9.775629997 6.511393070 -2.778399944 -0.536197364 -0.597819090 -0.361674517 0.473599404
1403638566177829376.000000 -8.051097870 5.834259033 -3.135856390 -0.526937962 -0.609619200 -0.391235977 0.444561720
1403638566977829376.000000 -6.455274582 5.043073177 -3.762747288 -0.543169379 -0.644562423 -0.354025334 0.405181974
1403638567077829376.000000 -6.272006989 4.964585304 -3.856732368 -0.536725879 -0.639280021 -0.361630708 0.415294737
1403638567277829376.000000 -5.917774677 4.821892262 -4.054151058 -0.520026803 -0.625547647 -0.384551823 0.436327934
1403638567427829504.000000 -5.661179066 4.713585854 -4.212278843 -0.518194199 -0.623909235 -0.389801860 0.436195672
1403638567777829376.000000 -5.100975037 4.447414398 -4.524128437 -0.528067648 -0.630442858 -0.385401309 0.418511927
1403638568477829376.000000 -4.212205410 4.007235050 -4.866201878 -0.531998217 -0.632350266 -0.387099266 0.408980668
1403638568827829504.000000 -3.883592367 3.834236860 -5.012269020 -0.533226013 -0.635559678 -0.384986550 0.404375255
1403638569077829376.000000 -3.699335337 3.730859995 -5.070683956 -0.531377017 -0.636081100 -0.387845784 0.403255582
1403638570377829376.000000 -3.422765970 3.479856491 -5.357766151 -0.531727433 -0.616987944 -0.389263600 0.430192590
1403638571177829376.000000 -3.303295612 3.492326975 -7.497497559 -0.592513621 -0.428322375 -0.506510794 0.457071424
1403638572227829504.000000 -1.184440136 -1.378845811 -0.519227326 -0.754633307 -0.421961218 -0.407257736 0.294310302
1403638572377829376.000000 -0.927629590 -1.394054413 -0.760669529 -0.767121553 -0.401366502 -0.422148585 0.268738031
1403638572577829376.000000 -0.561152697 -1.402644634 -1.057005286 -0.773633063 -0.383581728 -0.443157852 0.240765750
1403638572777829376.000000 -0.181206971 -1.395445704 -1.303095579 -0.772184908 -0.380299717 -0.456415504 0.225361064
1403638573227829504.000000 0.619609177 -1.339327097 -1.617864966 -0.765791893 -0.386209667 -0.463944733 0.221720725
1403638573677829376.000000 1.331851363 -1.233282328 -1.708636642 -0.764266372 -0.384452105 -0.470410645 0.216350153
1403638573827829504.000000 1.562605381 -1.176262975 -1.690103769 -0.763749301 -0.374539942 -0.482274681 0.209327340
1403638573977829376.000000 1.795248032 -1.107496858 -1.677776456 -0.764638603 -0.347856522 -0.502899408 0.203508869
1403638574377829376.000000 2.393776655 -0.950855970 -1.693584681 -0.789989173 -0.235317871 -0.535099745 0.184962064
1403638574577829376.000000 2.682930231 -0.915934741 -1.711635232 -0.801782846 -0.198756292 -0.542530239 0.152647316
1403638574927829504.000000 3.176026344 -0.888721585 -1.687591791 -0.811395884 -0.187069133 -0.542315423 0.111964092
1403638575377829376.000000 3.790775061 -0.873385489 -1.710482478 -0.819513261 -0.179546073 -0.529080153 0.127418697
1403638575577829376.000000 4.072296143 -0.880030334 -1.744193912 -0.822117746 -0.190307215 -0.522370338 0.122617021
1403638576327829504.000000 5.232062817 -0.816285431 -1.645056486 -0.817717433 -0.214667410 -0.524034202 0.103170685
1403638576727829504.000000 5.886074543 -0.669866979 -1.602725148 -0.813193381 -0.227383122 -0.529208183 0.083379403
1403638577177829376.000000 6.584120750 -0.374989539 -1.625184059 -0.804950416 -0.209771618 -0.544346392 0.108341403
1403638577877829376.000000 7.548532009 0.224102929 -1.579049468 -0.805247664 -0.216347039 -0.542611480 0.101700149
1403638578327829504.000000 8.103767395 0.691982031 -1.573709488 -0.806221902 -0.203692168 -0.541232467 0.124832794
1403638579077829376.000000 8.966519356 1.427899957 -1.632717013 -0.800525725 -0.214650661 -0.549101174 0.107571341
1403638579477829376.000000 9.365021706 1.838555455 -1.611993432 -0.802072823 -0.203235999 -0.547288060 0.125897691
1403638580577829376.000000 10.050063133 2.796087980 -1.881892085 -0.687902689 -0.450743586 -0.478340656 0.307913065
1403638581077829376.000000 10.230498314 3.070125341 -2.015495539 -0.668422818 -0.501251280 -0.443688273 0.324189603
1403638581477829376.000000 10.380774498 3.279604912 -2.017311335 -0.666076541 -0.498267382 -0.455564499 0.317068994
1403638581627829504.000000 10.431493759 3.357464075 -2.006732225 -0.666305721 -0.495022506 -0.460458100 0.314591527
1403638583277829376.000000 10.523375511 3.951164246 -1.650580049 -0.669753671 -0.491554886 -0.466690451 0.303321272
1403638585677829376.000000 9.211828232 4.143897533 -1.491828799 -0.666216910 -0.488796264 -0.471724957 0.307747960
1403638586827829504.000000 8.259386063 4.142594337 -1.457642555 -0.662120879 -0.483193398 -0.482221752 0.309163839
1403638589527829504.000000 5.494019985 3.887780428 -2.138216734 -0.666155636 -0.477432698 -0.480444580 0.312198371
1403638589977829376.000000 5.006052494 3.781347752 -2.211285591 -0.669243336 -0.477706075 -0.478417099 0.308264941
1403638591477829376.000000 3.599599600 3.506420135 -2.498443365 -0.694373846 -0.484270871 -0.447011560 0.288976341
1403638591877829376.000000 3.350528717 3.584029913 -2.606710672 -0.694773495 -0.482125282 -0.447449625 0.290919065
1403638592277829376.000000 3.181135654 3.780913830 -2.624791622 -0.679436922 -0.476921886 -0.459612429 0.315701365
1403638593027829504.000000 3.047402382 4.236950874 -2.392409086 -0.646445334 -0.538515091 -0.421880305 0.337826759
1403638595277829376.000000 2.645073891 5.660708427 -1.913063884 -0.613270640 -0.540689886 -0.450068772 0.359154284
1403638595727829504.000000 2.473955154 5.773168087 -1.962133884 -0.611926854 -0.542815089 -0.453321636 0.354114056
1403638596977829376.000000 1.304178119 6.017463207 -2.075845242 -0.572038352 -0.571525455 -0.507717669 0.297243267
1403638597177829376.000000 0.890578508 6.065369129 -2.055502176 -0.569055617 -0.570089877 -0.513372600 0.296009988
1403638597477829376.000000 0.146579593 6.128781796 -2.076573372 -0.576146841 -0.555098355 -0.509589255 0.316606343
1403638597677829376.000000 -0.411308587 6.154948711 -2.119511604 -0.582635522 -0.541651130 -0.503695130 0.336810261
1403638597777829376.000000 -0.700652599 6.160818100 -2.149449348 -0.579629600 -0.546041310 -0.505453527 0.332242638
1403638597877829376.000000 -0.998278737 6.162262917 -2.184442520 -0.572227895 -0.554943442 -0.507174492 0.327669233
1403638597977829376.000000 -1.305264115 6.158387661 -2.222982645 -0.565978348 -0.561805069 -0.507507324 0.326312572
1403638598077829376.000000 -1.624172330 6.151703835 -2.257904768 -0.564185441 -0.563577354 -0.503569961 0.332404405
1403638598277829376.000000 -2.289909363 6.120136261 -2.314508438 -0.580805242 -0.555556893 -0.474623710 0.358823270
1403638598377829376.000000 -2.626199961 6.098269463 -2.343966246 -0.586282790 -0.553681970 -0.465494335 0.364724219
1403638598477829376.000000 -2.961324215 6.073560238 -2.379420280 -0.589176953 -0.554233432 -0.460695982 0.365315050
1403638598677829376.000000 -3.626111031 6.015542984 -2.473193407 -0.583747923 -0.563847065 -0.452317655 0.369761616
1403638598777829376.000000 -3.955384254 5.984338284 -2.523355722 -0.576749980 -0.572235823 -0.446076483 0.375395030
1403638598877829376.000000 -4.283395767 5.951608658 -2.567818165 -0.566214383 -0.581993818 -0.440390408 0.383067638
1403638598977829376.000000 -4.608985901 5.916214466 -2.609448671 -0.555100083 -0.594038785 -0.432837933 0.389401048
1403638599077829376.000000 -4.933561802 5.879690647 -2.646033525 -0.543182373 -0.605364203 -0.424374342 0.397986859
1403638599177829376.000000 -5.257479191 5.840372562 -2.676658392 -0.530433893 -0.617285848 -0.415600479 0.406047225
1403638599277829376.000000 -5.580250263 5.798604965 -2.703704834 -0.517021954 -0.630430818 -0.406635433 0.412180841
1403638599477829376.000000 -6.218527317 5.709725857 -2.745478630 -0.497068137 -0.652058840 -0.387030452 0.421841294
1403638599727829504.000000 -6.992582798 5.597757339 -2.835296869 -0.489079773 -0.660851836 -0.377635598 0.425989777
1403638599827829504.000000 -7.295573711 5.555001259 -2.892608166 -0.490012139 -0.660094261 -0.377012581 0.426643997
1403638600027829504.000000 -7.890655041 5.473206997 -3.043002129 -0.497526944 -0.650452793 -0.374303132 0.435057759
1403638600527829504.000000 -9.162767410 5.317720413 -2.987372637 -0.545549989 -0.632072389 -0.323198646 0.445423782
1403638600727829504.000000 -9.572435379 5.299904346 -2.987188816 -0.549672306 -0.633080423 -0.319809824 0.441351742
1403638600827829504.000000 -9.756841660 5.303607941 -2.978149652 -0.549695492 -0.638024807 -0.319043308 0.434707493
1403638600927829504.000000 -9.929156303 5.315749168 -2.966624975 -0.541899562 -0.648123801 -0.328919262 0.422010213
1403638601227829504.000000 -10.415719986 5.399993420 -2.961749792 -0.520152032 -0.660422862 -0.355633706 0.408421665
1403638601327829504.000000 -10.575839043 5.441847801 -2.966745853 -0.510221958 -0.658724844 -0.367531657 0.413128942
1403638601527829504.000000 -10.903528214 5.533816814 -2.968906641 -0.495220721 -0.659666419 -0.358362317 0.437233567
1403638601627829504.000000 -11.067780495 5.580191135 -2.961734533 -0.479920179 -0.667762101 -0.352002740 0.447062224
1403638601827829504.000000 -11.396605492 5.667588234 -2.929464817 -0.436194837 -0.694349587 -0.333585024 0.465116858
1403638601927829504.000000 -11.561573982 5.705947399 -2.904585361 -0.411981761 -0.708210647 -0.322609812 0.473953247
1403638602227829504.000000 -12.052768707 5.804196835 -2.856001377 -0.363905340 -0.731782317 -0.301831692 0.490882039
1403638602327829504.000000 -12.218150139 5.828073502 -2.849613428 -0.346018732 -0.735310316 -0.294303119 0.502966821
1403638602427829504.000000 -12.384696007 5.844565392 -2.837054968 -0.330114365 -0.728235781 -0.276976198 0.532899082
1403638602877829376.000000 -12.978221893 5.789905071 -2.686648607 -0.250298649 -0.726379335 -0.212025717 0.603960931
1403638603327829504.000000 -13.216540337 5.560163021 -2.531105995 -0.198503301 -0.771173835 -0.141688004 0.588057756
1403638603727829504.000000 -13.246300697 5.343402863 -2.512034655 -0.179703906 -0.785731912 -0.138784632 0.575387418
1403638604577829376.000000 -13.054505348 4.657623768 -2.605860233 -0.172000632 -0.792354524 -0.149210989 0.565973759
1403638604877829376.000000 -12.927579880 4.330188274 -2.613336563 -0.181856170 -0.795713902 -0.136376649 0.561399162
1403638605527829504.000000 -12.683486938 3.688999653 -2.551239014 -0.165423498 -0.806088269 -0.159197703 0.545447469
1403638605977829376.000000 -12.608888626 3.211385012 -2.520595789 -0.150155559 -0.803270936 -0.180827782 0.547275603
1403638606277829376.000000 -12.605553627 2.805952549 -2.494437456 -0.148926377 -0.805525005 -0.187156826 0.542146504
1403638606527829504.000000 -12.631308556 2.418308020 -2.526599169 -0.175707728 -0.814911246 -0.154789656 0.530175984
1403638606677829376.000000 -12.663706779 2.182735682 -2.563072443 -0.179678395 -0.820610583 -0.139558002 0.524249375
1403638606827829504.000000 -12.712341309 1.952948570 -2.609479904 -0.166794747 -0.829032481 -0.124890909 0.518928766
1403638606977829376.000000 -12.782013893 1.732733011 -2.651680231 -0.144140705 -0.835515022 -0.104947008 0.519734919
1403638607127829504.000000 -12.872389793 1.524914145 -2.674042225 -0.123343997 -0.837006211 -0.080183424 0.527045965
1403638607277829376.000000 -12.978066444 1.331862688 -2.684076786 -0.104163885 -0.826955378 -0.070715040 0.547991037
1403638607427829504.000000 -13.089369774 1.151026964 -2.709369183 -0.096672848 -0.818792582 -0.061330535 0.562558115
1403638607877829376.000000 -13.410609245 0.675068021 -2.865128040 -0.095263660 -0.816729546 -0.056731708 0.566267729
1403638608027829504.000000 -13.512729645 0.538099885 -2.936503410 -0.102300763 -0.816759229 -0.051605977 0.565487146
1403638608177829376.000000 -13.613057137 0.415245265 -3.016810894 -0.099868797 -0.813224494 -0.060849380 0.570078611
1403638608627829504.000000 -13.869599342 0.086370125 -3.322803259 -0.097041793 -0.802681446 -0.071589746 0.584089398
1403638609027829504.000000 -14.003045082 -0.182182282 -3.567207575 -0.101840988 -0.808711052 -0.063393228 0.575843811
1403638609477829376.000000 -14.075302124 -0.423148692 -3.775174618 -0.106540121 -0.807288527 -0.058423743 0.577512801
1403638609777829376.000000 -14.087826729 -0.538740635 -3.972549677 -0.102814324 -0.808887243 -0.065026984 0.575240970
1403638609977829376.000000 -14.088190079 -0.601961911 -4.087021828 -0.103600189 -0.807814181 -0.064296372 0.576688170
1403638610277829376.000000 -14.067669868 -0.676190674 -4.217554092 -0.103734627 -0.799040258 -0.065025434 0.588681161
1403638610727829504.000000 -13.952306747 -0.752760172 -4.475318432 -0.101309478 -0.787426412 -0.068386957 0.604168296
1403638611127829504.000000 -13.737635612 -0.797125578 -4.662465096 -0.103149854 -0.794309020 -0.060558252 0.595622420
1403638611477829376.000000 -13.482368469 -0.808192492 -4.818202496 -0.087642699 -0.797164977 -0.081974834 0.591715217
1403638611927829504.000000 -13.086343765 -0.862939954 -4.955696106 -0.101151302 -0.805956066 -0.069121115 0.579159379
1403638612277829376.000000 -12.770980835 -0.905905843 -5.059583187 -0.106838398 -0.807202578 -0.063921735 0.576995313
1403638612727829504.000000 -12.365897179 -0.924061537 -5.159647942 -0.100671582 -0.804197907 -0.082604535 0.579920352
1403638613127829504.000000 -11.993041992 -0.959865034 -5.276513577 -0.107036412 -0.802304506 -0.083378345 0.581290662
1403638613577829376.000000 -11.568119049 -1.033712506 -5.306177616 -0.112707891 -0.801068962 -0.085600495 0.581599653
1403638613977829376.000000 -11.173355103 -1.107171297 -5.404030800 -0.143103108 -0.786885500 -0.098144263 0.592199564
1403638614177829376.000000 -10.951263428 -1.141628504 -5.479574680 -0.174184009 -0.785363317 -0.123333432 0.581079423
1403638614577829376.000000 -10.486288071 -1.219416857 -5.565409660 -0.221539155 -0.779363096 -0.146961242 0.567376256
1403638614727829504.000000 -10.310305595 -1.244534254 -5.565315247 -0.243393838 -0.774134040 -0.149188206 0.564994633
1403638614927829504.000000 -10.065958977 -1.267534971 -5.535297394 -0.283639848 -0.768300533 -0.158427432 0.551510274
1403638615077829376.000000 -9.878088951 -1.268173456 -5.498442173 -0.315684587 -0.758088887 -0.181313351 0.541082323
1403638615227829504.000000 -9.684550285 -1.255973577 -5.450507164 -0.343447894 -0.741315067 -0.219575107 0.533181369
1403638615377829376.000000 -9.489389420 -1.237979531 -5.401805401 -0.375254124 -0.721336782 -0.253962398 0.523794532
1403638615527829504.000000 -9.295238495 -1.219197512 -5.365299702 -0.408401519 -0.700820386 -0.282381654 0.512171566
1403638615677829376.000000 -9.103617668 -1.202751756 -5.338681698 -0.433127075 -0.684920847 -0.301378757 0.502449274
1403638615827829504.000000 -8.914385796 -1.189988375 -5.302565575 -0.448007137 -0.675093949 -0.310943156 0.496842206
1403638616027829504.000000 -8.659332275 -1.178813219 -5.248235703 -0.468561262 -0.661435544 -0.321755439 0.489312559
1403638616127829504.000000 -8.528691292 -1.174825311 -5.230910778 -0.478000104 -0.655887246 -0.330113292 0.482030272
1403638616377829376.000000 -8.193047523 -1.169704676 -5.255692005 -0.514695942 -0.629810393 -0.352351010 0.462899238
1403638616527829504.000000 -7.986705303 -1.169385910 -5.304138660 -0.534505665 -0.615507007 -0.363303244 0.451071769
1403638616977829376.000000 -7.376350880 -1.150879860 -5.476961136 -0.569418371 -0.611010849 -0.352348179 0.422231287
1403638617277829376.000000 -6.952622890 -1.057966590 -5.514437675 -0.553988457 -0.618373990 -0.367645353 0.418983608
1403638617627829504.000000 -6.492598534 -0.892115474 -5.478819847 -0.550301731 -0.630275190 -0.362161189 0.410804570
1403638618077829376.000000 -5.977237225 -0.562332273 -5.305062294 -0.540235221 -0.632985175 -0.366355240 0.416244566
1403638618227829504.000000 -5.822950363 -0.430212498 -5.254672050 -0.539722025 -0.633567274 -0.364751548 0.417431355
1403638618677829376.000000 -5.412550926 0.005915055 -5.158724785 -0.537873447 -0.632121384 -0.370715052 0.416755438
1403638618827829504.000000 -5.291620731 0.167194143 -5.123567581 -0.540644050 -0.627742648 -0.374271691 0.416610152
1403638619127829504.000000 -5.069535732 0.499890834 -5.051988602 -0.558050573 -0.598609626 -0.403550267 0.409137219
1403638619277829376.000000 -4.965683937 0.664081275 -5.042140007 -0.580591202 -0.572915494 -0.420362890 0.397462875
1403638620927829504.000000 -3.827494383 2.038073301 -5.207068920 -0.639195204 -0.506415844 -0.446334660 0.368453383
1403638621927829504.000000 -3.028708458 2.488380671 -5.221712112 -0.613434494 -0.512912750 -0.466304123 0.378390193
1403638624877829376.000000 -2.352039099 0.337774396 -5.340017319 -0.621418834 -0.510128498 -0.462830544 0.373356998
1403638625077829376.000000 -2.333445072 0.082179666 -5.340757847 -0.621756196 -0.515222847 -0.450248241 0.381105125
1403638625377829376.000000 -2.301767349 -0.299336255 -5.364035130 -0.621039867 -0.518109798 -0.442940235 0.386879623
1403638625627829504.000000 -2.266186714 -0.613161683 -5.363742352 -0.620566010 -0.519681334 -0.442755014 0.385742426
1403638626077829376.000000 -2.182053804 -1.151200056 -5.348330498 -0.629565358 -0.524364531 -0.432722896 0.376085550
1403638626527829504.000000 -2.074225426 -1.627022386 -5.419925213 -0.620590091 -0.527812958 -0.446733505 0.369744033
1403638626877829376.000000 -2.007201910 -1.953040957 -5.479393482 -0.628319681 -0.533824682 -0.434864253 0.362130940
1403638627127829504.000000 -1.967692971 -2.140808821 -5.487467289 -0.628620148 -0.534582794 -0.433294386 0.362372756
1403638627477829376.000000 -1.919036508 -2.346814632 -5.531079292 -0.625802636 -0.536680698 -0.436157912 0.360709399
1403638627827829504.000000 -1.885907054 -2.492746592 -5.594429970 -0.619887412 -0.532471478 -0.446264803 0.364775985
1403638628227829504.000000 -1.880764723 -2.611776590 -5.666095257 -0.623162448 -0.534579754 -0.444575429 0.358114272
1403638628377829376.000000 -1.888714075 -2.641043425 -5.684140682 -0.624877095 -0.534089684 -0.443126291 0.357653439
1403638628827829504.000000 -1.922678947 -2.692622900 -5.713528156 -0.626182199 -0.516892135 -0.442105412 0.381131589
1403638629227829504.000000 -1.928131461 -2.728367567 -5.759553432 -0.620664716 -0.525771141 -0.450319201 0.368174762
1403638629427829504.000000 -1.937796354 -2.739993095 -5.767749310 -0.624115527 -0.529326260 -0.446318895 0.362067759
1403638629577829376.000000 -1.949669600 -2.741453648 -5.772162437 -0.630741835 -0.531024933 -0.437677294 0.358630598
1403638630077829376.000000 -1.961219192 -2.698348999 -5.803569317 -0.617427170 -0.511341691 -0.458718479 0.383263290
1403638630277829376.000000 -1.957654715 -2.689593315 -5.867586613 -0.618989766 -0.519515991 -0.456543207 0.372187108
1403638630677829376.000000 -1.971284986 -2.637653351 -5.900853157 -0.629731238 -0.536327004 -0.434367508 0.356534421
1403638630827829504.000000 -1.965911388 -2.632895947 -5.906276703 -0.630272090 -0.541498005 -0.430444062 0.352498174
1403638630977829376.000000 -1.966713905 -2.632409811 -5.908980846 -0.629668474 -0.543213367 -0.428969771 0.352734655
1403638631077829376.000000 -1.966797113 -2.632663965 -5.910069466 -0.629319847 -0.543510199 -0.429508507 0.352243662
1403638631577829376.000000 -1.966869116 -2.632192612 -5.909648895 -0.629878163 -0.542900681 -0.429091156 0.352694213
