#LBA time[ms],KF opt[#],KF fixed[#],MP[#],Edges[#]
0.013472,3,1,0,760
0.004448,4,1,0,760
0.297380,5,1,0,1315
0.618888,6,1,0,1829
0.747081,7,1,0,2123
0.894412,8,1,0,2487
1.135790,9,1,0,2748
1.405778,10,1,0,2725
1.579029,0,0,0,0
50.098697,0,0,0,0
1.453075,0,0,0,0
1.508340,0,0,0,0
2.166716,0,0,0,0
2.324223,0,0,0,0
2.872517,0,0,0,0
3.173833,0,0,0,0
3.151913,0,0,0,0
3.525710,0,0,0,0
3.371692,0,0,0,0
3.476589,0,0,0,0
3.864434,0,0,0,0
5.433350,0,0,0,0
6.232529,0,0,0,0
5.321093,0,0,0,0
5.611208,0,0,0,0
5.418119,0,0,0,0
5.396901,0,0,0,0
5.769098,0,0,0,0
5.401158,0,0,0,0
5.381446,0,0,0,0
5.130275,0,0,0,0
4.997409,0,0,0,0
5.427783,0,0,0,0
4.743774,0,0,0,0
4.744541,0,0,0,0
5.942605,0,0,0,0
5.207747,0,0,0,0
6.180432,0,0,0,0
7.198782,0,0,0,0
5.166659,0,0,0,0
6.490260,0,0,0,0
7.521185,0,0,0,0
5.802092,0,0,0,0
5.121155,0,0,0,0
7.477089,0,0,0,0
5.259940,0,0,0,0
4.437146,0,0,0,0
5.514471,0,0,0,0
6.010830,0,0,0,0
4.543387,0,0,0,0
4.922368,0,0,0,0
7.213757,0,0,0,0
5.028257,0,0,0,0
6.472020,0,0,0,0
6.760376,0,0,0,0
5.421734,0,0,0,0
7.465408,0,0,0,0
7.985703,0,0,0,0
5.127619,0,0,0,0
7.515745,0,0,0,0
8.764626,0,0,0,0
5.553960,0,0,0,0
7.180541,0,0,0,0
6.029838,0,0,0,0
7.369279,0,0,0,0
4.612891,0,0,0,0
6.588693,0,0,0,0
5.895245,0,0,0,0
8.549390,0,0,0,0
5.440967,0,0,0,0
6.068462,0,0,0,0
7.253438,0,0,0,0
6.420692,0,0,0,0
7.913031,0,0,0,0
6.010702,0,0,0,0
6.856345,0,0,0,0
5.001280,0,0,0,0
6.415380,0,0,0,0
4.359353,0,0,0,0
6.159120,0,0,0,0
4.954465,0,0,0,0
5.119778,0,0,0,0
4.332248,0,0,0,0
4.205719,0,0,0,0
4.317432,0,0,0,0
7.365119,0,0,0,0
5.058433,0,0,0,0
8.369837,0,0,0,0
4.468154,0,0,0,0
7.826597,0,0,0,0
4.897696,0,0,0,0
4.261496,0,0,0,0
7.601442,0,0,0,0
4.119510,0,0,0,0
5.293381,0,0,0,0
4.250743,0,0,0,0
4.507546,0,0,0,0
5.173155,0,0,0,0
7.413152,0,0,0,0
6.870809,0,0,0,0
7.414656,0,0,0,0
5.132995,0,0,0,0
5.066465,0,0,0,0
7.018203,0,0,0,0
7.069243,0,0,0,0
4.828414,0,0,0,0
6.461460,0,0,0,0
5.130595,0,0,0,0
5.597417,0,0,0,0
6.566005,0,0,0,0
6.959291,0,0,0,0
6.051662,0,0,0,0
7.367487,0,0,0,0
7.491873,0,0,0,0
7.886022,0,0,0,0
8.132681,0,0,0,0
6.642966,0,0,0,0
7.213661,0,0,0,0
9.730974,0,0,0,0
9.823455,0,0,0,0
10.170499,0,0,0,0
11.700727,0,0,0,0
10.083682,0,0,0,0
10.523592,0,0,0,0
10.230052,0,0,0,0
8.404941,0,0,0,0
12.383585,0,0,0,0
10.899373,0,0,0,0
10.385382,0,0,0,0
10.325190,0,0,0,0
9.599580,0,0,0,0
11.681016,0,0,0,0
11.061871,0,0,0,0
11.069295,0,0,0,0
11.094320,0,0,0,0
8.979188,0,0,0,0
11.167377,0,0,0,0
11.362387,0,0,0,0
11.447189,0,0,0,0
11.537973,0,0,0,0
9.722046,0,0,0,0
11.645207,0,0,0,0
11.974075,0,0,0,0
12.016444,0,0,0,0
11.977371,0,0,0,0
10.637065,0,0,0,0
12.651492,0,0,0,0
12.338336,0,0,0,0
12.692421,0,0,0,0
11.820889,0,0,0,0
10.903181,0,0,0,0
12.315808,0,0,0,0
15.455912,0,0,0,0
14.303961,0,0,0,0
14.102007,0,0,0,0
11.405684,0,0,0,0
14.133079,0,0,0,0
11.702519,0,0,0,0
11.546358,0,0,0,0
12.283999,0,0,0,0
15.616394,0,0,0,0
11.861178,0,0,0,0
14.578109,0,0,0,0
9.651773,0,0,0,0
12.566850,0,0,0,0
15.334055,0,0,0,0
12.037436,0,0,0,0
13.383214,0,0,0,0
10.086467,0,0,0,0
9.837855,0,0,0,0
13.640496,0,0,0,0
11.156976,0,0,0,0
12.918376,0,0,0,0
11.241362,0,0,0,0
9.362681,0,0,0,0
12.053884,0,0,0,0
15.244229,0,0,0,0
10.877069,0,0,0,0
8.741905,0,0,0,0
10.622602,0,0,0,0
13.945332,0,0,0,0
11.757112,0,0,0,0
11.928091,0,0,0,0
12.908839,0,0,0,0
13.414542,0,0,0,0
9.948161,0,0,0,0
15.828396,0,0,0,0
13.323980,0,0,0,0
12.255454,0,0,0,0
10.156740,0,0,0,0
10.704874,0,0,0,0
12.124541,0,0,0,0
12.505698,0,0,0,0
16.417237,0,0,0,0
18.144939,0,0,0,0
12.416800,0,0,0,0
16.466134,0,0,0,0
15.509097,0,0,0,0
14.011702,0,0,0,0
12.185278,0,0,0,0
13.514158,0,0,0,0
12.794501,0,0,0,0
12.229022,0,0,0,0
12.664388,0,0,0,0
18.089514,0,0,0,0
16.441813,0,0,0,0
13.643696,0,0,0,0
12.433793,0,0,0,0
12.259519,0,0,0,0
15.852173,0,0,0,0
15.020866,0,0,0,0
11.702136,0,0,0,0
14.102551,0,0,0,0
17.215231,0,0,0,0
13.462479,0,0,0,0
15.475496,0,0,0,0
17.519395,0,0,0,0
12.876327,0,0,0,0
17.090781,0,0,0,0
11.797113,0,0,0,0
17.994409,0,0,0,0
11.201425,0,0,0,0
13.825267,0,0,0,0
12.891495,0,0,0,0
14.852672,0,0,0,0
12.673252,0,0,0,0
14.695519,0,0,0,0
14.580700,0,0,0,0
13.659536,0,0,0,0
14.831584,0,0,0,0
18.861620,0,0,0,0
13.919924,0,0,0,0
13.002376,0,0,0,0
12.344928,0,0,0,0
8.840754,0,0,0,0
13.891252,0,0,0,0
13.526767,0,0,0,0
7.869030,0,0,0,0
11.639863,0,0,0,0
12.197022,0,0,0,0
11.949595,0,0,0,0
12.439553,0,0,0,0
10.249700,0,0,0,0
6.741880,0,0,0,0
13.220875,0,0,0,0
11.578710,0,0,0,0
7.045564,0,0,0,0
12.219966,0,0,0,0
12.306464,0,0,0,0
6.541877,0,0,0,0
12.654180,0,0,0,0
6.453395,0,0,0,0
10.289637,0,0,0,0
10.224485,0,0,0,0
10.599113,0,0,0,0
10.604906,0,0,0,0
10.355718,0,0,0,0
9.950753,0,0,0,0
6.711222,0,0,0,0
10.612553,0,0,0,0
9.933409,0,0,0,0
10.533640,0,0,0,0
11.042767,0,0,0,0
11.714744,0,0,0,0
11.063503,0,0,0,0
8.436205,0,0,0,0
7.591651,0,0,0,0
7.348831,0,0,0,0
11.405108,0,0,0,0
10.687082,0,0,0,0
8.727281,0,0,0,0
6.277777,0,0,0,0
11.653046,0,0,0,0
8.585775,0,0,0,0
10.608586,0,0,0,0
9.685917,0,0,0,0
9.969921,0,0,0,0
9.903040,0,0,0,0
6.527988,0,0,0,0
8.438509,0,0,0,0
8.788018,0,0,0,0
7.922791,0,0,0,0
10.847341,0,0,0,0
7.554241,0,0,0,0
10.327077,0,0,0,0
7.349824,0,0,0,0
9.296792,0,0,0,0
7.257022,0,0,0,0
8.195818,0,0,0,0
8.617680,0,0,0,0
9.711133,0,0,0,0
9.837567,0,0,0,0
10.410279,0,0,0,0
9.144119,0,0,0,0
9.192118,0,0,0,0
15.109892,0,0,0,0
8.450702,0,0,0,0
8.432141,0,0,0,0
6.807640,0,0,0,0
12.479746,0,0,0,0
11.125616,0,0,0,0
11.985595,0,0,0,0
9.907168,0,0,0,0
7.875494,0,0,0,0
10.753227,0,0,0,0
7.642051,0,0,0,0
14.844480,0,0,0,0
15.212357,0,0,0,0
14.872448,0,0,0,0
8.830163,0,0,0,0
16.222930,0,0,0,0
18.608017,0,0,0,0
16.718936,0,0,0,0
15.787565,0,0,0,0
18.147723,0,0,0,0
15.685995,0,0,0,0
16.036464,0,0,0,0
12.469409,0,0,0,0
14.540252,0,0,0,0
17.879016,0,0,0,0
14.419227,0,0,0,0
17.663813,0,0,0,0
15.932558,0,0,0,0
23.656114,0,0,0,0
34.006680,0,0,0,0
21.213267,0,0,0,0
23.173291,0,0,0,0
17.662916,0,0,0,0
21.405429,0,0,0,0
21.847706,0,0,0,0
18.442062,0,0,0,0
15.076643,0,0,0,0
17.567748,0,0,0,0
19.698431,0,0,0,0
19.389339,0,0,0,0
19.578334,0,0,0,0
19.106327,0,0,0,0
19.629918,0,0,0,0
20.614987,0,0,0,0
21.720409,0,0,0,0
15.263110,0,0,0,0
21.323252,0,0,0,0
15.422407,0,0,0,0
21.181362,0,0,0,0
14.363450,0,0,0,0
14.686398,0,0,0,0
18.458415,0,0,0,0
16.680312,0,0,0,0
14.130487,0,0,0,0
20.082628,0,0,0,0
22.321217,0,0,0,0
23.319598,0,0,0,0
20.997616,0,0,0,0
21.221490,0,0,0,0
25.434473,0,0,0,0
19.814368,0,0,0,0
17.021212,0,0,0,0
19.360795,0,0,0,0
18.521040,0,0,0,0
22.924936,0,0,0,0
23.476720,0,0,0,0
22.787046,0,0,0,0
19.602590,0,0,0,0
19.372315,0,0,0,0
23.940502,0,0,0,0
19.264281,0,0,0,0
20.832590,0,0,0,0
21.043984,0,0,0,0
20.963344,0,0,0,0
21.883131,0,0,0,0
15.940558,0,0,0,0
21.935324,0,0,0,0
21.206579,0,0,0,0
21.746681,0,0,0,0
20.197413,0,0,0,0
19.761087,0,0,0,0
21.698873,0,0,0,0
18.723186,0,0,0,0
22.243808,0,0,0,0
21.786426,0,0,0,0
21.252563,0,0,0,0
19.732767,0,0,0,0
24.413244,0,0,0,0
20.760525,0,0,0,0
20.801805,0,0,0,0
21.032688,0,0,0,0
22.762822,0,0,0,0
17.887335,0,0,0,0
21.936028,0,0,0,0
21.510838,0,0,0,0
19.189304,0,0,0,0
22.867848,0,0,0,0
24.998243,0,0,0,0
28.103308,0,0,0,0
38.383952,0,0,0,0
29.845826,0,0,0,0
31.244308,0,0,0,0
30.369353,0,0,0,0
33.376176,0,0,0,0
28.812628,0,0,0,0
35.806159,0,0,0,0
30.419530,0,0,0,0
31.691577,0,0,0,0
26.143858,0,0,0,0
28.185261,0,0,0,0
23.408366,0,0,0,0
28.851670,0,0,0,0
30.738286,0,0,0,0
22.863112,0,0,0,0
31.400886,0,0,0,0
29.688448,0,0,0,0
25.104101,0,0,0,0
25.290951,0,0,0,0
27.173823,0,0,0,0
30.103109,0,0,0,0
31.775035,0,0,0,0
31.022641,0,0,0,0
28.843253,0,0,0,0
28.117932,0,0,0,0
31.178099,0,0,0,0
25.991312,0,0,0,0
28.706931,0,0,0,0
26.095057,0,0,0,0
29.572670,0,0,0,0
33.328655,0,0,0,0
26.263219,0,0,0,0
37.661383,0,0,0,0
32.569509,0,0,0,0
23.548464,0,0,0,0
25.661036,0,0,0,0
31.415286,0,0,0,0
35.036005,0,0,0,0
30.909808,0,0,0,0
33.019051,0,0,0,0
28.004331,0,0,0,0
32.581669,0,0,0,0
35.917585,0,0,0,0
31.737306,0,0,0,0
51.021524,0,0,0,0
41.185813,0,0,0,0
33.348816,0,0,0,0
34.161850,0,0,0,0
30.958608,0,0,0,0
36.066323,0,0,0,0
36.340406,0,0,0,0
36.907517,0,0,0,0
34.318203,0,0,0,0
33.018475,0,0,0,0
25.642636,0,0,0,0
26.326548,0,0,0,0
33.193613,0,0,0,0
32.676870,0,0,0,0
31.454422,0,0,0,0
34.821954,0,0,0,0
32.747911,0,0,0,0
40.744175,0,0,0,0
34.778946,0,0,0,0
43.279632,0,0,0,0
46.565402,0,0,0,0
36.169811,0,0,0,0
41.833021,0,0,0,0
34.750273,0,0,0,0
42.984108,0,0,0,0
40.593068,0,0,0,0
45.400331,0,0,0,0
34.573887,0,0,0,0
42.373667,0,0,0,0
41.989951,0,0,0,0
41.732348,0,0,0,0
47.094305,0,0,0,0
37.199777,0,0,0,0
40.164552,0,0,0,0
44.790179,0,0,0,0
38.833110,0,0,0,0
41.216245,0,0,0,0
43.339793,0,0,0,0
42.735240,0,0,0,0
47.425221,0,0,0,0
40.841200,0,0,0,0
36.411511,0,0,0,0
42.339588,0,0,0,0
41.322838,0,0,0,0
45.463532,0,0,0,0
41.786653,0,0,0,0
47.107009,0,0,0,0
35.400585,0,0,0,0
45.346155,0,0,0,0
47.883179,0,0,0,0
41.433656,0,0,0,0
44.287293,0,0,0,0
51.027507,0,0,0,0
38.937591,0,0,0,0
43.522707,0,0,0,0
47.805962,0,0,0,0
45.820336,0,0,0,0
45.837649,0,0,0,0
44.803907,0,0,0,0
39.891044,0,0,0,0
41.887613,0,0,0,0
44.568736,0,0,0,0
43.843958,0,0,0,0
45.272489,0,0,0,0
43.271407,0,0,0,0
39.227771,0,0,0,0
48.395857,0,0,0,0
44.804483,0,0,0,0
36.548312,0,0,0,0
42.754185,0,0,0,0
44.705858,0,0,0,0
35.800911,0,0,0,0
38.116140,0,0,0,0
39.072057,0,0,0,0
40.775727,0,0,0,0
42.969068,0,0,0,0
43.375057,0,0,0,0
43.381937,0,0,0,0
43.693813,0,0,0,0
44.380189,0,0,0,0
48.137391,0,0,0,0
39.208986,0,0,0,0
43.102893,0,0,0,0
43.057613,0,0,0,0
45.629550,0,0,0,0
45.419915,0,0,0,0
44.828483,0,0,0,0
39.782690,0,0,0,0
43.050797,0,0,0,0
43.046125,0,0,0,0
52.088129,0,0,0,0
44.024505,0,0,0,0
45.890705,0,0,0,0
36.253844,0,0,0,0
38.465201,0,0,0,0
31.676409,0,0,0,0
43.165294,0,0,0,0
41.868957,0,0,0,0
45.231592,0,0,0,0
35.241031,0,0,0,0
40.235240,0,0,0,0
46.567322,0,0,0,0
33.750580,0,0,0,0
32.179456,0,0,0,0
32.242849,0,0,0,0
29.090456,0,0,0,0
29.543358,0,0,0,0
36.236277,0,0,0,0
38.759797,0,0,0,0
38.667316,0,0,0,0
38.789077,0,0,0,0
20.333511,0,0,0,0
27.269889,0,0,0,0
27.275393,0,0,0,0
19.867745,0,0,0,0
26.046576,0,0,0,0
24.679263,0,0,0,0
16.362836,-1058073658,90,0,1080065044
23.374766,-1053310026,0,-88279334,1487364354
