1403638128895097088.000000 0.119882338 0.495586872 -0.111888126 -0.584722698 -0.603121936 -0.369765490 0.397009850
1403638131745096960.000000 0.115919992 0.506834030 0.129159227 -0.560001314 -0.594392836 -0.372509956 0.440831214
1403638134445096960.000000 0.283256352 0.594463050 0.132964611 -0.628945649 -0.518722653 -0.412198693 0.406751066
1403638137245096960.000000 0.153031945 0.510702491 0.097664215 -0.639801204 -0.511682093 -0.397581518 0.413236886
1403638137695097088.000000 0.085912421 0.503641367 -0.061496988 -0.634013474 -0.554361105 -0.400787294 0.360666364
1403638137895097088.000000 0.081899740 0.497493804 -0.092676334 -0.638808787 -0.556776822 -0.401203275 0.347791344
1403638138295097088.000000 0.079177275 0.494854003 -0.111137651 -0.637414396 -0.554345548 -0.405912817 0.348767400
1403638138795097088.000000 0.053263970 0.494119972 -0.135432884 -0.634475112 -0.549815536 -0.412631035 0.353383452
1403638139295097088.000000 0.047972877 0.490141451 -0.148382559 -0.634816885 -0.548718870 -0.412170053 0.355008334
1403638140295097088.000000 0.014910541 0.498284698 -0.153263047 -0.635441959 -0.547995031 -0.413105488 0.353919238
1403638142295097088.000000 0.082055613 0.464476526 -0.147028834 -0.637750447 -0.544816315 -0.415098101 0.352339625
1403638142795097088.000000 0.039073002 0.490383625 -0.160616010 -0.635039747 -0.548238754 -0.413027883 0.354354233
1403638143345096960.000000 0.048598338 0.492423296 -0.168142423 -0.634156942 -0.548790693 -0.412765712 0.355384827
1403638144195097088.000000 0.065348536 0.486269116 -0.169428885 -0.634245753 -0.548861682 -0.412627429 0.355277121
1403638145745096960.000000 0.065550968 0.485490382 -0.168318048 -0.634807348 -0.549110532 -0.411692739 0.354973972
1403638146795097088.000000 0.065742187 0.485310555 -0.168062627 -0.634516716 -0.548547029 -0.411992937 0.356014818
1403638147295097088.000000 0.066100247 0.486905694 -0.169047818 -0.634722233 -0.548965394 -0.411647379 0.355402678
1403638147795097088.000000 0.064905912 0.497942060 -0.153656662 -0.632776558 -0.547308207 -0.414137274 0.358521789
1403638149145096960.000000 0.059512988 0.688653409 0.160539150 -0.610074878 -0.550663531 -0.426457554 0.377772719
1403638151845096960.000000 -0.774683774 1.547434092 0.320947677 -0.462526172 -0.681815386 -0.328117728 0.462099731
1403638152645096960.000000 -1.325736165 1.857689738 0.415333748 -0.457736880 -0.688712120 -0.331430137 0.454210013
1403638153095097088.000000 -1.725812674 2.032032728 0.461816937 -0.429863036 -0.704727769 -0.299767613 0.478242606
1403638153345096960.000000 -1.955519676 2.136034727 0.507279813 -0.413465053 -0.720080674 -0.285166979 0.478759140
1403638153845096960.000000 -2.466381550 2.365835190 0.582741201 -0.343363047 -0.755479932 -0.253251553 0.497207850
1403638154695097088.000000 -3.425083160 2.665599108 0.551261961 -0.317350358 -0.745191157 -0.242243439 0.534132123
1403638155095097088.000000 -3.856271029 2.684246540 0.609283209 -0.284502029 -0.765597999 -0.228477031 0.529826999
1403638155495097088.000000 -4.293838024 2.627249956 0.672364473 -0.247324586 -0.768184900 -0.212780774 0.550860226
1403638155695097088.000000 -4.509285927 2.564788580 0.661464512 -0.225921959 -0.769286752 -0.185725018 0.568034589
1403638155895097088.000000 -4.709209442 2.480471134 0.633759141 -0.195526049 -0.779843152 -0.152777329 0.574694037
1403638156395097088.000000 -5.141863346 2.228260994 0.632044911 -0.114070818 -0.820978105 -0.068671271 0.555218160
1403638156645096960.000000 -5.355582714 2.123547554 0.628541529 -0.100557275 -0.825592458 -0.055507250 0.552452981
1403638156845096960.000000 -5.538687706 2.056202173 0.601907730 -0.099592261 -0.826336324 -0.055209633 0.551544845
1403638157295097088.000000 -5.992359638 1.955225229 0.577889621 -0.107958384 -0.829856575 -0.059615478 0.544177532
1403638157945096960.000000 -6.768816948 1.855323195 0.626067996 -0.027683454 -0.820056617 -0.028446352 0.570904136
1403638158245096960.000000 -7.128772736 1.791773677 0.672200799 -0.001986864 -0.822652280 0.008458683 0.568478465
1403638158845096960.000000 -7.805021763 1.677650809 0.631777704 0.004981090 -0.822493672 0.007268365 0.568706155
1403638159095097088.000000 -8.078134537 1.628752112 0.653185725 -0.003046342 -0.834597290 0.011167022 0.550738990
1403638159345096960.000000 -8.370995522 1.593074560 0.683419704 -0.008205972 -0.836586058 0.012476669 0.547632039
1403638159895097088.000000 -9.026891708 1.602687359 0.828497112 -0.019749820 -0.794384837 0.029458296 0.606378555
1403638160345096960.000000 -9.356369972 1.738416195 1.103433847 0.001320729 -0.824664414 0.007502823 0.565570951
1403638160595097088.000000 -9.510897636 1.815575838 1.281961322 0.001857209 -0.831395566 0.007337959 0.555629373
1403638160895097088.000000 -9.719252586 1.915970683 1.450700283 -0.014444795 -0.816424131 0.015208892 0.577071726
1403638161195097088.000000 -9.897233009 2.041313410 1.591165185 -0.060455844 -0.805420756 -0.016427491 0.589383304
1403638161845096960.000000 -10.200913429 2.405722618 1.837387800 -0.146272779 -0.812192559 -0.073506251 0.559950471
1403638162045096960.000000 -10.291469574 2.521459818 1.876113415 -0.162014470 -0.805369496 -0.084998593 0.563832104
1403638163445096960.000000 -10.810818672 3.735409975 2.236966133 -0.223429948 -0.783883989 -0.137817442 0.562682152
1403638166345096960.000000 -9.678207397 6.682512283 2.580799818 -0.278256536 -0.771311641 -0.197232008 0.537355721
1403638166595097088.000000 -9.475183487 6.869950771 2.706688643 -0.273286372 -0.773464978 -0.196962386 0.536909938
1403638166845096960.000000 -9.287971497 7.046573162 2.788813829 -0.285249919 -0.775638819 -0.174687326 0.535258114
1403638167045096960.000000 -9.148274422 7.196926594 2.816437960 -0.295975894 -0.787975669 -0.157621026 0.516380012
1403638167695097088.000000 -8.846423149 7.865910053 2.999003887 -0.294618964 -0.774729133 -0.170128137 0.532964289
1403638169045096960.000000 -8.274099350 9.771729469 3.186141014 -0.381566077 -0.743235171 -0.268111140 0.479713798
1403638169295097088.000000 -8.236209869 10.145954132 3.158810377 -0.386190593 -0.726283491 -0.255440146 0.508054614
1403638169545096960.000000 -8.188028336 10.519317627 3.105703592 -0.415542364 -0.691981733 -0.255902290 0.531977296
1403638169845096960.000000 -8.047472000 10.961635590 3.088207006 -0.446265727 -0.674581051 -0.311417162 0.498805374
1403638170595097088.000000 -7.613398552 11.792395592 3.090294123 -0.569666684 -0.560557544 -0.394566566 0.453400940
1403638171045096960.000000 -7.259644985 12.100538254 3.141118526 -0.621755779 -0.496029288 -0.439473331 0.417418182
1403638171295097088.000000 -7.020363331 12.201588631 3.153190136 -0.638054848 -0.471915871 -0.453099579 0.406056970
1403638171745096960.000000 -6.526350021 12.219309807 3.128990650 -0.653456390 -0.438260406 -0.467027396 0.403494805
1403638172145096960.000000 -5.993680000 12.039134026 3.116790056 -0.659544468 -0.415807009 -0.488060027 0.392304718
1403638172345096960.000000 -5.697400093 11.872362137 3.122894049 -0.661270142 -0.416955233 -0.489797294 0.385964751
1403638172545096960.000000 -5.396743298 11.659685135 3.090570927 -0.658614874 -0.416156232 -0.491121829 0.389666319
1403638174395097088.000000 -2.156870127 8.161679268 1.740579844 -0.669946671 -0.466014236 -0.461306214 0.348136157
1403638174595097088.000000 -1.827883601 7.744588375 1.576059222 -0.673609853 -0.472919226 -0.454286546 0.340912074
1403638174795097088.000000 -1.512592077 7.342454910 1.441031575 -0.677377224 -0.480237573 -0.448773801 0.330354482
1403638176195097088.000000 0.500997365 5.724308491 0.987025857 -0.670505226 -0.503518224 -0.457899123 0.295331210
1403638176445096960.000000 0.795212150 5.715853214 0.946593642 -0.658357143 -0.490138918 -0.476538718 0.315024912
1403638177195097088.000000 1.361997366 5.795616150 1.016900539 -0.662502229 -0.494302928 -0.473603398 0.304064631
1403638177495097088.000000 1.505747676 5.865216732 0.950012088 -0.663327456 -0.491514534 -0.473382354 0.307114571
1403638178895097088.000000 2.055313826 6.035894394 0.816742003 -0.754543304 -0.323467016 -0.509449780 0.257865310
1403638179195097088.000000 2.221295595 5.959256172 0.760818660 -0.775373578 -0.309218347 -0.504283667 0.221083462
1403638179895097088.000000 2.739923477 5.817199230 0.591739416 -0.798902452 -0.192753047 -0.548794627 0.153054625
1403638180195097088.000000 2.959379911 5.751929760 0.580779731 -0.815807819 -0.158324197 -0.541381359 0.127660647
1403638180845096960.000000 3.560983658 5.609978199 0.475973397 -0.822576404 -0.166457400 -0.531574249 0.114406288
1403638181895097088.000000 4.792150974 5.379738331 0.316047162 -0.812582254 -0.060668677 -0.575398922 0.070323244
1403638182145096960.000000 5.060344219 5.248073578 0.321020901 -0.826590598 -0.031482585 -0.560289323 0.042810071
1403638182445096960.000000 5.383086681 5.080638409 0.344805747 -0.835476696 -0.014659785 -0.547731996 0.041876089
1403638182745096960.000000 5.740867138 4.896905422 0.420974582 -0.839048564 -0.031376466 -0.542440474 0.027774986
1403638183495097088.000000 6.764512539 4.506099224 0.505243719 -0.836061180 -0.047922984 -0.545983613 0.024636397
1403638183745096960.000000 7.134469509 4.409182549 0.490281790 -0.829711616 -0.050638653 -0.555453360 0.022044331
1403638184295097088.000000 7.917551041 4.290290356 0.570137918 -0.831829488 -0.047240160 -0.552612066 0.021163492
1403638184645096960.000000 8.421114922 4.269378662 0.611520648 -0.822951198 -0.045919660 -0.565871000 0.020803917
1403638185095097088.000000 9.050340652 4.304234505 0.667300880 -0.822558343 -0.045455817 -0.566535115 0.019222816
1403638185295097088.000000 9.321000099 4.342559338 0.693375409 -0.822625995 -0.050987814 -0.566146016 0.012865764
1403638185545096960.000000 9.648118019 4.418910503 0.722240448 -0.814575672 -0.069825098 -0.575690329 0.013102612
1403638186145096960.000000 10.350390434 4.697848797 0.802008152 -0.820220530 -0.087610722 -0.560835004 0.070900112
1403638186445096960.000000 10.681468964 4.828458786 0.848706543 -0.820185125 -0.095566392 -0.560843706 0.060149543
1403638186695097088.000000 10.958624840 4.945210934 0.896700501 -0.819840908 -0.100769468 -0.561588228 0.048220251
1403638189245096960.000000 12.160490990 6.460148811 1.262018681 -0.750185788 -0.267395407 -0.568829119 0.205315635
1403638191895097088.000000 10.280004501 7.011007786 1.445804358 -0.740737140 -0.363500834 -0.514176846 0.234089360
1403638192745096960.000000 9.512195587 7.433688641 1.634742975 -0.719501913 -0.346230417 -0.543360412 0.259231716
1403638193145096960.000000 9.097381592 7.575206280 1.733407736 -0.704490483 -0.328821093 -0.552886486 0.299810827
1403638193345096960.000000 8.871521950 7.566706181 1.806886554 -0.706152558 -0.353648782 -0.540608883 0.289867461
1403638194245096960.000000 7.796372890 7.190923214 2.037626028 -0.710828245 -0.372022033 -0.526745439 0.280824035
1403638197095097088.000000 5.691367626 6.800180912 2.091204405 -0.734843016 -0.378707200 -0.497194827 0.263408154
1403638198045096960.000000 5.482134819 7.204850674 2.290036440 -0.706422806 -0.371164590 -0.534769833 0.277893603
1403638198445096960.000000 5.321577072 7.337203503 2.184999943 -0.715779543 -0.380183667 -0.521898806 0.265973330
1403638198745096960.000000 5.166244984 7.413609982 2.059020996 -0.696845174 -0.403317034 -0.545544505 0.232644424
1403638199045096960.000000 4.910644531 7.502777100 1.982776165 -0.693936884 -0.405840278 -0.548437774 0.230133057
1403638199495097088.000000 4.323774338 7.688600063 2.035515070 -0.693122327 -0.402389556 -0.551191926 0.232059598
1403638199895097088.000000 3.603357315 7.879324913 2.184481382 -0.700119376 -0.412393421 -0.520240784 0.262895495
1403638200095097088.000000 3.205828190 7.976995468 2.254196644 -0.696767688 -0.421068043 -0.511185586 0.275510281
1403638200295097088.000000 2.798953533 8.078170776 2.311616421 -0.671751440 -0.443159580 -0.517053485 0.291573882
1403638200495097088.000000 2.372371435 8.175741196 2.377145767 -0.650239348 -0.468925625 -0.515391946 0.302768320
1403638200695097088.000000 1.925415993 8.267621994 2.466340542 -0.629827857 -0.497553378 -0.513456821 0.303512126
1403638201095097088.000000 0.944691002 8.432461739 2.646442652 -0.631908238 -0.507225811 -0.483060449 0.331762880
1403638201295097088.000000 0.425911516 8.507521629 2.681999922 -0.635384142 -0.502845228 -0.479656607 0.336694479
1403638201545096960.000000 -0.218119204 8.594072342 2.683488607 -0.635126650 -0.500359654 -0.484358191 0.334142864
1403638201745096960.000000 -0.733230233 8.655215263 2.665701866 -0.634854734 -0.498286188 -0.487541020 0.333127826
1403638201945096960.000000 -1.249065638 8.712125778 2.609343052 -0.634973764 -0.499040186 -0.486142844 0.333814830
1403638202195097088.000000 -1.902443290 8.756536484 2.556434870 -0.636337876 -0.505397856 -0.465374500 0.350818753
1403638202495097088.000000 -2.661923647 8.799416542 2.530430794 -0.639014959 -0.513128400 -0.449426144 0.355493009
1403638202745096960.000000 -3.266469002 8.837453842 2.470536947 -0.642246664 -0.512760103 -0.443659097 0.357439607
1403638203045096960.000000 -3.950832844 8.867414474 2.354548216 -0.639471412 -0.508906305 -0.449625641 0.360454708
1403638203345096960.000000 -4.585171223 8.919252396 2.304702044 -0.633196652 -0.506102681 -0.458798528 0.363903761
1403638203595097088.000000 -5.083555698 8.954526901 2.281214237 -0.635260701 -0.504411280 -0.455807328 0.366405189
1403638203995097088.000000 -5.823420525 8.952044487 2.253976345 -0.634141386 -0.506102383 -0.455546558 0.366336495
1403638204195097088.000000 -6.160874844 8.934895515 2.283543110 -0.639271319 -0.507361174 -0.445757776 0.367718369
1403638204395097088.000000 -6.477087021 8.907867432 2.337760687 -0.655396700 -0.501623452 -0.422898829 0.374146789
1403638204645096960.000000 -6.822506905 8.887935638 2.397186756 -0.656458259 -0.500244021 -0.419272363 0.378191978
1403638204895097088.000000 -7.111368656 8.874810219 2.416350365 -0.623733580 -0.535669088 -0.426659286 0.376798272
1403638205195097088.000000 -7.438549995 8.864676476 2.388095617 -0.550760329 -0.607229054 -0.398412675 0.411343306
1403638205445096960.000000 -7.718660831 8.853407860 2.395280838 -0.469559252 -0.664941370 -0.352148950 0.461907148
1403638205695097088.000000 -7.998127460 8.823560715 2.446838617 -0.398245871 -0.699039221 -0.348607451 0.480850577
1403638205895097088.000000 -8.242066383 8.765088081 2.509076595 -0.367348820 -0.714510560 -0.334484369 0.492595017
1403638206095097088.000000 -8.514819145 8.669653893 2.592579842 -0.338773668 -0.730701864 -0.300841630 0.510687351
1403638206295097088.000000 -8.794323921 8.541158676 2.691355705 -0.306234658 -0.742454171 -0.272443742 0.529864728
1403638206545096960.000000 -9.139078140 8.342716217 2.781972170 -0.293513745 -0.743299365 -0.238324046 0.551867187
1403638206795097088.000000 -9.451716423 8.109657288 2.831902981 -0.281487197 -0.746650577 -0.223188996 0.559879065
1403638207245096960.000000 -9.916753769 7.615973949 2.822587729 -0.263776392 -0.745464504 -0.211499780 0.574432433
1403638207445096960.000000 -10.084708214 7.375388145 2.768343925 -0.242019445 -0.748021722 -0.197619230 0.585522711
1403638207895097088.000000 -10.324008942 6.785278320 2.735010862 -0.206273586 -0.783842623 -0.140140980 0.568684816
1403638208145096960.000000 -10.399872780 6.466086388 2.752188444 -0.204518467 -0.784565687 -0.136868879 0.569118559
1403638208445096960.000000 -10.454687119 6.113293648 2.735847473 -0.206095234 -0.784398198 -0.140243948 0.567957580
1403638208695097088.000000 -10.476875305 5.828727245 2.726554394 -0.188979611 -0.791767120 -0.124982812 0.567248404
1403638208945096960.000000 -10.480259895 5.559615612 2.741901159 -0.170630470 -0.793764174 -0.112715110 0.572816789
1403638209295097088.000000 -10.448419571 5.215324402 2.696836948 -0.163344428 -0.794692695 -0.104381412 0.575227618
1403638209595097088.000000 -10.399781227 4.948019028 2.593618155 -0.163502708 -0.791500926 -0.102555200 0.579892695
1403638209845096960.000000 -10.344875336 4.746737957 2.401450157 -0.162144691 -0.792331338 -0.108048931 0.578139722
1403638210095097088.000000 -10.271478653 4.555614948 2.151644707 -0.157754958 -0.782645583 -0.115514778 0.590961576
1403638210345096960.000000 -10.163211823 4.361934662 1.921827793 -0.157315791 -0.778347075 -0.116073333 0.596619368
1403638210595097088.000000 -10.009183884 4.162856579 1.688471079 -0.158805057 -0.777572095 -0.115458645 0.597354174
1403638210845096960.000000 -9.800967216 3.954269409 1.452826142 -0.163224965 -0.776530147 -0.112108871 0.598155677
1403638211095097088.000000 -9.544852257 3.749378204 1.264981627 -0.166924715 -0.784903646 -0.105856210 0.587245166
1403638211345096960.000000 -9.266046524 3.560442686 1.129454732 -0.171378732 -0.789048314 -0.103611499 0.580772579
1403638211645096960.000000 -8.910895348 3.364089251 0.968899548 -0.208634451 -0.780596256 -0.124947056 0.575785816
1403638211895097088.000000 -8.587456703 3.220920563 0.810599327 -0.269134790 -0.763881683 -0.151760414 0.566586256
1403638212145096960.000000 -8.245302200 3.112080097 0.684172571 -0.321751982 -0.744976699 -0.191284955 0.552173436
1403638212395097088.000000 -7.882667542 3.027778149 0.606491208 -0.368306637 -0.723675251 -0.233676091 0.534826934
1403638212645096960.000000 -7.501677990 2.950404167 0.576670289 -0.418537855 -0.698356330 -0.264986157 0.516630292
1403638212895097088.000000 -7.099140644 2.871553421 0.581912994 -0.467815548 -0.668509722 -0.299620628 0.494440049
1403638213145096960.000000 -6.673018456 2.801493168 0.619228184 -0.521310985 -0.631083608 -0.333241671 0.467887104
1403638213395097088.000000 -6.233937740 2.743619919 0.632305145 -0.588567913 -0.589643300 -0.340949893 0.435501903
1403638213595097088.000000 -5.853971481 2.717375994 0.624023080 -0.624757111 -0.552983820 -0.360641956 0.416922987
1403638213895097088.000000 -5.248317719 2.713823080 0.626781881 -0.616627157 -0.533104420 -0.418923706 0.400091946
1403638214145096960.000000 -4.749903202 2.719334602 0.664894938 -0.621771932 -0.541581571 -0.413542986 0.386097372
1403638216895097088.000000 -0.509372890 2.869477749 0.403658748 -0.597539902 -0.542294383 -0.448125422 0.384768039
1403638219645096960.000000 0.266954362 2.184170485 0.401667684 -0.647252977 -0.472442299 -0.481135756 0.355486035
1403638221045096960.000000 0.160055518 1.418161869 0.358177781 -0.661191523 -0.481887400 -0.468577176 0.333235383
1403638221545096960.000000 0.098045208 1.184013724 0.321854055 -0.670002878 -0.478409797 -0.459414124 0.333405018
1403638222045096960.000000 0.050070424 0.970079303 0.290669292 -0.663119256 -0.476156443 -0.468875945 0.337199062
1403638222495097088.000000 0.011571143 0.797581196 0.280275494 -0.672909677 -0.485686153 -0.454957068 0.322979361
1403638222945096960.000000 -0.014045641 0.704417229 0.225783065 -0.656216562 -0.473102570 -0.477704138 0.342567831
1403638223345096960.000000 -0.052112617 0.609241009 0.176371917 -0.674223363 -0.479980618 -0.452677935 0.331849664
1403638223645096960.000000 -0.064849071 0.548030078 0.158548579 -0.671865165 -0.468881249 -0.456484705 0.346942902
1403638223945096960.000000 -0.052242294 0.489200115 0.126690537 -0.661781013 -0.482340485 -0.471301496 0.327518642
1403638224295097088.000000 -0.054494862 0.439659089 0.072785407 -0.670445025 -0.488273442 -0.458423942 0.319280565
1403638224595097088.000000 -0.067210615 0.432021916 0.037159733 -0.660785317 -0.473689318 -0.472442985 0.340262979
1403638224895097088.000000 -0.084891088 0.426813245 0.007351819 -0.671862841 -0.480185509 -0.456687689 0.330845445
1403638225195097088.000000 -0.093721673 0.439471334 0.012815636 -0.665385067 -0.474893183 -0.463667363 0.341689497
1403638225545096960.000000 -0.090411514 0.456188500 0.017686712 -0.655246139 -0.475932807 -0.476935267 0.341574609
1403638225895097088.000000 -0.100581042 0.455721647 -0.063794158 -0.661453068 -0.483083457 -0.468047559 0.331725359
1403638226195097088.000000 -0.121886142 0.472595423 -0.100326180 -0.680951238 -0.487431467 -0.434148580 0.332010448
1403638226445096960.000000 -0.123903632 0.483584315 -0.095965154 -0.671432674 -0.492547691 -0.450358599 0.322105736
1403638226745096960.000000 -0.112712264 0.492659628 -0.076312423 -0.671745479 -0.492425084 -0.449595839 0.322706044
1403638226945096960.000000 -0.104387164 0.499248892 -0.063954495 -0.671463549 -0.492894471 -0.449859470 0.322208345
1403638227395097088.000000 -0.085938714 0.517073572 -0.039810546 -0.671703339 -0.493353814 -0.449205369 0.321918130
1403638227645096960.000000 -0.075052857 0.530457318 -0.027822662 -0.671922922 -0.493436962 -0.448775381 0.321932137
1403638228145096960.000000 -0.051243082 0.567489743 -0.007824296 -0.672430992 -0.493498147 -0.447969764 0.321899503
1403638228645096960.000000 -0.021578260 0.619734645 0.003696119 -0.672491431 -0.494163036 -0.447115868 0.321940422
