1403637149738319104.000000 2.967097521 2.121618271 -3.136132956 -0.582196057 -0.555816293 -0.397706956 0.440392256
1403637152088318976.000000 3.288578987 2.563911915 -2.663278341 -0.587939203 -0.570664227 -0.407378256 0.403376609
1403637154388318976.000000 3.711647749 3.045643568 -2.544704676 -0.605500460 -0.565733254 -0.382240206 0.408910185
1403637156988318976.000000 4.753003120 3.908503771 -2.820275784 -0.776454270 -0.272476256 -0.529308856 0.206658095
1403637159538319104.000000 7.239697933 3.038665533 -2.985488415 -0.803249359 -0.172524273 -0.547555923 0.158771157
1403637160688318976.000000 8.525856018 2.155535698 -3.178304195 -0.820917308 -0.010136559 -0.570777833 0.014310747
1403637160888318976.000000 8.732126236 2.010985851 -3.223978519 0.826162398 -0.016293919 0.563131213 0.008565432
1403637163688318976.000000 10.080325127 -0.729508996 -3.136398077 0.749239743 -0.304013371 0.565250695 0.163424104
1403637166538319104.000000 6.862509251 -4.247230053 -3.076824427 0.722007751 -0.308532149 0.546170652 0.291908324
1403637168938319104.000000 7.857034206 -2.368125916 -3.567534447 0.772537231 -0.273519486 0.532418907 0.211904570
1403637170938319104.000000 9.414696693 1.046089888 -4.004822731 -0.758250296 -0.152078629 -0.622792006 0.118569911
1403637173638319104.000000 6.763134956 3.613838196 -4.048511982 -0.836766243 -0.052515406 -0.531016350 0.122824937
1403637173838319104.000000 6.718117237 3.574557304 -4.118973732 -0.847262681 -0.001391352 -0.519064367 0.112766594
1403637174038319104.000000 6.738284111 3.477340460 -4.175182819 0.854945481 -0.005622529 0.514075041 -0.069018722
1403637174288318976.000000 6.845705032 3.305503368 -4.152402401 -0.812746823 -0.001692962 -0.581382275 0.037875500
1403637174588318976.000000 6.967238903 3.064786911 -4.075873852 0.803102970 -0.029269183 0.591813385 -0.062656052
1403637174838319104.000000 7.037068367 2.797421932 -4.003854275 0.796251118 -0.058127590 0.602134049 -0.006325411
1403637177438319104.000000 5.379849434 -0.978821397 -3.976442814 0.835741401 -0.188307509 0.507350564 0.093123756
1403637180388318976.000000 7.403121471 -2.370246172 -4.459051132 0.774836421 -0.254923701 0.546388388 0.190005764
1403637180638319104.000000 7.666946411 -2.156422377 -4.510786533 0.790359139 -0.257452190 0.523082733 0.188242421
1403637182438319104.000000 9.811617851 0.099022068 -3.841759443 0.734952450 -0.284222037 0.585271001 0.191103995
1403637182738319104.000000 10.013154030 0.564495683 -3.711725950 0.732614696 -0.271329314 0.590533197 0.202303886
1403637183038319104.000000 10.107151985 1.063924432 -3.604153633 0.726012468 -0.288475901 0.597382784 0.181166902
1403637183938319104.000000 9.632506371 2.435710430 -3.756853342 0.725552857 -0.326656878 0.591940343 0.128355399
1403637184238319104.000000 9.187952042 2.728637695 -3.772695780 0.733699381 -0.329881102 0.579753697 0.129419327
1403637184838319104.000000 8.127086639 3.047754288 -3.921033621 0.782483935 -0.305916786 0.517256439 0.163032368
1403637185138319104.000000 7.653339863 3.095394135 -3.943335533 0.789328635 -0.306619078 0.506753683 0.161696598
1403637185438319104.000000 7.259622097 3.049572229 -3.889277935 0.800873995 -0.302655876 0.488375396 0.168789208
1403637185938319104.000000 6.801969528 2.822242022 -3.705784798 0.776771069 -0.288529664 0.524287045 0.196215451
1403637186288318976.000000 6.565174103 2.641724586 -3.608794212 0.769404173 -0.285970360 0.535328746 0.199151844
1403637186688318976.000000 6.335753441 2.451569796 -3.412638664 0.760482311 -0.295963734 0.546114564 0.189290673
1403637187138319104.000000 6.059501648 2.217612505 -3.295012474 0.753663123 -0.323382199 0.551273286 0.153341576
1403637187438319104.000000 5.836999416 1.988988876 -3.289777040 0.769700170 -0.321815550 0.520173669 0.182800040
1403637187838319104.000000 5.579501152 1.610767841 -3.319412470 0.775115192 -0.333594650 0.503659308 0.185036063
1403637188288318976.000000 5.400245667 1.074096203 -3.389110327 0.769356132 -0.311741650 0.512566090 0.219509557
1403637191138319104.000000 4.402116776 -2.098713160 -3.682597637 0.731334925 -0.342508763 0.541520357 0.233650997
1403637191988318976.000000 3.988162041 -2.602556705 -3.678731680 0.753399611 -0.326491624 0.507030249 0.262130886
1403637192338319104.000000 3.916855335 -2.720350981 -3.541140795 0.764675736 -0.328608274 0.486415029 0.265872210
1403637192838319104.000000 4.020812988 -2.848077774 -3.387424707 0.761311769 -0.351206601 0.491038829 0.236514449
1403637193638319104.000000 4.431740284 -3.194668055 -3.162201405 0.754387081 -0.345412850 0.503466606 0.241063535
1403637193888318976.000000 4.599822998 -3.347830296 -3.085113764 0.756984949 -0.339797199 0.500289321 0.247431248
1403637194138319104.000000 4.792595863 -3.491029501 -3.039446354 0.747966349 -0.337414116 0.513297915 0.251442581
1403637194638319104.000000 5.228835106 -3.732280970 -3.007080078 0.752332270 -0.343441546 0.505616784 0.245755598
1403637197388318976.000000 8.253456116 -2.886016130 -3.011265039 0.756298721 -0.263238788 0.561642528 0.208027482
1403637198538319104.000000 9.128614426 -0.510761857 -2.582060099 -0.794283867 -0.089128233 -0.600707293 -0.017888770
1403637199838319104.000000 8.777463913 2.890398264 -2.587138176 -0.745416045 -0.206851080 -0.609124064 0.174744114
1403637200088318976.000000 8.501646042 3.471045732 -2.714604139 -0.704641521 -0.251172483 -0.603855431 0.275229543
1403637200238319104.000000 8.310352325 3.752123356 -2.807337284 -0.683438182 -0.297747403 -0.591511965 0.307200998
1403637202938319104.000000 6.195003510 4.172542572 -3.029928207 -0.754243791 -0.318967074 -0.528048813 0.224812955
1403637205738319104.000000 6.340105057 3.328569174 -3.110950708 -0.746486962 -0.330550402 -0.531734586 0.225281939
1403637208238319104.000000 5.789629936 3.130467653 -2.987802267 -0.753700554 -0.318912357 -0.529042125 0.224376768
1403637209538319104.000000 5.542982578 2.940013647 -2.983687639 -0.749947965 -0.364540458 -0.499609351 0.234688789
1403637212288318976.000000 7.278236389 6.150650501 -3.575510025 -0.734668195 -0.348138243 -0.518739760 0.264521122
1403637212538319104.000000 7.567447662 6.470973015 -3.546053886 -0.735724926 -0.347101331 -0.520089090 0.260262936
1403637212788318976.000000 7.841225624 6.768379211 -3.495376348 -0.745765030 -0.352184117 -0.507702470 0.249076664
1403637213038319104.000000 8.114219666 7.067292690 -3.429500341 -0.745046318 -0.359066635 -0.507372081 0.241972446
1403637213288318976.000000 8.381411552 7.372550488 -3.378749132 -0.745990157 -0.358324111 -0.502672791 0.249845296
1403637213538319104.000000 8.645601273 7.678072453 -3.359809637 -0.740248680 -0.357927889 -0.510491371 0.251630813
1403637213788318976.000000 8.895014763 7.979117393 -3.373496532 -0.732858598 -0.372932106 -0.520035386 0.231091470
1403637214038319104.000000 9.109849930 8.292552948 -3.412238598 -0.727895200 -0.377366334 -0.523572743 0.231591910
1403637214288318976.000000 9.283943176 8.627512932 -3.417447567 -0.712011516 -0.386165321 -0.522495985 0.266296446
1403637214538319104.000000 9.413120270 8.949558258 -3.380764008 -0.671483696 -0.435741931 -0.525684237 0.287914634
1403637214788318976.000000 9.470426559 9.246044159 -3.310785055 -0.631260514 -0.479887247 -0.533343792 0.294555366
1403637215038319104.000000 9.428940773 9.519957542 -3.237325668 -0.621615529 -0.487916172 -0.531496644 0.305029929
1403637215288318976.000000 9.289943695 9.760266304 -3.199137211 -0.618640244 -0.481246471 -0.533189118 0.318426579
1403637215538319104.000000 9.060631752 9.954923630 -3.185442686 -0.600964546 -0.481348276 -0.523649931 0.364604324
1403637215788318976.000000 8.762739182 10.064842224 -3.152354479 -0.578867555 -0.524495125 -0.485801250 0.392191768
1403637216038319104.000000 8.426781654 10.099578857 -3.081342697 -0.563394427 -0.565343618 -0.437401861 0.414310366
1403637216288318976.000000 8.085754395 10.087102890 -2.999367237 -0.547440648 -0.583084226 -0.408873081 0.439481884
1403637216538319104.000000 7.765058041 10.037188530 -2.954385757 -0.535231888 -0.578739166 -0.412807405 0.456265092
1403637216888318976.000000 7.362248421 9.874234200 -2.928821564 -0.529995859 -0.559506893 -0.426357210 0.473577857
1403637217288318976.000000 6.983888626 9.494153023 -2.875059128 -0.559742987 -0.549404263 -0.399742454 0.474393040
1403637217788318976.000000 6.711601734 8.831787109 -2.920536518 -0.520792305 -0.574283779 -0.416751415 0.474649131
1403637218088318976.000000 6.610244751 8.324508667 -2.923943758 -0.478114307 -0.622544050 -0.388651192 0.482489169
1403637218388318976.000000 6.518946171 7.745417118 -2.929798841 -0.465573579 -0.638678551 -0.373063952 0.485956997
1403637218638319104.000000 6.448957443 7.223376274 -2.951496124 -0.465918690 -0.640423357 -0.371902019 0.484217614
1403637218888318976.000000 6.378779411 6.673628807 -2.964821100 -0.471114069 -0.646633327 -0.373005420 0.469876468
1403637219138319104.000000 6.296944141 6.107106209 -3.051146507 -0.466378599 -0.651148796 -0.383571118 0.459749252
1403637219388318976.000000 6.186782360 5.517906189 -3.126756668 -0.472690254 -0.650419056 -0.378312707 0.458692193
1403637220338319104.000000 5.554948330 3.450892448 -3.016972780 -0.505465090 -0.658286870 -0.339325488 0.442743301
1403637222988318976.000000 4.496297359 1.018391967 -3.172883987 -0.640926659 -0.531146646 -0.418348670 0.363429129
1403637225338319104.000000 4.454935074 1.069479823 -3.072990417 -0.609747291 -0.534056127 -0.444467008 0.381367773
1403637226588318976.000000 4.171860695 0.919223487 -2.950027943 -0.617213249 -0.549598753 -0.428718984 0.364950836
1403637227088318976.000000 3.993191004 0.903760910 -2.977469444 -0.627915561 -0.534395993 -0.414709628 0.384914279
1403637227338319104.000000 3.926032782 0.924571574 -2.973969698 -0.627817690 -0.530427873 -0.418215007 0.386765301
1403637228238319104.000000 3.846715689 1.049346089 -3.033010721 -0.611318111 -0.526774824 -0.444837302 0.388481855
1403637229388318976.000000 3.701902628 0.976173282 -3.014008999 -0.615892410 -0.529796124 -0.448203444 0.372969538
1403637230388318976.000000 3.664460182 0.870393217 -3.203545332 -0.746996284 -0.353634268 -0.508784056 0.240994245
1403637230838319104.000000 3.681753397 0.893779516 -3.132443428 -0.758545458 -0.296098262 -0.534302056 0.226839185
1403637231188318976.000000 3.706319332 0.878652453 -3.099227190 -0.808526814 -0.201231048 -0.528274775 0.163451239
1403637231688318976.000000 3.836561203 0.805103719 -3.336299419 -0.834414005 0.000908374 -0.549028814 0.048164491
1403637232188318976.000000 4.079414845 0.600049973 -3.564513683 0.804657996 -0.155398950 0.571178615 0.046170544
1403637232588318976.000000 4.258248329 0.313238204 -3.601668835 0.779416621 -0.246507660 0.565213740 0.110801741
1403637232988318976.000000 4.356774807 -0.090682894 -3.555151701 0.779204786 -0.334443390 0.510158837 0.143963695
1403637233338319104.000000 4.457286358 -0.596600533 -3.475439548 0.797165871 -0.336696565 0.474961460 0.159917295
1403637233688318976.000000 4.656127930 -1.226408243 -3.491672754 0.802501440 -0.269403964 0.480454624 0.229295090
1403637234038319104.000000 5.021748543 -1.798645020 -3.605416775 0.788118780 -0.214777097 0.497823119 0.291396260
1403637235438319104.000000 7.447395325 -1.656562328 -4.288438797 0.800692916 -0.127237111 0.574281991 0.113586225
1403637235788318976.000000 7.948184490 -1.326441050 -4.330024719 0.814303517 -0.081210352 0.567795932 0.089008570
1403637236138319104.000000 8.427303314 -0.909967005 -4.275028229 -0.803483367 -0.010149132 -0.588124812 -0.091765106
1403637236488318976.000000 8.832999229 -0.304565579 -4.137121201 -0.802500010 -0.067779206 -0.591499090 -0.039096311
1403637239038319104.000000 6.858757973 3.102562904 -2.692123890 0.866524041 -0.169288754 0.462937623 -0.078525774
1403637239438319104.000000 6.561487675 2.385124922 -2.550853252 0.847980797 -0.167717710 0.502649069 0.011972852
1403637239838319104.000000 6.460834980 1.443719983 -2.600861549 0.801094890 -0.241140977 0.537431419 0.106139541
1403637240188318976.000000 6.406150341 0.565597773 -2.792622566 0.750100553 -0.310827732 0.549409032 0.197192997
1403637240588318976.000000 6.323411465 -0.391815245 -3.035824537 0.755767882 -0.369423389 0.485303074 0.238373905
1403637240938319104.000000 6.332647800 -1.221617341 -3.141413927 0.741370440 -0.351667613 0.505872250 0.266069800
1403637241238319104.000000 6.393972874 -1.884017944 -3.220291853 0.744208634 -0.342676222 0.509604216 0.262735844
1403637241588318976.000000 6.517649174 -2.571474552 -3.347903728 0.749484718 -0.313473135 0.508097768 0.286084026
1403637241938319104.000000 6.727888584 -3.095553875 -3.412665129 0.726627946 -0.306713611 0.545052826 0.284352005
1403637242288318976.000000 6.946590424 -3.415677547 -3.409716368 0.725358486 -0.305956125 0.543670595 0.290978044
1403637242688318976.000000 7.197443485 -3.524257898 -3.409512520 0.727390170 -0.281377435 0.547017336 0.304142177
1403637243038319104.000000 7.427727222 -3.356890678 -3.366129637 0.732375264 -0.256042778 0.575446367 0.258708507
1403637243338319104.000000 7.591411591 -3.072930813 -3.345731020 0.750807405 -0.254503101 0.558924437 0.243145779
1403637243638319104.000000 7.734531403 -2.691627026 -3.355877161 0.756693780 -0.269191891 0.552170992 0.223735377
1403637243938319104.000000 7.868620872 -2.269047022 -3.303681850 0.763446569 -0.301947623 0.539757907 0.186114132
1403637244238319104.000000 7.979265690 -1.882914662 -3.166293144 0.760863185 -0.307325870 0.538946927 0.190195680
1403637244538319104.000000 8.070571899 -1.547364473 -2.979516029 0.771623254 -0.298696637 0.529226005 0.187876597
1403637244838319104.000000 8.173730850 -1.254347324 -2.806151628 0.792880714 -0.254001170 0.522584260 0.183655158
1403637245188318976.000000 8.346010208 -0.946324885 -2.677139997 0.806513488 -0.260040313 0.512052476 0.140418783
1403637245538319104.000000 8.589421272 -0.726341367 -2.600230694 0.805903316 -0.234000087 0.519432425 0.161101565
1403637245888318976.000000 8.913021088 -0.538290083 -2.583604097 0.807552457 -0.175635278 0.547766805 0.130242005
1403637246238319104.000000 9.262570381 -0.335787416 -2.630626917 0.810738146 -0.057040565 0.580215812 0.052911747
1403637246588318976.000000 9.576650620 -0.098567456 -2.731187820 -0.797481835 -0.096728876 -0.594832540 0.028991040
1403637246938319104.000000 9.784365654 0.191720903 -2.844846487 -0.767459452 -0.212731004 -0.594710469 0.109868571
1403637247288318976.000000 9.857377052 0.519578993 -2.917632580 -0.779713392 -0.254241407 -0.552253067 0.149749950
1403637247738319104.000000 9.839912415 0.960689783 -3.057120800 -0.746048152 -0.266259015 -0.588198066 0.162915021
1403637248088318976.000000 9.667989731 1.305539608 -3.134358883 -0.732242882 -0.306815058 -0.574420154 0.199314952
1403637248388318976.000000 9.424476624 1.590278864 -3.178177118 -0.738169849 -0.336338729 -0.541817188 0.220035642
1403637248688318976.000000 9.146712303 1.865765691 -3.240521431 -0.730855942 -0.337301672 -0.548347056 0.226699680
1403637248988318976.000000 8.825989723 2.126684189 -3.242915154 -0.745211005 -0.332484633 -0.535925925 0.216559470
1403637249288318976.000000 8.485372543 2.396044254 -3.179768562 -0.747105658 -0.325484335 -0.539007127 0.212989211
1403637249588318976.000000 8.132706642 2.678068161 -3.147305250 -0.747338474 -0.321793109 -0.540719688 0.213439882
1403637249888318976.000000 7.766333103 2.963935852 -3.203166962 -0.734359026 -0.324152887 -0.552356780 0.224819377
1403637250188318976.000000 7.371739388 3.234071016 -3.214501619 -0.734890044 -0.345499575 -0.525552571 0.253695190
1403637252788318976.000000 5.649757385 4.163820267 -2.901029825 -0.694647610 -0.440080136 -0.460685253 0.334010810
1403637255488318976.000000 5.038050652 3.447329044 -2.753394842 -0.634023249 -0.502510607 -0.459050417 0.367110908
1403637256788318976.000000 4.409723282 2.885733843 -2.695579767 -0.579567611 -0.580892026 -0.397675395 0.410512239
1403637257188318976.000000 4.200355530 2.707885504 -2.726886034 -0.560678482 -0.590883672 -0.399367869 0.420715451
1403637257538319104.000000 4.023021221 2.556612253 -2.687702179 -0.547069550 -0.608620763 -0.393812686 0.418577820
1403637257888318976.000000 3.831968546 2.421725273 -2.697713137 -0.549375176 -0.622086465 -0.370710045 0.416856617
1403637258188318976.000000 3.658339024 2.343935013 -2.729655027 -0.519183397 -0.644777358 -0.348878801 0.439311355
1403637258488318976.000000 3.483220577 2.301145792 -2.741762638 -0.486513555 -0.658639252 -0.337174565 0.464555889
1403637258938319104.000000 3.248081207 2.256250858 -2.822708130 -0.481901884 -0.655258834 -0.329614282 0.479333878
1403637259388318976.000000 3.074149609 2.224824190 -2.794329166 -0.488060921 -0.649789691 -0.329174131 0.480847627
1403637259888318976.000000 2.986872196 2.192183971 -2.777788877 -0.492792100 -0.649174929 -0.327360749 0.478082538
1403637260388318976.000000 2.997198582 2.161514044 -2.847932816 -0.477180064 -0.659147680 -0.347577900 0.465846658
1403637260688318976.000000 2.997968435 2.134729624 -2.916550398 -0.483053744 -0.669573247 -0.337963194 0.451787263
1403637260938319104.000000 2.976272106 2.119598866 -2.972441435 -0.478282869 -0.660050511 -0.342420936 0.467254430
1403637261188318976.000000 2.947565794 2.101899385 -3.030324936 -0.482207030 -0.665301383 -0.336087137 0.460321575
1403637261438319104.000000 2.910525084 2.089563370 -3.066253662 -0.483544409 -0.662925243 -0.334663719 0.463373631
1403637261688318976.000000 2.871798038 2.088010550 -3.078783274 -0.490195602 -0.669097364 -0.325827539 0.453710645
1403637262038319104.000000 2.812804937 2.118927956 -3.064481497 -0.481929570 -0.655125439 -0.341077656 0.471402884
1403637262438319104.000000 2.786789894 2.130087614 -3.105951071 -0.493670106 -0.634829879 -0.351381660 0.479387045
1403637262538319104.000000 2.792231798 2.123559237 -3.112517357 -0.508924782 -0.611380637 -0.349693686 0.494897753
1403637263038319104.000000 2.797329903 2.125353336 -3.119733095 -0.510241807 -0.613054633 -0.352784008 0.489245087
1403637263538319104.000000 2.796931267 2.126670599 -3.120549440 -0.510649860 -0.612877548 -0.352119923 0.489519686
1403637264038319104.000000 2.796626568 2.126451254 -3.119388580 -0.510761142 -0.612809002 -0.352075368 0.489521235
1403637264538319104.000000 2.796378613 2.125952721 -3.119284630 -0.510908008 -0.612794399 -0.351860076 0.489541143
1403637265038319104.000000 2.796865463 2.126177073 -3.118689537 -0.511070430 -0.612783670 -0.351630509 0.489549905
