1403638128895097088.000000 0.304085046 1.975588441 -1.286191344 -0.546038389 -0.637966275 -0.341104060 0.422479898
1403638129145096960.000000 0.303968191 1.976785660 -1.283997416 -0.541903377 -0.640880764 -0.345942318 0.419447809
1403638129395097088.000000 0.308433652 1.979428053 -1.263269186 -0.560261190 -0.595001161 -0.331608653 0.471292615
1403638129645096960.000000 0.305406153 1.982189417 -1.244979143 -0.548998594 -0.633350968 -0.330346495 0.433979630
1403638132295097088.000000 0.312007368 1.968963623 -1.095427990 -0.502987027 -0.646861792 -0.351664245 0.452665716
1403638134795097088.000000 0.281397402 2.131197691 -1.037947774 -0.602566481 -0.561848760 -0.359365702 0.438287646
1403638136495097088.000000 0.571752369 1.947707176 -1.025667071 -0.620466590 -0.546050549 -0.418329209 0.376630783
1403638137845096960.000000 0.266496301 1.981360435 -1.264388084 -0.605017781 -0.587821841 -0.374628961 0.384801596
1403638138045096960.000000 0.257292211 1.979936242 -1.298042297 -0.603840411 -0.606536686 -0.369958311 0.361415058
1403638138295097088.000000 0.253146231 1.978803158 -1.308338046 -0.602959871 -0.590719879 -0.379705667 0.378567189
1403638138795097088.000000 0.258516490 1.972240686 -1.309376001 -0.599768043 -0.587337255 -0.385264784 0.383254886
1403638139295097088.000000 0.254887789 1.972888470 -1.308737993 -0.599883914 -0.587050617 -0.385061979 0.383716315
1403638139795097088.000000 0.256602496 1.971911311 -1.309575796 -0.600309491 -0.586679220 -0.384283692 0.384398371
1403638140295097088.000000 0.258662879 1.967379570 -1.315014243 -0.600232422 -0.586601794 -0.384325415 0.384595007
1403638140595097088.000000 0.259875834 1.969370008 -1.314320207 -0.600204706 -0.586655498 -0.384324133 0.384557635
1403638141095097088.000000 0.261473775 1.969794989 -1.319813013 -0.599978864 -0.586759806 -0.384565473 0.384509742
1403638141495097088.000000 0.267014116 1.972131252 -1.320524454 -0.599770665 -0.586953282 -0.384769589 0.384335071
1403638141845096960.000000 0.274069726 1.975112438 -1.319231987 -0.599702954 -0.587028861 -0.385040551 0.384053767
1403638142145096960.000000 0.284751475 1.979871035 -1.314847231 -0.599572539 -0.587078810 -0.385100454 0.384120941
1403638142445096960.000000 0.293473303 1.982662201 -1.321709871 -0.599068403 -0.587335825 -0.384732485 0.384882510
1403638142945096960.000000 0.307676077 1.982613444 -1.325752378 -0.598677814 -0.587762654 -0.383954138 0.385615319
1403638143445096960.000000 0.309907615 1.980556011 -1.322560191 -0.598614454 -0.587881446 -0.383897752 0.385588795
1403638143945096960.000000 0.309354216 1.976189375 -1.318404436 -0.598775446 -0.587915421 -0.384028822 0.385156244
1403638144445096960.000000 0.304163009 1.972668409 -1.312191248 -0.599007666 -0.587881863 -0.383883208 0.384991467
1403638144945096960.000000 0.297373056 1.970533609 -1.305991411 -0.599281013 -0.587794363 -0.383781552 0.384800971
1403638145445096960.000000 0.289818883 1.968723893 -1.299460053 -0.599604666 -0.587590456 -0.383859634 0.384530157
1403638145945096960.000000 0.282528251 1.966593027 -1.292100906 -0.599981785 -0.587412417 -0.383600205 0.384473026
1403638146395097088.000000 0.277961999 1.964797854 -1.289412498 -0.600078404 -0.587305546 -0.383549243 0.384536207
1403638146895097088.000000 0.274994284 1.961676478 -1.292517424 -0.600135744 -0.587207437 -0.383658111 0.384487957
1403638147395097088.000000 0.274020672 1.957209945 -1.297682166 -0.600311935 -0.587371171 -0.383313179 0.384306699
1403638147895097088.000000 0.271855891 1.966029048 -1.296440482 -0.595928848 -0.578298450 -0.394530803 0.393427342
1403638148095097088.000000 0.271662325 1.989776850 -1.269676566 -0.589607060 -0.568558514 -0.406471312 0.404828072
1403638150645096960.000000 -0.044482566 2.473039389 -0.918409050 -0.553276598 -0.623139322 -0.369663924 0.411012232
1403638152645096960.000000 -1.303900123 3.109097481 -0.731847167 -0.416229367 -0.713925421 -0.299610764 0.476756841
1403638152895097088.000000 -1.533145547 3.174234867 -0.717942953 -0.406990469 -0.715762556 -0.284220934 0.491183400
1403638153145096960.000000 -1.769578099 3.240179539 -0.662051857 -0.384130269 -0.731950998 -0.262362033 0.497853190
1403638153795097088.000000 -2.426567554 3.436403990 -0.535555542 -0.304124832 -0.772893846 -0.223679155 0.510010779
1403638153995097088.000000 -2.657709599 3.495372057 -0.507945120 -0.286968678 -0.773433745 -0.210046351 0.524718761
1403638154795097088.000000 -3.569884777 3.613622427 -0.541172445 -0.265948862 -0.769651890 -0.203405693 0.543629944
1403638155195097088.000000 -3.993839264 3.559441566 -0.468069613 -0.228833795 -0.781458616 -0.188048169 0.549176931
1403638155395097088.000000 -4.209276676 3.506668806 -0.436127782 -0.210879460 -0.779742181 -0.182611376 0.560522199
1403638155595097088.000000 -4.419605255 3.430808067 -0.432384878 -0.190583184 -0.781786025 -0.166315377 0.569936872
1403638156095097088.000000 -4.878153801 3.151568174 -0.481044680 -0.109877154 -0.811179221 -0.078200743 0.569034278
1403638156545096960.000000 -5.228094578 2.901798010 -0.441654623 -0.055168569 -0.829705834 -0.022522062 0.555011213
1403638156945096960.000000 -5.559735298 2.729170084 -0.481161088 -0.050960768 -0.831348240 -0.021666903 0.552986264
1403638157195097088.000000 -5.795256138 2.643044949 -0.491019547 -0.057133909 -0.835422337 -0.025249330 0.546047509
1403638157445096960.000000 -6.063119411 2.570589066 -0.475858629 -0.050160602 -0.832649410 -0.029796747 0.550718606
1403638158195097088.000000 -6.920049667 2.323072195 -0.396918267 0.044460606 -0.821531355 0.040681321 0.566969633
1403638158545096960.000000 -7.302617550 2.220991373 -0.400263518 0.063892096 -0.818623424 0.037237324 0.569549680
1403638158845096960.000000 -7.621220112 2.122457981 -0.424180388 0.055879798 -0.820846975 0.041836150 0.566866279
1403638159145096960.000000 -7.937881947 2.025690079 -0.401073694 0.047112431 -0.837740183 0.045479283 0.542128563
1403638159445096960.000000 -8.292292595 1.947238803 -0.371555001 0.041455094 -0.821876526 0.048193894 0.566107571
1403638160245096960.000000 -9.061742783 1.976183295 -0.074102841 0.050757781 -0.811231256 0.043682508 0.580878198
1403638160545096960.000000 -9.255822182 2.042345524 0.137306750 0.053024057 -0.827021301 0.041788932 0.558102131
1403638160845096960.000000 -9.468400955 2.106990576 0.323247582 0.043112114 -0.818753362 0.048803683 0.570440531
1403638161345096960.000000 -9.791429520 2.291495085 0.556370676 -0.041203324 -0.809993863 -0.006586930 0.584952056
1403638161845096960.000000 -10.055646896 2.522335529 0.711664855 -0.096758083 -0.817662001 -0.039954443 0.566101074
1403638162345096960.000000 -10.320198059 2.810337782 0.827353179 -0.128318056 -0.814318657 -0.050561026 0.563793659
1403638163095097088.000000 -10.682744026 3.423748016 1.081724644 -0.142072842 -0.799164474 -0.061282150 0.580857992
1403638166045096960.000000 -10.314665794 6.554875374 1.435816169 -0.240060851 -0.775128901 -0.158887282 0.562406182
1403638166245096960.000000 -10.168426514 6.739437103 1.438781619 -0.234321341 -0.784644544 -0.162073538 0.550598502
1403638166645096960.000000 -9.889266968 7.079676151 1.606832504 -0.226018071 -0.787362874 -0.160889685 0.550536036
1403638166845096960.000000 -9.766970634 7.239107609 1.656537890 -0.237489730 -0.789525032 -0.140471891 0.548193872
1403638167245096960.000000 -9.548034668 7.589570522 1.718783259 -0.238311917 -0.806844234 -0.136565551 0.523029447
1403638167445096960.000000 -9.487393379 7.801390171 1.786713123 -0.235763177 -0.803862810 -0.142213434 0.527252972
1403638168045096960.000000 -9.373889923 8.521720886 1.886318922 -0.292827249 -0.768455267 -0.152182430 0.548241973
1403638168995097088.000000 -9.107068062 9.925469398 2.043000698 -0.338831186 -0.763795495 -0.237551093 0.495357960
1403638169195097088.000000 -9.104374886 10.225354195 2.024386883 -0.335580140 -0.753732085 -0.232670709 0.514915824
1403638169645096960.000000 -9.095825195 10.901558876 1.946279645 -0.385980725 -0.705153763 -0.236801788 0.545620859
1403638169845096960.000000 -9.031790733 11.198402405 1.957802176 -0.407231897 -0.697823763 -0.279635549 0.518660069
1403638170045096960.000000 -8.953954697 11.469269753 1.998153448 -0.427228063 -0.674486399 -0.328433931 0.504653871
1403638170745096960.000000 -8.632858276 12.191940308 1.993093491 -0.558374763 -0.568313479 -0.380591452 0.469454557
1403638171195097088.000000 -8.271480560 12.474979401 2.028522491 -0.606488109 -0.514576018 -0.421743274 0.435334712
1403638171645096960.000000 -7.804156303 12.593811989 2.016354561 -0.624116898 -0.483840138 -0.435570121 0.432036579
1403638171845096960.000000 -7.558813095 12.584339142 2.006520033 -0.635487139 -0.464978516 -0.441072911 0.430587798
1403638172245096960.000000 -6.985546589 12.425009727 2.012449265 -0.639168382 -0.453735292 -0.460938841 0.416081190
1403638172445096960.000000 -6.673845291 12.273438454 1.988607764 -0.638531506 -0.453951746 -0.462817669 0.414735138
1403638172645096960.000000 -6.352172375 12.084554672 1.921950340 -0.635962725 -0.451010287 -0.461873382 0.422864169
1403638172845096960.000000 -6.011620522 11.856568336 1.835186243 -0.635426819 -0.451390564 -0.456938863 0.428586483
1403638174195097088.000000 -3.336487293 9.528786659 0.740337670 -0.637559116 -0.491695940 -0.448031187 0.388614953
1403638174345096960.000000 -3.057871819 9.239102364 0.618031025 -0.642123103 -0.498217553 -0.440813363 0.380973607
1403638174495097088.000000 -2.777064323 8.956118584 0.481182277 -0.644989252 -0.503241658 -0.434447467 0.376818448
1403638174695097088.000000 -2.412095308 8.591110229 0.323391736 -0.646914959 -0.512241483 -0.430279255 0.366018474
1403638174895097088.000000 -2.057830811 8.246771812 0.191030473 -0.649800956 -0.517921686 -0.426165074 0.357629925
1403638175095097088.000000 -1.717632413 7.933827877 0.081810042 -0.651257813 -0.518244863 -0.425904930 0.354810596
1403638175345096960.000000 -1.311181545 7.596921921 -0.020854743 -0.654778540 -0.520842195 -0.425735593 0.344583541
1403638176895097088.000000 0.634642243 7.147344112 -0.261313409 -0.632253289 -0.525157154 -0.452632040 0.345817864
1403638177145096960.000000 0.791418135 7.202828407 -0.239839748 -0.631004989 -0.528773129 -0.454532504 0.340046942
1403638177495097088.000000 0.942050278 7.306851864 -0.285806745 -0.632214189 -0.527382195 -0.454289854 0.340285361
1403638178245096960.000000 1.176992774 7.564600945 -0.424089164 -0.650745332 -0.470509022 -0.466467351 0.370890766
1403638179845096960.000000 2.130107880 7.467104912 -0.700424075 -0.779113233 -0.249146074 -0.540532827 0.196807116
1403638180045096960.000000 2.284442902 7.445009232 -0.724007845 -0.796132982 -0.220043585 -0.536605537 0.172648549
1403638180395097088.000000 2.571283817 7.408590794 -0.739089131 -0.805664241 -0.202147514 -0.534140825 0.157274529
1403638180845096960.000000 2.999870539 7.374015808 -0.800765872 -0.809155643 -0.216561988 -0.525851488 0.147811428
1403638181945096960.000000 4.297001839 7.279659271 -0.963956118 -0.808497071 -0.103448041 -0.570988357 0.097996399
1403638182245096960.000000 4.631560326 7.158215523 -0.936942995 -0.825986266 -0.073315032 -0.553623617 0.076632611
1403638182545096960.000000 4.983383179 7.023633957 -0.913877010 -0.833003938 -0.071805276 -0.544219851 0.069088943
1403638182795097088.000000 5.306115150 6.910975456 -0.857775688 -0.832353771 -0.081588164 -0.544254780 0.065706886
1403638183495097088.000000 6.298151493 6.661915779 -0.793184102 -0.829456747 -0.094854839 -0.546691477 0.064285189
1403638184045096960.000000 7.092283726 6.593878269 -0.738392293 -0.813687086 -0.097190686 -0.569984138 0.059879534
1403638184295097088.000000 7.434523106 6.598818779 -0.667482972 -0.826329648 -0.096816674 -0.551866293 0.057004072
1403638184795097088.000000 8.130749702 6.681101322 -0.589876235 -0.818180978 -0.094342969 -0.564260662 0.057352595
1403638185295097088.000000 8.812473297 6.830084801 -0.527134359 -0.817354679 -0.099559747 -0.565327764 0.049232386
1403638185595097088.000000 9.201244354 6.969470501 -0.492423713 -0.805262446 -0.125248700 -0.577072144 0.053412519
1403638186045096960.000000 9.714606285 7.249587059 -0.446321577 -0.811294556 -0.130397797 -0.558513582 0.113402434
1403638186245096960.000000 9.935074806 7.361740112 -0.449318439 -0.811463714 -0.141104937 -0.557729483 0.102732278
1403638186445096960.000000 10.155447960 7.470755577 -0.437625229 -0.810762227 -0.145189956 -0.558699965 0.097154126
1403638186645096960.000000 10.370880127 7.580346107 -0.420003951 -0.810039043 -0.147940442 -0.560220003 0.090022810
1403638189445096960.000000 11.152932167 9.252363205 0.214405581 -0.735591948 -0.348468095 -0.525009930 0.248674899
1403638190045096960.000000 10.738709450 9.247906685 0.282534331 -0.747476995 -0.378665507 -0.483649343 0.252930760
1403638190345096960.000000 10.592542648 9.306174278 0.289488971 -0.718620718 -0.380464137 -0.523739338 0.254024595
1403638190795097088.000000 10.306241035 9.414716721 0.209980562 -0.701783597 -0.400313348 -0.523151398 0.271222383
1403638191245096960.000000 9.920802116 9.478384018 0.198751360 -0.710056841 -0.399890244 -0.505900919 0.282792032
1403638191395097088.000000 9.781683922 9.488036156 0.236089885 -0.717252493 -0.404293567 -0.496058971 0.275719225
1403638191545096960.000000 9.642831802 9.501120567 0.265269876 -0.719557345 -0.404588789 -0.493731558 0.273449093
1403638191745096960.000000 9.462005615 9.528388977 0.274945974 -0.717404068 -0.407356650 -0.498207390 0.266798496
1403638194195097088.000000 7.016899109 9.412429810 0.894778132 -0.687891722 -0.421479255 -0.504545152 0.307562023
1403638195745096960.000000 5.541486740 8.591569901 0.837230504 -0.708274364 -0.422828197 -0.481148839 0.296748489
1403638195945096960.000000 5.412453651 8.571667671 0.814010918 -0.715216041 -0.428131282 -0.470106572 0.290119618
1403638196395097088.000000 5.188852310 8.602308273 0.860134721 -0.706047952 -0.423348993 -0.483204663 0.297968537
1403638197145096960.000000 4.939707279 8.789500237 0.841094792 -0.708579183 -0.421029568 -0.482322246 0.296672970
1403638198795097088.000000 4.332857609 9.308870316 0.790909052 -0.667357445 -0.444084644 -0.534997523 0.266834199
1403638199195097088.000000 3.932018518 9.404069901 0.731846571 -0.671212554 -0.440687239 -0.530738175 0.271266371
1403638199595097088.000000 3.336914539 9.497657776 0.830324829 -0.668753564 -0.446074486 -0.532474637 0.265060365
1403638199845096960.000000 2.868074656 9.556591988 0.939371347 -0.673044920 -0.451418817 -0.508123755 0.291619331
1403638200045096960.000000 2.467735052 9.604878426 1.007227778 -0.673152268 -0.455732465 -0.494880497 0.307029754
1403638200245096960.000000 2.059133053 9.651489258 1.069123149 -0.650520205 -0.476739913 -0.498350203 0.318103135
1403638200645096960.000000 1.209685087 9.741746902 1.255478501 -0.606366217 -0.527557552 -0.491424948 0.335417002
1403638200795097088.000000 0.859677136 9.752155304 1.325644016 -0.594853878 -0.545971215 -0.484934419 0.336010426
1403638201195097088.000000 -0.157315537 9.775228500 1.477706909 -0.603867054 -0.541269481 -0.456761897 0.365705520
1403638201395097088.000000 -0.679470718 9.785334587 1.506361723 -0.606410146 -0.538768470 -0.457022756 0.364863694
1403638201595097088.000000 -1.201349854 9.793356895 1.504335880 -0.605817914 -0.535198271 -0.462569743 0.364110768
1403638201795097088.000000 -1.722575665 9.796958923 1.464792728 -0.607066095 -0.531682253 -0.464635879 0.364552140
1403638201995097088.000000 -2.239438057 9.790914536 1.399993777 -0.604433954 -0.535836220 -0.461715996 0.366548181
1403638202195097088.000000 -2.758820295 9.763827324 1.351388931 -0.607055187 -0.539678156 -0.442134976 0.380457908
1403638202645096960.000000 -3.866145849 9.676201820 1.305347919 -0.612062156 -0.547643065 -0.420292199 0.385773808
1403638202895097088.000000 -4.444778442 9.646550179 1.260192633 -0.610812664 -0.547000229 -0.423547238 0.385105640
1403638203395097088.000000 -5.509381771 9.595276833 1.185501933 -0.604643524 -0.540190637 -0.433954298 0.392789900
1403638203895097088.000000 -6.449651718 9.511462212 1.115168929 -0.605735242 -0.539435625 -0.431268632 0.395096600
1403638204095097088.000000 -6.788809299 9.456672668 1.129165411 -0.607515574 -0.541417837 -0.426102757 0.395256847
1403638204295097088.000000 -7.110713005 9.398620605 1.171468973 -0.617519319 -0.540323257 -0.409965962 0.398307025
1403638204495097088.000000 -7.400075912 9.346172333 1.225104094 -0.630825937 -0.535630405 -0.392280728 0.401590228
1403638204795097088.000000 -7.763367653 9.285682678 1.269523978 -0.613037407 -0.551257253 -0.395621955 0.404702365
1403638205045096960.000000 -8.029231071 9.240695000 1.255903959 -0.557783008 -0.599879980 -0.394546211 0.416359872
1403638205245096960.000000 -8.242651939 9.206912994 1.238618016 -0.499647796 -0.647526622 -0.360858500 0.448154539
1403638205445096960.000000 -8.459737778 9.170567513 1.255844831 -0.429632783 -0.689118564 -0.322735459 0.486182153
1403638205645096960.000000 -8.673520088 9.125272751 1.284579158 -0.368724704 -0.714945078 -0.316187859 0.502912402
1403638205845096960.000000 -8.895312309 9.052352905 1.345864415 -0.332386971 -0.727039218 -0.309443057 0.514954388
1403638206045096960.000000 -9.141704559 8.935339928 1.438135028 -0.304441065 -0.744403243 -0.275774390 0.526429474
1403638206495097088.000000 -9.698822975 8.548357010 1.652892113 -0.251798511 -0.758162200 -0.205462918 0.565307617
1403638206995097088.000000 -10.232417107 8.003220558 1.737268090 -0.225824654 -0.761054337 -0.179526404 0.581007600
1403638207245096960.000000 -10.442484856 7.710746288 1.707795382 -0.218479514 -0.759162545 -0.174102947 0.587900519
1403638207495097088.000000 -10.603129387 7.393476486 1.645932198 -0.187407538 -0.762001157 -0.153893232 0.600457847
1403638207795097088.000000 -10.711073875 6.984521866 1.610296965 -0.158707857 -0.785791636 -0.113655202 0.586878121
1403638208045096960.000000 -10.756561279 6.657339573 1.629331827 -0.154095992 -0.798098505 -0.101712935 0.573539555
1403638208295097088.000000 -10.776977539 6.352996826 1.642941713 -0.154690057 -0.789880872 -0.103696793 0.584299862
1403638208545096960.000000 -10.772653580 6.067454338 1.627113700 -0.151970699 -0.797744870 -0.099916406 0.574912906
1403638208845096960.000000 -10.743807793 5.744008064 1.629151344 -0.126366317 -0.801437438 -0.078462005 0.579286993
1403638209145096960.000000 -10.694456100 5.448077679 1.624143481 -0.112265266 -0.802706063 -0.071156368 0.581374466
1403638209395097088.000000 -10.632402420 5.218112469 1.573504806 -0.112199485 -0.803246737 -0.066091053 0.581238329
1403638209645096960.000000 -10.562036514 5.005296230 1.476069570 -0.114001423 -0.800238669 -0.065198541 0.585124791
1403638209895097088.000000 -10.480250359 4.811825752 1.273624182 -0.110792592 -0.800190151 -0.073323064 0.584845781
1403638210145096960.000000 -10.381434441 4.631141186 1.030249715 -0.108497515 -0.789517105 -0.077477932 0.599072814
1403638210495097088.000000 -10.159041405 4.381149292 0.717498779 -0.109934941 -0.786874712 -0.076256149 0.602434754
1403638210795097088.000000 -9.898175240 4.170826435 0.422091097 -0.113235615 -0.783659041 -0.074747607 0.606192172
1403638211095097088.000000 -9.573415756 3.968613386 0.180863589 -0.116782509 -0.793122292 -0.068686791 0.593802214
1403638211345096960.000000 -9.279490471 3.817529202 0.035089720 -0.120540917 -0.797151387 -0.067439690 0.587768137
1403638211645096960.000000 -8.906160355 3.666473389 -0.141216353 -0.158873796 -0.790821254 -0.088294789 0.584435463
1403638211945096960.000000 -8.514611244 3.551181316 -0.344899148 -0.232798725 -0.774315953 -0.122971825 0.575428188
1403638212245096960.000000 -8.094633102 3.483087540 -0.489893943 -0.294265151 -0.754241109 -0.173736185 0.560663998
1403638212495097088.000000 -7.721603870 3.446908236 -0.552366078 -0.341632783 -0.733695984 -0.214331672 0.546844780
1403638212795097088.000000 -7.246372700 3.412709951 -0.565918267 -0.401979417 -0.705070913 -0.255758226 0.525238335
1403638213095097088.000000 -6.744653225 3.386037827 -0.527776778 -0.468345881 -0.666425109 -0.298155278 0.497627497
1403638213395097088.000000 -6.222184181 3.375482559 -0.500509501 -0.551186860 -0.621906698 -0.312170714 0.460406959
1403638213695097088.000000 -5.656311512 3.415959597 -0.514002919 -0.589179873 -0.576689303 -0.359109968 0.437420487
1403638213995097088.000000 -5.062399387 3.487051010 -0.494653642 -0.583688498 -0.569228172 -0.394588977 0.423776686
1403638214295097088.000000 -4.480969429 3.558074713 -0.437088817 -0.590704679 -0.587874115 -0.376304448 0.404804826
1403638214595097088.000000 -3.920790672 3.668322802 -0.409795076 -0.578856349 -0.592622817 -0.378682792 0.412702024
1403638217295097088.000000 -0.265700996 4.160987377 -0.877228558 -0.603145480 -0.545925379 -0.428742081 0.392888427
1403638220045096960.000000 0.171396464 3.421337366 -0.852034032 -0.637878716 -0.504394472 -0.426009268 0.396501094
1403638220645096960.000000 0.212424144 3.087664366 -0.838197649 -0.625718296 -0.524262130 -0.447114617 0.365669727
1403638220945096960.000000 0.215120822 2.924822807 -0.838562846 -0.629517555 -0.520863950 -0.445822239 0.365583152
1403638221395097088.000000 0.191979080 2.695948124 -0.876845896 -0.637060046 -0.520241559 -0.438446581 0.362309188
1403638221895097088.000000 0.164800197 2.477381229 -0.906819165 -0.636072934 -0.513515294 -0.440494746 0.371049345
1403638222295097088.000000 0.153826207 2.317751646 -0.880394280 -0.638452768 -0.522867918 -0.437103093 0.357670307
1403638222795097088.000000 0.135879517 2.182542324 -0.925444603 -0.634679496 -0.517984867 -0.442398965 0.364906520
1403638223195097088.000000 0.113735788 2.092308760 -0.977849841 -0.636182547 -0.518709719 -0.439701736 0.364519477
1403638223545096960.000000 0.096686676 2.011442184 -1.000902414 -0.646945715 -0.506850541 -0.424415439 0.380046338
1403638223845096960.000000 0.114018939 1.953911304 -1.031984091 -0.634244382 -0.519678473 -0.443735003 0.361618161
1403638224195097088.000000 0.125712156 1.896967053 -1.087531328 -0.639947951 -0.529408157 -0.434848458 0.347995132
1403638224545096960.000000 0.116381191 1.879915714 -1.135402560 -0.631441534 -0.513360202 -0.447317064 0.371012747
1403638224895097088.000000 0.095216185 1.871735930 -1.170792699 -0.640672684 -0.521109104 -0.433486879 0.360656321
1403638225195097088.000000 0.085379742 1.880574703 -1.163060308 -0.635621071 -0.514457285 -0.438619703 0.372736216
1403638225495097088.000000 0.094208688 1.891440868 -1.151495814 -0.629441679 -0.518170655 -0.446133822 0.369143456
1403638225795097088.000000 0.091377378 1.896638632 -1.200866103 -0.622630298 -0.514127851 -0.455343664 0.375055045
1403638226095097088.000000 0.067946225 1.896102905 -1.291574478 -0.648832917 -0.522648394 -0.413948387 0.366744161
1403638226345096960.000000 0.054939739 1.916544437 -1.303522468 -0.640611708 -0.533071816 -0.425949901 0.352161735
1403638226895097088.000000 0.086587228 1.941699147 -1.282576680 -0.637886047 -0.535254359 -0.428729832 0.350421160
1403638227245096960.000000 0.112235188 1.953715563 -1.269669056 -0.637333274 -0.536549091 -0.428577870 0.349631757
1403638227545096960.000000 0.122293122 1.966640115 -1.259119153 -0.637814105 -0.536288738 -0.427747637 0.350170791
1403638228045096960.000000 0.126102090 2.000077486 -1.235445976 -0.638643503 -0.536210060 -0.426564187 0.350223362
1403638228545096960.000000 0.114720531 2.051435471 -1.204327106 -0.638931930 -0.536532164 -0.425938904 0.349964827
1403638228845096960.000000 0.100138895 2.089733124 -1.183393359 0.639244914 0.536602557 0.425740719 -0.349526107
