1403638147795097088.000000 0.436471939 -0.274445713 -8.060283661 -0.580771148 -0.604961693 -0.374487787 0.395582169
1403638148095097088.000000 0.435745418 -0.247370377 -8.025647163 -0.572283864 -0.587620616 -0.394928604 0.413793087
1403638148845096960.000000 0.424680173 -0.166142955 -7.855364323 -0.565516114 -0.607868612 -0.380516291 0.407301813
1403638151695097088.000000 -0.465259552 0.508879542 -7.663736820 -0.407884419 -0.715158939 -0.287840098 0.489209741
1403638152045096960.000000 -0.698488593 0.597912729 -7.574009418 -0.393407226 -0.725644052 -0.277884901 0.491377145
1403638152245096960.000000 -0.841386080 0.647024393 -7.530683041 -0.392007738 -0.726572275 -0.279777378 0.490048200
1403638152545096960.000000 -1.074911356 0.715844631 -7.517048359 -0.390693545 -0.727820873 -0.287513196 0.484738618
1403638153295097088.000000 -1.776029110 0.875552952 -7.427817822 -0.350250244 -0.751975715 -0.239427805 0.504511297
1403638153645096960.000000 -2.129799128 0.964002073 -7.371555805 -0.300567776 -0.776843309 -0.223208681 0.506311595
1403638153995097088.000000 -2.530885220 1.046324611 -7.314978123 -0.261478513 -0.782813966 -0.193092406 0.530609727
1403638154395097088.000000 -3.001169443 1.114595175 -7.330118179 -0.247857884 -0.770525038 -0.197428361 0.553063989
1403638154745096960.000000 -3.387084484 1.116665959 -7.355667591 -0.243864372 -0.775318682 -0.186962739 0.551775455
1403638154995097088.000000 -3.647111416 1.082722187 -7.324140549 -0.222791210 -0.786726296 -0.181984112 0.546175539
1403638155195097088.000000 -3.855289221 1.032867551 -7.274914742 -0.202745885 -0.789540350 -0.169574454 0.553863287
1403638155345096960.000000 -4.009503841 0.984463274 -7.249347687 -0.190400526 -0.787308514 -0.164799020 0.562791526
1403638155695097088.000000 -4.351688862 0.820315361 -7.244044304 -0.153180957 -0.786805570 -0.129720613 0.583648145
1403638155895097088.000000 -4.523790359 0.697540879 -7.266947269 -0.121940315 -0.794306576 -0.096124627 0.587339640
1403638156245096960.000000 -4.778030872 0.462810338 -7.271503448 -0.056548458 -0.821182966 -0.032937121 0.566900373
1403638156695097088.000000 -5.107566833 0.198889822 -7.258337021 -0.022266326 -0.831692815 -0.000370334 0.554789424
1403638157145096960.000000 -5.502990723 -0.005604312 -7.302813053 -0.028114624 -0.835582435 -0.005299285 0.548619747
1403638157345096960.000000 -5.704746723 -0.079860821 -7.287191391 -0.027927807 -0.835777223 -0.007275556 0.548309743
1403638157745096960.000000 -6.153036594 -0.225048423 -7.263832092 0.014432491 -0.822721303 -0.001067159 0.568260849
1403638158145096960.000000 -6.604809284 -0.398096323 -7.204935551 0.069962285 -0.819448829 0.053814035 0.566315293
1403638158545096960.000000 -7.040412903 -0.554359615 -7.198232174 0.090192221 -0.816050649 0.057218224 0.568025291
1403638158745096960.000000 -7.249897957 -0.632207930 -7.213467121 0.087631248 -0.815328717 0.057521611 0.569430649
1403638159145096960.000000 -7.658876896 -0.789574564 -7.192035198 0.074751414 -0.836142600 0.064342372 0.539571881
1403638159345096960.000000 -7.883333206 -0.862538815 -7.171278954 0.071433045 -0.834059000 0.064403720 0.543226659
1403638159945096960.000000 -8.549682617 -0.966735363 -7.039554119 0.061048504 -0.791830897 0.079773054 0.602422833
1403638160145096960.000000 -8.707401276 -0.938783824 -6.935598373 0.072913177 -0.797959328 0.066712327 0.594553769
1403638160545096960.000000 -8.982276917 -0.866608620 -6.652066231 0.079952084 -0.825504720 0.060872357 0.555377662
1403638160995097088.000000 -9.319400787 -0.785631895 -6.381042957 0.047955852 -0.807141304 0.064984776 0.584807813
1403638161145096960.000000 -9.421838760 -0.742017269 -6.306743622 0.024471058 -0.805862367 0.047345683 0.589699566
1403638161945096960.000000 -9.877093315 -0.404966712 -6.040145874 -0.078692779 -0.817535520 -0.028178087 0.569779932
1403638162195097088.000000 -10.016514778 -0.270041615 -5.986294746 -0.094977237 -0.817666411 -0.034413461 0.566759825
1403638164395097088.000000 -10.857110977 1.722809196 -5.363746643 -0.180953100 -0.791151226 -0.087120749 0.577707171
1403638165995097088.000000 -10.392830849 3.542310238 -5.348926067 -0.212174982 -0.780000687 -0.142810047 0.571127057
1403638166195097088.000000 -10.255282402 3.739062786 -5.355068684 -0.208877191 -0.791853964 -0.143514544 0.555644989
1403638166395097088.000000 -10.124295235 3.925496578 -5.289321423 -0.202174604 -0.794868886 -0.145841867 0.553208053
1403638166595097088.000000 -9.997055054 4.098383427 -5.194772243 -0.199184537 -0.795677364 -0.144314542 0.553530931
1403638166845096960.000000 -9.850372314 4.303556919 -5.120326996 -0.210852176 -0.798700988 -0.122063950 0.550198674
1403638167045096960.000000 -9.742406845 4.474714756 -5.095581055 -0.219580501 -0.812213004 -0.107168570 0.529725730
1403638167445096960.000000 -9.612864494 4.891223431 -4.988795280 -0.208611459 -0.813006103 -0.122966774 0.529510677
1403638167645096960.000000 -9.587849617 5.118013859 -4.937148094 -0.215422332 -0.801800966 -0.118382357 0.544696450
1403638168045096960.000000 -9.548428535 5.622061729 -4.899763107 -0.265975773 -0.779838264 -0.132045701 0.551065385
1403638168245096960.000000 -9.516555786 5.906393051 -4.868023872 -0.285929888 -0.772253335 -0.152085155 0.546570301
1403638168445096960.000000 -9.468864441 6.205012321 -4.809275627 -0.305999666 -0.764085650 -0.180251673 0.538559675
1403638169245096960.000000 -9.412668228 7.413800716 -4.761776447 -0.312824547 -0.763653576 -0.207019120 0.525468469
1403638169395097088.000000 -9.435085297 7.637578011 -4.793136120 -0.330822825 -0.745027721 -0.195044816 0.545387506
1403638169745096960.000000 -9.419919014 8.169665337 -4.847346306 -0.373940587 -0.716219068 -0.233218834 0.541117072
1403638169945096960.000000 -9.364349365 8.463315964 -4.836709023 -0.392146111 -0.705443382 -0.286293715 0.516340137
1403638170295097088.000000 -9.255079269 8.905704498 -4.801739693 -0.455160618 -0.654482067 -0.330540359 0.505198181
1403638170445096960.000000 -9.198228836 9.064715385 -4.811323166 -0.487732410 -0.637191057 -0.339101136 0.491034716
1403638170595097088.000000 -9.131972313 9.212622643 -4.820591927 -0.517633915 -0.612851918 -0.345543712 0.486895502
1403638170945096960.000000 -8.914565086 9.509648323 -4.786244869 -0.564402819 -0.566499650 -0.382116944 0.463156790
1403638171395097088.000000 -8.522033691 9.760531425 -4.789991856 -0.597308338 -0.524777293 -0.411482424 0.445548952
1403638171595097088.000000 -8.309610367 9.819383621 -4.803647041 -0.604622722 -0.511649489 -0.417592913 0.445266515
1403638171745096960.000000 -8.131530762 9.838720322 -4.818013191 -0.613281667 -0.497807682 -0.421685934 0.445257366
1403638172345096960.000000 -7.248163700 9.649860382 -4.828671455 -0.623075306 -0.477698088 -0.445642203 0.430098563
1403638172545096960.000000 -6.915266037 9.501086235 -4.879054070 -0.620588601 -0.475573361 -0.446324378 0.435309529
1403638172745096960.000000 -6.566230297 9.314524651 -4.962667465 -0.618918478 -0.475632012 -0.442635387 0.441348076
1403638172945096960.000000 -6.196149826 9.080481529 -5.064820290 -0.618957758 -0.477696568 -0.434996814 0.446626246
1403638173145096960.000000 -5.801887989 8.803067207 -5.186998844 -0.624691486 -0.484648973 -0.419333935 0.446133226
1403638173845096960.000000 -4.282065868 7.676446915 -5.813402653 -0.615266025 -0.515229464 -0.438419133 0.404691190
1403638174195097088.000000 -3.559004307 7.054334641 -6.124059200 -0.618958652 -0.517343521 -0.435885072 0.399061590
1403638174345096960.000000 -3.260077953 6.777690411 -6.256761074 -0.623224378 -0.523449183 -0.429468989 0.391342312
1403638174545096960.000000 -2.869135380 6.421756268 -6.440852165 -0.627928078 -0.528002083 -0.420912325 0.386979431
1403638174845096960.000000 -2.294698238 5.926717281 -6.671210289 -0.631628394 -0.541009545 -0.414084107 0.369984657
1403638175145096960.000000 -1.751038671 5.497321129 -6.840747833 -0.631530643 -0.541564524 -0.417647839 0.365304440
1403638175395097088.000000 -1.323129654 5.200748920 -6.936927319 -0.637230575 -0.546761513 -0.413446337 0.352209002
1403638175695097088.000000 -0.846167803 4.937351704 -6.990736008 -0.650122941 -0.563068151 -0.393243134 0.325045019
1403638176045096960.000000 -0.338735133 4.799208164 -7.058930874 -0.641885877 -0.571487248 -0.400775671 0.317433238
1403638176195097088.000000 -0.142275989 4.801219940 -7.097414494 -0.622941196 -0.560644150 -0.428279787 0.337933272
1403638176545096960.000000 0.242727935 4.851494312 -7.141776085 -0.612284303 -0.545873106 -0.446033508 0.358028680
1403638177495097088.000000 0.815035701 5.099517345 -7.134356499 -0.618260801 -0.546266496 -0.441321850 0.352961063
1403638177845096960.000000 0.897156775 5.236584187 -7.224377155 -0.634649277 -0.517729342 -0.426165730 0.384134531
1403638178995097088.000000 1.372087955 5.358836174 -7.322572708 -0.732353091 -0.380074859 -0.482276499 0.294298232
1403638179195097088.000000 1.491302371 5.331384659 -7.368508816 -0.744060159 -0.374898225 -0.482573748 0.270089567
1403638179495097088.000000 1.699949026 5.312056065 -7.455471516 -0.755336106 -0.342226207 -0.501992583 0.245666668
1403638179845096960.000000 1.964716792 5.299232483 -7.549604416 -0.772899866 -0.271488786 -0.533191264 0.211250454
1403638180145096960.000000 2.198425293 5.278058052 -7.580777168 -0.796042621 -0.232718885 -0.528516948 0.181184500
1403638180645096960.000000 2.641448736 5.250860691 -7.650361061 -0.799597561 -0.232261285 -0.529228866 0.163142160
1403638181145096960.000000 3.165101528 5.280120373 -7.684028149 -0.800585210 -0.239567026 -0.520105898 0.176524445
1403638181745096960.000000 3.892206430 5.286157608 -7.808471680 -0.794159830 -0.151448086 -0.566846073 0.158301264
1403638182145096960.000000 4.345855713 5.164530754 -7.800088406 -0.820439517 -0.105322547 -0.554112494 0.093517870
1403638182395097088.000000 4.628684998 5.078358650 -7.776863575 -0.830602765 -0.088000052 -0.541682959 0.094523743
1403638182595097088.000000 4.872453213 5.001071930 -7.746191502 -0.832977593 -0.101227537 -0.538495719 0.076966353
1403638183245096960.000000 5.767891884 4.797823906 -7.612312794 -0.816927850 -0.117930904 -0.558951259 0.079339340
1403638183595097088.000000 6.263385773 4.727154255 -7.618988037 -0.830938458 -0.124322072 -0.537505269 0.071927086
1403638184795097088.000000 7.945237160 4.845081329 -7.485844612 -0.816083133 -0.118187994 -0.560994685 0.072971940
1403638185045096960.000000 8.272203445 4.927117348 -7.459667683 -0.815174282 -0.117110051 -0.562604070 0.072475724
1403638185395097088.000000 8.713583946 5.071601868 -7.410498142 -0.812857568 -0.126880944 -0.565030158 0.062487271
1403638185845096960.000000 9.224616051 5.347586632 -7.337406158 -0.801531434 -0.156252906 -0.567216456 0.106760874
1403638186045096960.000000 9.426842690 5.483036995 -7.318193913 -0.809029937 -0.152267873 -0.552644730 0.129880577
1403638186445096960.000000 9.836062431 5.725775242 -7.290181637 -0.808537543 -0.166643187 -0.552818298 0.113529563
1403638186845096960.000000 10.236576080 5.978068352 -7.246160030 -0.803201556 -0.183534816 -0.558365941 0.097004347
1403638189545096960.000000 10.733543396 7.544633389 -6.822751045 -0.726201177 -0.379682004 -0.506627381 0.267959356
1403638189995097088.000000 10.438491821 7.558037758 -6.722584248 -0.737974286 -0.398762286 -0.474455148 0.266973823
1403638190345096960.000000 10.270937920 7.624464035 -6.708392620 -0.706535935 -0.398825586 -0.518613040 0.269788116
1403638190795097088.000000 9.979462624 7.717075825 -6.764530182 -0.689718723 -0.421380788 -0.516157389 0.283386469
1403638190945096960.000000 9.854673386 7.743493080 -6.771607876 -0.693772852 -0.419057578 -0.506983161 0.293322712
1403638191245096960.000000 9.589346886 7.772379398 -6.742388725 -0.698245943 -0.419397116 -0.498787522 0.296259463
1403638191645096960.000000 9.234210014 7.798992634 -6.683845043 -0.707386374 -0.423826098 -0.488790661 0.284709781
1403638191845096960.000000 9.062209129 7.827473164 -6.688076019 -0.704744220 -0.429801404 -0.493261218 0.274408013
1403638192045096960.000000 8.885249138 7.870973110 -6.700154781 -0.703997731 -0.429460704 -0.494602472 0.274443418
1403638192095097088.000000 8.839579582 7.883886814 -6.699477673 -0.704141617 -0.429644644 -0.494333595 0.274270564
1403638194845096960.000000 6.039236546 7.081192970 -5.947150707 -0.699056864 -0.445107609 -0.469080389 0.305225164
1403638197395097088.000000 4.656583786 6.919714451 -5.996525288 -0.684996903 -0.446043670 -0.490363508 0.302271336
1403638197845096960.000000 4.521978378 7.099334717 -5.850832939 -0.680864275 -0.443257242 -0.495181412 0.307802290
1403638198595097088.000000 4.193492889 7.285233021 -5.983961582 -0.674057424 -0.451770812 -0.502466738 0.298457742
1403638198995097088.000000 3.892407894 7.336645603 -6.109856129 -0.655439019 -0.465936929 -0.524971843 0.278759748
1403638199395097088.000000 3.382843971 7.388813019 -6.082333088 -0.655673444 -0.458985984 -0.525990486 0.287677407
1403638199795097088.000000 2.690670729 7.435061455 -5.942418575 -0.658216953 -0.472238034 -0.504110456 0.299356610
1403638199895097088.000000 2.495796919 7.446814060 -5.906775475 -0.661514103 -0.472512782 -0.492913842 0.310107529
1403638199995097088.000000 2.298121929 7.458537579 -5.876801968 -0.661583245 -0.474337161 -0.486581534 0.317096621
1403638200095097088.000000 2.099034071 7.470274448 -5.851615906 -0.656508446 -0.481877387 -0.483234435 0.321365058
1403638200345096960.000000 1.589398026 7.498045444 -5.780993938 -0.622791111 -0.506480217 -0.486735404 0.344525188
1403638200445096960.000000 1.377468586 7.506116390 -5.743749619 -0.609944701 -0.519289136 -0.485753477 0.349785507
1403638200595097088.000000 1.049878597 7.513277531 -5.675731182 -0.594929993 -0.538403630 -0.482895970 0.350701332
1403638200745096960.000000 0.705771685 7.515110016 -5.595699310 -0.578940988 -0.558786929 -0.478943944 0.350994736
1403638200895097088.000000 0.343651474 7.511082649 -5.521167755 -0.575454533 -0.569555640 -0.467761815 0.354481727
1403638201045096960.000000 -0.034258381 7.505166531 -5.461948395 -0.581986189 -0.564321041 -0.451656193 0.372613311
1403638201195097088.000000 -0.418749958 7.496212959 -5.420272827 -0.585653007 -0.560233474 -0.445348859 0.380543560
1403638201495097088.000000 -1.189352751 7.469481945 -5.384023666 -0.588627636 -0.556099534 -0.446729451 0.380399376
1403638201645096960.000000 -1.574947476 7.452337742 -5.389359951 -0.587657213 -0.553638339 -0.451126426 0.380300730
1403638201795097088.000000 -1.961173058 7.429867744 -5.413677692 -0.588713884 -0.551915407 -0.452789336 0.379192770
1403638201945096960.000000 -2.349479914 7.400960445 -5.451107979 -0.589226305 -0.551894248 -0.450457782 0.381199300
1403638202095097088.000000 -2.741052389 7.359907150 -5.483845711 -0.586530089 -0.557015419 -0.440533608 0.389418185
1403638202395097088.000000 -3.510855198 7.256319046 -5.512196064 -0.591361046 -0.566484094 -0.415267944 0.396157086
1403638202695097088.000000 -4.240980148 7.165950775 -5.557228565 -0.593854606 -0.567697167 -0.407420009 0.398830295
1403638202895097088.000000 -4.700052261 7.115858555 -5.612928867 -0.591680765 -0.567124665 -0.411497533 0.398689508
1403638203345096960.000000 -5.658556938 6.999506950 -5.686994553 -0.586537302 -0.561485291 -0.420197964 0.405144423
1403638203545096960.000000 -6.056388855 6.938930035 -5.710022449 -0.587433040 -0.559314966 -0.418364495 0.408730149
1403638203845096960.000000 -6.614713669 6.834950447 -5.735037327 -0.588181317 -0.559923530 -0.416605592 0.408617496
1403638203995097088.000000 -6.875712872 6.776048660 -5.726006508 -0.587531269 -0.560890794 -0.415843993 0.409001559
1403638204295097088.000000 -7.364669323 6.648360729 -5.662496567 -0.599588156 -0.561468065 -0.395348191 0.411032200
1403638204445096960.000000 -7.585141659 6.588803291 -5.618263245 -0.611487508 -0.557948649 -0.379095048 0.413597882
1403638204645096960.000000 -7.843827724 6.522187233 -5.571370125 -0.610263646 -0.557219326 -0.377823085 0.417534024
1403638204845096960.000000 -8.066782951 6.467291355 -5.550846100 -0.584748209 -0.581022263 -0.383667916 0.416271061
1403638205045096960.000000 -8.273979187 6.419989586 -5.555892944 -0.537791133 -0.619997203 -0.378573626 0.427862406
1403638205245096960.000000 -8.484607697 6.374680042 -5.567430019 -0.477999628 -0.665768385 -0.343739212 0.458380073
1403638205445096960.000000 -8.698549271 6.328134537 -5.548610210 -0.406650066 -0.705169082 -0.304128170 0.494851917
1403638205645096960.000000 -8.906937599 6.269990921 -5.500633717 -0.343814582 -0.729935646 -0.297596991 0.510315180
1403638205845096960.000000 -9.122632027 6.180609226 -5.429031849 -0.306678474 -0.741308272 -0.290511370 0.521549165
1403638206045096960.000000 -9.355428696 6.046495914 -5.340645790 -0.276851863 -0.757054508 -0.257738322 0.532721817
1403638206495097088.000000 -9.888876915 5.618434429 -5.133587360 -0.223773077 -0.769232094 -0.188005820 0.568208933
1403638206895097088.000000 -10.291348457 5.162705421 -5.055931091 -0.203827932 -0.771665156 -0.163563132 0.579857111
1403638207095097088.000000 -10.455812454 4.921272278 -5.055572987 -0.196935847 -0.768339336 -0.158359125 0.588042021
1403638207295097088.000000 -10.590055466 4.670028210 -5.086538792 -0.188947007 -0.768015087 -0.151501104 0.592873693
1403638207495097088.000000 -10.691631317 4.404549122 -5.134698868 -0.161885753 -0.769991398 -0.133134872 0.602645457
1403638207695097088.000000 -10.751008987 4.126560688 -5.163455009 -0.138337404 -0.786290169 -0.104800947 0.592981756
1403638208095097088.000000 -10.789987564 3.597267151 -5.136016846 -0.128234923 -0.802441657 -0.081011318 0.577131212
1403638208295097088.000000 -10.786820412 3.354260445 -5.131592274 -0.129605517 -0.795816898 -0.082801312 0.585680723
1403638208545096960.000000 -10.762533188 3.065056324 -5.158933640 -0.127066925 -0.803357780 -0.079342566 0.576346397
1403638208795097088.000000 -10.722176552 2.789751530 -5.156322479 -0.105097145 -0.806815207 -0.060942326 0.578178048
1403638209045096960.000000 -10.667755127 2.536737919 -5.148380280 -0.090000302 -0.806461871 -0.053796962 0.581915140
1403638209295097088.000000 -10.596382141 2.301612377 -5.182450771 -0.086982533 -0.807102203 -0.048245050 0.581972957
1403638209545096960.000000 -10.514780998 2.086091757 -5.257011890 -0.087542608 -0.804797947 -0.046004429 0.585252225
1403638209795097088.000000 -10.423218727 1.892740846 -5.422492027 -0.087898694 -0.804830551 -0.049082637 0.584903836
1403638210045096960.000000 -10.317358971 1.715564013 -5.667681694 -0.084180467 -0.797302604 -0.056367710 0.595016837
1403638210295097088.000000 -10.179501534 1.545026064 -5.897125721 -0.084725447 -0.790190160 -0.055876374 0.604399800
1403638210545096960.000000 -9.991432190 1.378490686 -6.115077019 -0.085673273 -0.790272117 -0.055748340 0.604170740
1403638210795097088.000000 -9.761835098 1.217542887 -6.353086472 -0.088013582 -0.788329244 -0.054421589 0.606489062
1403638211045096960.000000 -9.485591888 1.064340353 -6.558278084 -0.090965271 -0.796287537 -0.049468804 0.595990181
1403638211295097088.000000 -9.188966751 0.927355230 -6.712843895 -0.092967749 -0.801840901 -0.046722196 0.588409007
1403638211545096960.000000 -8.881820679 0.814777732 -6.852501869 -0.115679234 -0.800265849 -0.060772635 0.585234761
1403638211745096960.000000 -8.623618126 0.740492702 -6.988332748 -0.156404212 -0.792840362 -0.079572588 0.583618164
1403638211995097088.000000 -8.286586761 0.675387263 -7.155646324 -0.220307991 -0.779851079 -0.111080982 0.575289369
1403638212245096960.000000 -7.933228016 0.646645010 -7.275425434 -0.270529568 -0.764250517 -0.155201331 0.564488709
1403638212445096960.000000 -7.636159420 0.638119578 -7.332745552 -0.308546931 -0.750438869 -0.188914508 0.553128898
1403638212645096960.000000 -7.326218605 0.636923313 -7.358088493 -0.350161403 -0.732250571 -0.215138376 0.543057680
1403638212845096960.000000 -7.003234863 0.639503539 -7.355360031 -0.390321076 -0.713238657 -0.245967522 0.527674198
1403638213045096960.000000 -6.669347286 0.646406889 -7.332161903 -0.435635835 -0.688684881 -0.275435954 0.509970307
1403638213245096960.000000 -6.327353477 0.658998489 -7.303263187 -0.487943470 -0.662006319 -0.293624580 0.487281740
1403638213395097088.000000 -6.064770699 0.676376462 -7.298063755 -0.531684160 -0.639959812 -0.297490954 0.468254864
1403638213495097088.000000 -5.884464264 0.695431471 -7.301073551 -0.557939053 -0.622210503 -0.301370770 0.459057629
1403638213695097088.000000 -5.504942417 0.756222308 -7.311717987 -0.570914209 -0.596052825 -0.345226884 0.446762145
1403638213895097088.000000 -5.114829540 0.829989433 -7.303133488 -0.565326095 -0.587856174 -0.378108859 0.438024282
1403638214095097088.000000 -4.727214336 0.901984930 -7.275321484 -0.567863226 -0.594361126 -0.377462745 0.426366150
1403638214495097088.000000 -3.981466532 1.074288011 -7.213592529 -0.566842139 -0.613743961 -0.360400677 0.414873153
1403638215095097088.000000 -2.934441328 1.399809361 -7.277575016 -0.539123714 -0.607680321 -0.378494233 0.443635553
1403638215495097088.000000 -2.291478634 1.574944139 -7.392236710 -0.534825921 -0.615946889 -0.384220839 0.432371527
1403638216095097088.000000 -1.461974859 1.770091295 -7.480254650 -0.546447635 -0.601943016 -0.388086885 0.434106320
1403638216295097088.000000 -1.212436199 1.813746095 -7.508392334 -0.547645926 -0.599293351 -0.392761767 0.432052940
1403638216745096960.000000 -0.708876193 1.872784495 -7.538309097 -0.546411335 -0.601672411 -0.398755252 0.424757898
1403638219345096960.000000 0.330139160 1.479289293 -7.628789902 -0.605467916 -0.534597099 -0.438105673 0.394560665
1403638221145096960.000000 0.350982517 0.574789941 -7.671458244 -0.615042448 -0.540805399 -0.434056103 0.375296652
1403638221395097088.000000 0.341768712 0.451088756 -7.682498455 -0.620611548 -0.540233195 -0.427755445 0.374185532
1403638221695097088.000000 0.330003083 0.315752059 -7.700465679 -0.622539759 -0.535431921 -0.426503897 0.379277468
1403638222195097088.000000 0.327193290 0.114452116 -7.690156460 -0.618792415 -0.540963888 -0.430734575 0.372722268
1403638222445096960.000000 0.321958870 0.025249764 -7.693134308 -0.625591815 -0.545474887 -0.421510875 0.365268052
1403638222945096960.000000 0.309646964 -0.088748962 -7.756024837 -0.611389399 -0.531644821 -0.441092283 0.385998040
1403638223245096960.000000 0.293589264 -0.165342391 -7.785918236 -0.625243068 -0.540015161 -0.421769619 0.373584092
1403638223495097088.000000 0.282693416 -0.224082023 -7.798501968 -0.630792081 -0.529739916 -0.413889557 0.387520969
1403638223745096960.000000 0.295347244 -0.272389919 -7.822681904 -0.621294618 -0.535095811 -0.428381294 0.379677385
1403638223995097088.000000 0.313626200 -0.316725999 -7.855424404 -0.615285099 -0.542666674 -0.436855644 0.368909776
1403638224245096960.000000 0.318297625 -0.351951689 -7.897884369 -0.624105453 -0.549180388 -0.423687041 0.359697908
1403638224495097088.000000 0.310832024 -0.362177908 -7.929008484 -0.618422031 -0.534442902 -0.432390809 0.380740404
1403638224745096960.000000 0.299644172 -0.371169835 -7.962121010 -0.623674273 -0.542616010 -0.424742967 0.369041592
1403638225045096960.000000 0.281704992 -0.366232336 -7.970802307 -0.622532189 -0.529028952 -0.424674749 0.390171051
1403638225395097088.000000 0.279935062 -0.355260551 -7.957843781 -0.619782627 -0.542983413 -0.426385790 0.373140216
1403638225745096960.000000 0.275110036 -0.341539472 -7.994170189 -0.601909697 -0.530091882 -0.451200634 0.391312450
1403638225995097088.000000 0.260887682 -0.355553061 -8.082693100 -0.622163832 -0.546448290 -0.422824204 0.368138850
1403638226395097088.000000 0.231982470 -0.335714698 -8.083996773 -0.621791720 -0.553580284 -0.417997032 0.363596469
1403638226895097088.000000 0.238696933 -0.329813123 -8.059549332 -0.622884750 -0.552306414 -0.418067008 0.363582343
1403638227395097088.000000 0.241074160 -0.330330312 -8.047423363 -0.623323381 -0.552227914 -0.417469263 0.363636732
1403638227895097088.000000 0.240402490 -0.332749903 -8.044477463 -0.623762131 -0.552148700 -0.416830093 0.363738030
1403638228395097088.000000 0.239914343 -0.332750082 -8.045440674 -0.624034464 -0.552017391 -0.416569948 0.363768339
