1403636870451666432.000000 0.986336172 -0.645283759 -1.083403111 -0.721539795 -0.584760368 -0.279520601 0.243524060
1403636871001666560.000000 1.113032579 -0.632597685 -1.106278658 -0.731893778 -0.563831747 -0.288188875 0.251738995
1403636871251666432.000000 1.104033470 -0.634262204 -1.111296654 -0.741868794 -0.562512696 -0.278697371 0.235665083
1403636872001666560.000000 0.782870650 -0.631370425 -1.092804551 -0.720845044 -0.584126174 -0.263371557 0.264224440
1403636874751666432.000000 0.819549620 -0.605689466 -1.131646872 -0.722255468 -0.592051089 -0.249855131 0.255724698
1403636876001666560.000000 0.641225815 -0.810488164 -1.157595634 -0.809527218 -0.450257659 -0.289260119 0.241376176
1403636876201666560.000000 0.728581727 -0.862548828 -1.147985697 -0.826488733 -0.409445673 -0.319679081 0.216970056
1403636876351666432.000000 0.807880104 -0.866406560 -1.147514105 -0.838158965 -0.388452739 -0.325598329 0.201444164
1403636876501666560.000000 0.898484230 -0.838406205 -1.149840236 -0.843328059 -0.380113751 -0.331365108 0.185764387
1403636876651666432.000000 0.983710229 -0.779640198 -1.147155762 -0.832734346 -0.386709571 -0.350066930 0.185640499
1403636878051666432.000000 0.547737479 -0.621712029 -1.162206888 -0.693423748 -0.612981260 -0.235004976 0.296968549
1403636878651666432.000000 0.797777295 -0.806640506 -1.173253059 -0.781645834 -0.491508842 -0.301862478 0.237334922
1403636878951666432.000000 0.973880053 -0.751484394 -1.151849151 -0.792199373 -0.464345127 -0.330507457 0.218102470
1403636879101666560.000000 1.032260418 -0.697923064 -1.145491958 -0.792215705 -0.463201463 -0.330586374 0.220343754
1403636879251666432.000000 1.060483098 -0.630641937 -1.134014606 -0.780350745 -0.466233611 -0.343722969 0.235655710
1403636879401666560.000000 1.051915050 -0.564013660 -1.123026967 -0.760743797 -0.483358860 -0.351366907 0.253326923
1403636880751666432.000000 0.725297332 -0.845716119 -1.063650250 -0.755999029 -0.509579241 -0.329723775 0.245105609
1403636880901666560.000000 0.673141897 -0.879073381 -1.059334755 -0.755934000 -0.513596594 -0.319751382 0.250082850
1403636881051666432.000000 0.616721869 -0.877062857 -1.056548953 -0.740472734 -0.524800956 -0.322859287 0.268413812
1403636881201666560.000000 0.565909743 -0.846675217 -1.054210544 -0.716858566 -0.544529378 -0.322100192 0.293006986
1403636881351666432.000000 0.535432875 -0.796223402 -1.050411701 -0.693238974 -0.568822622 -0.312606126 0.313269794
1403636881501666560.000000 0.540585518 -0.729942322 -1.047256589 -0.675672174 -0.585446179 -0.314448208 0.319127321
1403636884051666432.000000 0.749115348 -0.429227114 -1.333494425 -0.512907267 -0.620746791 -0.351561397 0.477497756
1403636886851666432.000000 0.750047028 -0.430635661 -1.334009886 -0.505108893 -0.616789699 -0.358495533 0.485712290
1403636889351666432.000000 0.749935985 -0.430713385 -1.334259868 -0.505326629 -0.616266906 -0.358465910 0.486171126
1403636891851666432.000000 0.750112236 -0.430878699 -1.334044695 -0.504930854 -0.616339445 -0.358713537 0.486307710
1403636894351666432.000000 0.749819994 -0.430784255 -1.334088564 -0.504753113 -0.616454720 -0.359018207 0.486121297
1403636897151666432.000000 0.750270963 -0.431799561 -1.333178997 -0.501733840 -0.619556963 -0.356276453 0.487318635
1403636898401666560.000000 0.847586989 -0.496212631 -1.217653632 -0.510551989 -0.647009909 -0.354488969 0.441647381
1403636900651666432.000000 1.088065386 -0.125914931 -0.936386168 -0.581914186 -0.582718611 -0.398119152 0.404123813
1403636903401666560.000000 2.204223156 0.600115418 -0.970903635 -0.572784305 -0.586828530 -0.402943403 0.406432271
1403636906201666560.000000 3.247104883 1.443787217 -0.734092534 -0.569478273 -0.602415085 -0.392176867 0.398732811
1403636906501666560.000000 3.287284136 1.584283710 -0.720644295 -0.571083248 -0.586151302 -0.388359517 0.423636049
1403636907301666560.000000 3.435467958 1.944811106 -0.723415017 -0.566390455 -0.605101466 -0.385830134 0.405202806
1403636907751666432.000000 3.508014441 2.186650276 -0.691589773 -0.574755609 -0.597886324 -0.370020509 0.418655902
1403636908451666432.000000 3.701006889 2.657320023 -0.653934062 -0.554095209 -0.605008006 -0.386309236 0.421555489
1403636908901666560.000000 3.819719553 2.954560757 -0.649873137 -0.557085574 -0.613418400 -0.371879011 0.418424994
1403636909301666560.000000 3.922821999 3.251218081 -0.580164194 -0.561484396 -0.611604989 -0.366071522 0.420316875
1403636909701666560.000000 4.041787624 3.585726023 -0.591225266 -0.559363425 -0.602800488 -0.375518262 0.427469611
1403636910951666432.000000 4.289319515 4.484213352 -0.766950548 -0.551342010 -0.607950926 -0.381431639 0.425355792
1403636912101666560.000000 4.435226440 5.136229038 -0.773182809 -0.560587645 -0.603550076 -0.373253942 0.426790714
1403636912601666560.000000 4.532827854 5.415396214 -0.790501356 -0.560227871 -0.600033522 -0.377542973 0.428445727
1403636913951666432.000000 5.028689384 6.100907326 -0.945283175 -0.554583967 -0.600622773 -0.388339072 0.425301731
1403636916551666432.000000 5.990025997 7.059607506 -0.803784132 -0.559067845 -0.596137166 -0.402783185 0.412103623
1403636919351666432.000000 6.245049000 7.649305820 -0.754504025 -0.663582623 -0.465888917 -0.455198824 0.367966920
1403636922201666560.000000 6.646519661 7.153583050 -0.778085113 -0.670219004 -0.465128303 -0.477487057 0.326294988
1403636924551666432.000000 6.939116955 7.135213852 -0.969728768 -0.727020621 -0.389753997 -0.491152078 0.279825896
1403636925301666560.000000 7.236304760 7.332072258 -1.051033616 -0.728705347 -0.377683729 -0.508218467 0.260878623
1403636925551666432.000000 7.347736835 7.374135494 -1.135765076 -0.744846404 -0.383505076 -0.491359770 0.238103539
1403636928301666560.000000 8.815751076 8.255856514 -1.386836410 -0.778030753 -0.261310756 -0.539381862 0.188287243
1403636931001666560.000000 10.331881523 8.788404465 -1.200850487 -0.774436533 -0.244800135 -0.541983247 0.215812787
1403636932501666560.000000 10.522551537 8.327033997 -1.172974467 -0.766903520 -0.230749115 -0.580267906 0.147996545
1403636932751666432.000000 10.438814163 8.243031502 -1.123747468 -0.779319525 -0.197031140 -0.578499377 0.138485715
1403636933751666432.000000 9.980807304 7.972432137 -1.118298054 -0.804955661 -0.151790842 -0.563584983 0.106667072
1403636936551666432.000000 9.033249855 7.063539028 -1.133012891 0.818999708 -0.011188269 0.573684335 -0.000728796
1403636939201666560.000000 8.614868164 6.226083279 -1.358840942 0.815916240 -0.053027283 0.575262189 0.023285301
1403636939451666432.000000 8.513564110 6.098758221 -1.383275032 0.812864661 -0.047590852 0.580127478 0.020939756
1403636939951666432.000000 8.273158073 5.844581127 -1.368129611 0.803481877 -0.046801142 0.593288839 0.015329056
1403636940201666560.000000 8.120051384 5.712821484 -1.400721431 0.808072746 -0.066098444 0.584969401 0.021455051
1403636940451666432.000000 7.956763268 5.572052479 -1.456937432 0.807575822 -0.077861950 0.583965003 0.027270891
1403636942101666560.000000 7.010291576 4.567931175 -1.352839351 0.815738142 -0.061657622 0.574258983 0.031562287
1403636942501666560.000000 6.805151463 4.345452309 -1.325083137 0.813770890 -0.074640617 0.575941145 0.022309367
1403636942801666560.000000 6.655362606 4.158146858 -1.360350370 0.820515335 -0.075596690 0.565820158 0.029788211
1403636943151666432.000000 6.500076294 3.924788713 -1.351147652 0.811830342 -0.073781788 0.577730238 0.041419666
1403636943501666560.000000 6.342959881 3.701892614 -1.345731735 0.808704078 -0.076820031 0.581158876 0.048484318
1403636946301666560.000000 5.490433216 2.946386576 -1.585498810 0.816099942 -0.029188985 0.576434672 0.029188206
1403636947751666432.000000 5.333086014 2.913536310 -1.976596832 0.829898655 -0.046610478 0.555144489 0.030170752
1403636948251666432.000000 5.474687099 2.846117735 -2.024012804 0.831616163 -0.031718731 0.552902758 0.041316044
1403636948551666432.000000 5.600842953 2.854990482 -2.089744568 0.826916933 -0.011381719 0.559248686 0.057618458
1403636950001666560.000000 6.140272141 3.413139343 -2.268284321 0.828322887 -0.031213516 0.559379995 0.001006884
1403636950251666432.000000 6.219716072 3.473022223 -2.262014151 0.832391739 -0.029188385 0.553380609 0.006467130
1403636950701666560.000000 6.411593437 3.571655512 -2.306970835 0.817996025 -0.014201498 0.574373603 0.027851790
1403636953051666432.000000 7.469067574 4.349766731 -2.432798862 0.824355066 -0.028668284 0.565336227 0.003460303
1403636953251666432.000000 7.552530289 4.418958664 -2.487499237 0.826132059 -0.033321988 0.562485993 -0.002228867
1403636954001666560.000000 7.911159039 4.628625393 -2.518379211 0.825239956 -0.008545812 0.564396977 0.019031992
1403636954401666560.000000 8.135414124 4.797853947 -2.476141453 0.827809572 -0.012916151 0.560660660 0.014968877
1403636955201666560.000000 8.667344093 5.216670990 -2.518715382 0.816323876 -0.033968668 0.575629771 0.033344198
1403636955401666560.000000 8.795237541 5.335952759 -2.529072762 0.814886570 -0.041710060 0.576853573 0.038210616
1403636955801666560.000000 9.038837433 5.596486092 -2.566904545 0.814984322 -0.048269674 0.575649559 0.045806456
1403636956001666560.000000 9.156057358 5.735658169 -2.566228390 0.814806581 -0.061264850 0.575587392 0.032187186
1403636956401666560.000000 9.365863800 5.977367878 -2.533807039 0.814627111 -0.068690717 0.574952841 0.033070378
1403636956601666560.000000 9.459962845 6.081309795 -2.547230482 0.809635341 -0.055150762 0.583156288 0.037119992
1403636957001666560.000000 9.603430748 6.282435894 -2.583920240 -0.812296391 -0.010395064 -0.582059801 0.035679463
1403636957201666560.000000 9.656407356 6.358036041 -2.561100245 -0.810163558 -0.072696812 -0.579017162 0.055581756
1403636957501666560.000000 9.719119072 6.460682392 -2.529656172 -0.806787550 -0.114410281 -0.573502123 0.084258549
1403636960451666432.000000 10.150438309 7.209733963 -2.692348480 -0.759196699 -0.297418535 -0.548149526 0.186264858
1403636962301666560.000000 9.802604675 7.850623131 -2.557625294 -0.618317008 -0.531029999 -0.442813009 0.373641342
1403636963501666560.000000 9.275208473 7.997453213 -2.320638418 -0.547752023 -0.599407256 -0.394480258 0.430190653
1403636963801666560.000000 9.123660088 7.969623566 -2.299548149 -0.553016782 -0.595597208 -0.401880801 0.421815544
1403636964101666560.000000 8.968257904 7.924230099 -2.218324184 -0.553990185 -0.592499435 -0.406472594 0.420499086
1403636964401666560.000000 8.805351257 7.856877804 -2.140574694 -0.549782574 -0.594319761 -0.409603566 0.420414269
1403636964701666560.000000 8.622642517 7.767550468 -2.111967802 -0.530961335 -0.611136019 -0.410422504 0.419697911
1403636965201666560.000000 8.231184006 7.544277191 -2.072045326 -0.466744393 -0.663936615 -0.358353108 0.461433649
1403636968151666432.000000 6.157941341 6.068527222 -1.812674403 -0.476202756 -0.646994293 -0.356550485 0.476970732
1403636969201666560.000000 5.718275547 5.012054920 -1.881985903 -0.483457595 -0.652258337 -0.348870009 0.468099982
1403636969501666560.000000 5.591596603 4.678785324 -1.803562999 -0.492565900 -0.662324667 -0.338890821 0.451506287
1403636969801666560.000000 5.458939552 4.379333973 -1.752272010 -0.494778633 -0.662396073 -0.339500546 0.448514193
1403636970101666560.000000 5.317558765 4.117038250 -1.747237444 -0.489896387 -0.655432999 -0.345831007 0.459140599
1403636970351666432.000000 5.198021412 3.911143780 -1.762566328 -0.486296535 -0.652324140 -0.349081814 0.464898825
1403636970601666560.000000 5.077826023 3.709794998 -1.774880171 -0.493981719 -0.663784325 -0.336118698 0.449885160
1403636971601666560.000000 4.587420464 3.285495758 -1.808995962 -0.502568364 -0.648069799 -0.316005170 0.477044463
1403636971901666560.000000 4.525539875 3.246578217 -1.895368814 -0.485371619 -0.647764385 -0.337199450 0.480741262
1403636972151666432.000000 4.495630264 3.206865788 -1.941357374 -0.484593600 -0.649912179 -0.337366611 0.478504986
1403636972651666432.000000 4.485195637 3.133822441 -1.906676054 -0.487037838 -0.655738890 -0.336747855 0.468403339
1403636974901666560.000000 4.551887989 2.940266132 -2.156979561 -0.658426583 -0.498211414 -0.440755606 0.352128208
1403636977501666560.000000 5.008532524 2.901833773 -2.387084723 -0.759093881 -0.309627801 -0.523599386 0.231842265
1403636978201666560.000000 5.320527077 2.835742235 -2.542050123 -0.760433853 -0.301102906 -0.530022919 0.223949030
1403636978801666560.000000 5.598903656 2.775750160 -2.530416727 -0.780993700 -0.309322029 -0.504200876 0.200375333
1403636979401666560.000000 5.932616234 2.850273609 -2.641460896 -0.769101143 -0.306992084 -0.521602929 0.205352530
1403636981751666432.000000 7.105526447 3.824313641 -2.816545010 -0.768963993 -0.293864697 -0.533536255 0.194105938
1403636982101666560.000000 7.241467953 3.969430447 -2.792114973 -0.788665950 -0.293738246 -0.508654714 0.181643352
1403636982401666560.000000 7.386982441 4.142574787 -2.790946722 -0.788185894 -0.281170130 -0.510219455 0.198450431
1403636983001666560.000000 7.792426109 4.513067722 -2.752951384 -0.776293218 -0.288079768 -0.522832930 0.202545628
1403636984151666432.000000 8.586641312 5.253352642 -2.801366806 -0.780980706 -0.288040280 -0.523588538 0.181540966
1403636984501666560.000000 8.820831299 5.541984558 -2.801664352 -0.772260189 -0.280611604 -0.539548934 0.183734640
1403636987251666432.000000 9.347376823 7.763546467 -2.760279179 -0.755338967 -0.301523358 -0.538365841 0.220701307
1403636989401666560.000000 8.631979942 7.860026836 -2.501580715 -0.744521439 -0.298974484 -0.545165181 0.243098900
1403636990601666560.000000 8.077740669 6.797369480 -2.302778959 -0.751224875 -0.318054616 -0.533614278 0.223065391
1403636990951666432.000000 7.890739918 6.507678032 -2.305122614 -0.752186179 -0.323456049 -0.529738605 0.221289486
1403636991801666560.000000 7.423936367 5.902353287 -2.276972294 -0.761591315 -0.305764377 -0.523708105 0.228509933
1403636992901666560.000000 6.946986675 5.220601559 -2.142637014 -0.765325546 -0.302404433 -0.533030629 0.196739823
1403636993401666560.000000 6.726791382 5.000797749 -2.104268789 -0.749193609 -0.317083627 -0.533628643 0.231100500
1403636993801666560.000000 6.534872532 4.826926708 -1.998269439 -0.727612793 -0.371084392 -0.512405992 0.265171796
1403636994651666432.000000 6.070775509 4.400290012 -1.986392498 -0.708863080 -0.377703607 -0.524580061 0.282256931
1403636994951666432.000000 5.865240097 4.200078487 -1.958940029 -0.728178263 -0.368484974 -0.499570519 0.290524632
1403636997551666432.000000 4.446301937 2.279874563 -1.672791123 -0.648363054 -0.512153089 -0.440362871 0.351290643
1403637000251666432.000000 3.601894140 1.714419007 -1.171327233 -0.645294309 -0.492949337 -0.471717536 0.343625933
1403637002101666560.000000 2.561926603 0.933765054 -1.051476359 -0.658257306 -0.485431939 -0.462503791 0.342262357
1403637002601666560.000000 2.299893618 0.704656541 -1.080910087 -0.654684484 -0.489415646 -0.467599601 0.336468875
1403637003051666432.000000 2.053257465 0.514632106 -1.049513340 -0.659039199 -0.483716190 -0.466403037 0.337867260
1403637003501666560.000000 1.806891203 0.337484300 -1.084904671 -0.660010159 -0.476350486 -0.470630050 0.340564609
1403637003851666432.000000 1.619705915 0.196957052 -1.052935243 -0.662825584 -0.476083547 -0.467312008 0.340038478
1403637004201666560.000000 1.441513181 0.057523377 -1.075292706 -0.662890792 -0.486563385 -0.461971074 0.332286984
1403637004551666432.000000 1.272826672 -0.050945569 -1.057431340 -0.659553885 -0.479332387 -0.467538416 0.341521442
1403637004951666432.000000 1.102404952 -0.182038099 -0.998215795 -0.677363276 -0.462591976 -0.452132553 0.350376815
1403637005301666560.000000 1.008804321 -0.293880045 -1.061884880 -0.672509730 -0.472891062 -0.463082403 0.331148624
1403637005651666432.000000 0.929709494 -0.385793388 -1.129999638 -0.667970598 -0.477429688 -0.463196725 0.333653957
1403637006151666432.000000 0.831421256 -0.477508068 -1.098975182 -0.665115237 -0.476773679 -0.464241862 0.338803858
1403637006501666560.000000 0.776127517 -0.525967598 -1.098932862 -0.680604815 -0.479219258 -0.441054314 0.335555047
1403637007001666560.000000 0.751379073 -0.543680072 -1.128435969 -0.630790114 -0.522214413 -0.435781091 0.373484761
1403637007401666560.000000 0.750511229 -0.557605803 -1.163568377 -0.588831484 -0.555056572 -0.435331196 0.394558609
1403637007751666432.000000 0.733292699 -0.593264639 -1.209923148 -0.600819409 -0.567840636 -0.414909482 0.380030453
1403637008101666560.000000 0.700706005 -0.612672627 -1.241040945 -0.601953447 -0.552258134 -0.422753304 0.392355442
1403637008451666432.000000 0.669742286 -0.621596396 -1.251619577 -0.612643480 -0.557765067 -0.417099237 0.373623163
1403637008751666432.000000 0.641442001 -0.601901829 -1.245677710 -0.615035474 -0.537941039 -0.420073360 0.394828111
1403637009051666432.000000 0.639558911 -0.584122002 -1.272423506 -0.624782026 -0.535985231 -0.409924209 0.392847717
1403637009351666432.000000 0.678894043 -0.557758152 -1.323051929 -0.605811834 -0.554909825 -0.439479619 0.363214523
1403637009651666432.000000 0.701293945 -0.549566686 -1.341128111 -0.579966962 -0.529412508 -0.429300159 0.446163923
1403637009951666432.000000 0.702788532 -0.543257833 -1.353914142 -0.593873382 -0.522870064 -0.425220668 0.439441323
1403637010401666560.000000 0.698684275 -0.538736641 -1.368487477 -0.593400657 -0.523327470 -0.425792366 0.438981712
