1403637149738319104.000000 5.283841610 12.264338493 -6.045431137 -0.589270771 -0.549510360 -0.403962493 0.433142781
1403637152088318976.000000 5.615573883 12.698510170 -5.577204227 -0.594844818 -0.564007163 -0.413403302 0.396425575
1403637154338319104.000000 6.041543484 13.152055740 -5.455265999 -0.613799691 -0.557412744 -0.385586351 0.404801458
1403637156888318976.000000 7.043171406 13.992082596 -5.700577736 -0.774198472 -0.265825391 -0.533989787 0.211680040
1403637159738319104.000000 9.818876266 12.878065109 -5.941166878 -0.801476419 -0.177418441 -0.553474844 0.140796900
1403637160788318976.000000 10.991558075 12.044783592 -6.089898109 0.822611392 -0.014259554 0.568380475 0.007126336
1403637161038319104.000000 11.254855156 11.882019997 -6.123647213 0.827210844 -0.038624644 0.560361385 0.015020635
1403637163538319104.000000 12.454199791 9.372364998 -5.952985287 0.741034567 -0.280632645 0.585204363 0.172188774
1403637166088318976.000000 9.400981903 6.146183968 -5.763396740 0.741884708 -0.353968382 0.478910238 0.308153182
1403637168988318976.000000 10.157210350 7.670196056 -6.444795609 0.768275738 -0.278830737 0.532902181 0.219137490
1403637171838319104.000000 11.292709351 12.411765099 -6.891327858 -0.735792816 -0.260119855 -0.603557169 0.163295656
1403637173788318976.000000 9.109789848 13.578788757 -6.962439537 -0.844525099 -0.007197054 -0.524277687 0.108897246
1403637173988318976.000000 9.101070404 13.495646477 -7.030520916 0.858492255 -0.017192297 0.506455600 -0.078728124
1403637174488318976.000000 9.300160408 13.136299133 -6.980476856 0.803965271 -0.022389524 0.591906905 -0.052770600
1403637174938319104.000000 9.402761459 12.665385246 -6.855360508 0.799685001 -0.089820027 0.593459368 0.015565554
1403637175138319104.000000 9.410024643 12.429016113 -6.825180531 0.794521153 -0.129537269 0.591710925 0.042830437
1403637177338319104.000000 7.749544621 9.206570625 -6.810971260 0.829916775 -0.197453499 0.513428390 0.092959784
1403637180138319104.000000 9.386514664 7.443682671 -7.167733669 0.770621181 -0.244345397 0.544098079 0.224489570
1403637180388318976.000000 9.649743080 7.639917374 -7.272371769 0.773152292 -0.262057960 0.543496251 0.195379347
1403637180688318976.000000 9.978225708 7.881939411 -7.325889587 0.785492361 -0.260463387 0.524757087 0.199476033
1403637181838319104.000000 11.436655998 9.176885605 -6.925734520 0.757343888 -0.286420792 0.545453191 0.216504157
1403637182088318976.000000 11.740394592 9.523835182 -6.807148457 0.751267135 -0.288220584 0.553047776 0.216020599
1403637182588318976.000000 12.232969284 10.261199951 -6.617605209 0.730393052 -0.276744127 0.587684691 0.211105078
1403637182838319104.000000 12.366998672 10.662143707 -6.528347492 0.727788329 -0.280407071 0.591792941 0.203659713
1403637183688318976.000000 12.228050232 12.031229019 -6.550446510 0.715147734 -0.315480113 0.603125274 0.158984169
1403637183938319104.000000 11.968618393 12.377057076 -6.617327690 0.721449137 -0.331988007 0.592671335 0.134297505
1403637184238319104.000000 11.530637741 12.677166939 -6.627916813 0.729872167 -0.335369557 0.580119729 0.135185435
1403637184838319104.000000 10.473986626 13.012744904 -6.776846886 0.779170811 -0.311813384 0.517071962 0.168231770
1403637185138319104.000000 10.002381325 13.067420006 -6.797783375 0.786530375 -0.312554300 0.505771041 0.166959271
1403637185438319104.000000 9.607531548 13.030017853 -6.743840694 0.798315763 -0.308601588 0.487015158 0.173992023
1403637185938319104.000000 9.147001266 12.812420845 -6.566361427 0.773576081 -0.294136852 0.523683667 0.202037469
1403637186338319104.000000 8.876634598 12.611222267 -6.449144840 0.764578760 -0.290859282 0.537039042 0.205935359
1403637187338319104.000000 8.247014046 12.076152802 -6.149708271 0.759459794 -0.328418374 0.532619238 0.177986011
1403637187588318976.000000 8.062435150 11.865318298 -6.150881767 0.771280706 -0.330599219 0.508150101 0.193942875
1403637187888318976.000000 7.877421379 11.571243286 -6.177631378 0.773037434 -0.338914841 0.500810742 0.191673070
1403637188288318976.000000 7.710797310 11.099088669 -6.258565426 0.765629709 -0.316796809 0.512360752 0.225693285
1403637191088318976.000000 6.698020458 7.993611336 -6.495046139 0.729021370 -0.349496484 0.537126303 0.240573049
1403637191938319104.000000 6.262137890 7.499819279 -6.508987427 0.749509692 -0.334446639 0.507004023 0.263301551
1403637192338319104.000000 6.174046040 7.359298706 -6.357739925 0.762510121 -0.333381146 0.483493626 0.271420956
1403637192838319104.000000 6.278677940 7.231907368 -6.205227375 0.759221137 -0.354378939 0.488369793 0.243913338
1403637193688318976.000000 6.711909771 6.828751564 -5.978348732 0.751785994 -0.350318760 0.501107454 0.246953070
1403637194438319104.000000 7.281166553 6.431673527 -5.839999676 0.749027073 -0.348015457 0.504352510 0.251936883
1403637194688318976.000000 7.508985519 6.320841312 -5.794216633 0.750637054 -0.352203190 0.500453949 0.249083892
1403637196288318976.000000 9.209980965 5.840262890 -5.664598942 0.737172544 -0.278751075 0.537466824 0.300006658
1403637196538319104.000000 9.501255035 5.955670834 -5.681992054 0.729623079 -0.273931712 0.544450939 0.310136676
1403637198488318976.000000 11.397096634 9.334285736 -5.471386909 -0.795249045 -0.074960627 -0.601105273 -0.025147898
1403637200288318976.000000 10.638751030 13.815353394 -5.724380970 -0.683441997 -0.311943978 -0.589317977 0.297157347
1403637203088318976.000000 8.599450111 14.133520126 -5.911077499 -0.755759120 -0.313797504 -0.535220563 0.209518984
1403637205888318976.000000 8.661577225 13.361927032 -6.071365356 -0.746502101 -0.324650556 -0.538680434 0.217163578
1403637208488318976.000000 8.086810112 13.140849113 -5.844950199 -0.758474767 -0.300193757 -0.532688141 0.225483879
1403637208988318976.000000 8.018372536 13.044264793 -5.872634888 -0.749469221 -0.312235832 -0.546466231 0.205376297
1403637211838319104.000000 9.160523415 15.546178818 -6.437066078 -0.759336472 -0.340898067 -0.489977896 0.259071827
1403637212338319104.000000 9.797157288 16.268522263 -6.461798668 -0.737437725 -0.339252114 -0.524773955 0.256331652
1403637212638319104.000000 10.163748741 16.643495560 -6.413688660 -0.746063530 -0.340463996 -0.515981615 0.247460067
1403637212938319104.000000 10.516818047 16.998601913 -6.338309765 -0.750489414 -0.348142385 -0.509921849 0.235674009
1403637213188318976.000000 10.806641579 17.308851242 -6.270828247 -0.751359463 -0.349424869 -0.505458713 0.240567476
1403637213488318976.000000 11.146997452 17.676815033 -6.252591610 -0.745971620 -0.349003643 -0.511412382 0.245316610
1403637213788318976.000000 11.457138062 18.037517548 -6.265206337 -0.737481236 -0.365470797 -0.522283018 0.223098844
1403637214038319104.000000 11.670347214 18.342739105 -6.302779198 -0.731779575 -0.370601237 -0.526774585 0.222849786
1403637214288318976.000000 11.842435837 18.671623230 -6.306929588 -0.715691864 -0.379797548 -0.526700795 0.257148504
1403637214588318976.000000 11.990124702 19.049127579 -6.268603802 -0.666914225 -0.440480351 -0.531212032 0.281098336
1403637214888318976.000000 12.040319443 19.402830124 -6.199276447 -0.629782319 -0.479928881 -0.537432075 0.290188283
1403637215188318976.000000 11.948194504 19.724107742 -6.152918816 -0.621595144 -0.477805614 -0.541717529 0.303089887
1403637215438319104.000000 11.764527321 19.954273224 -6.152550697 -0.615391195 -0.470299512 -0.534339488 0.338516325
1403637215688318976.000000 11.496293068 20.110473633 -6.136576176 -0.588591576 -0.494516581 -0.514218807 0.380252987
1403637215938319104.000000 11.172268867 20.176658630 -6.073946476 -0.574044406 -0.545147359 -0.461501211 0.400379777
1403637216238319104.000000 10.756797791 20.174726486 -5.944013119 -0.556833565 -0.574316025 -0.417430043 0.431102782
1403637216838319104.000000 9.991311073 19.988018036 -5.844607353 -0.538794398 -0.554141521 -0.428213418 0.468253225
1403637217288318976.000000 9.534121513 19.578371048 -5.781536579 -0.566961706 -0.542092264 -0.405604869 0.469228327
1403637217638319104.000000 9.301470757 19.133258820 -5.798983097 -0.564857125 -0.542693675 -0.404811025 0.471749991
1403637217888318976.000000 9.196189880 18.756498337 -5.819785595 -0.506921411 -0.588490307 -0.418555945 0.470659941
1403637218188318976.000000 9.078512192 18.221969604 -5.807056427 -0.479896724 -0.626405418 -0.386167377 0.477692544
1403637218438319104.000000 8.991662979 17.722311020 -5.821732998 -0.473172188 -0.634708345 -0.378122509 0.479871601
1403637218688318976.000000 8.910430908 17.188665390 -5.840364933 -0.474942088 -0.636972904 -0.377616763 0.475500941
1403637218988318976.000000 8.807544708 16.516658783 -5.878860950 -0.475627393 -0.646458983 -0.385028660 0.455656052
1403637219238319104.000000 8.703192711 15.935799599 -5.975940704 -0.475118548 -0.647454858 -0.388622820 0.451704502
1403637219488318976.000000 8.562177658 15.326541901 -6.035637379 -0.486507475 -0.648708582 -0.376663148 0.447897881
1403637219738319104.000000 8.394984245 14.725994110 -6.058071136 -0.502482116 -0.657177866 -0.358457714 0.432593495
1403637219988318976.000000 8.209894180 14.173859596 -6.044487476 -0.507657349 -0.659085572 -0.352719486 0.428344697
1403637220438319104.000000 7.835131645 13.330366135 -5.891664028 -0.517350316 -0.644303918 -0.342186123 0.447358668
1403637223138319104.000000 6.790103436 11.063890457 -6.048809052 -0.649084389 -0.528027534 -0.417687356 0.354137927
1403637225238319104.000000 6.756120205 11.167581558 -5.955465317 -0.616632760 -0.527589619 -0.450213075 0.372453243
1403637225838319104.000000 6.673093796 11.113192558 -5.990652084 -0.620432615 -0.535512984 -0.440212220 0.366745740
1403637227938319104.000000 6.168540001 11.101084709 -5.891665459 -0.631995261 -0.522295058 -0.432601929 0.375027180
1403637228238319104.000000 6.161637783 11.148082733 -5.941501141 -0.617451191 -0.520628095 -0.449594796 0.381529957
1403637228488318976.000000 6.149166584 11.164136887 -5.947993755 -0.612633526 -0.523467064 -0.453765631 0.380472332
1403637228838319104.000000 6.110647678 11.143981934 -5.912763596 -0.619927168 -0.528664708 -0.442657560 0.374510646
1403637229388318976.000000 6.019972324 11.076594353 -5.928662300 -0.622134507 -0.522939801 -0.452425748 0.367142648
1403637229938319104.000000 5.965365887 10.961440086 -6.011728287 -0.707750738 -0.422013581 -0.482526332 0.296920717
1403637230288318976.000000 5.974452496 10.938267708 -6.077018261 -0.747655272 -0.357051045 -0.505964696 0.239845708
1403637230788318976.000000 6.004239082 10.961568832 -6.029083252 -0.751807809 -0.299467117 -0.542947352 0.224305034
1403637231088318976.000000 6.024873257 10.949294090 -5.997343063 -0.798893750 -0.227792263 -0.528092802 0.176061034
1403637231338319104.000000 6.064885616 10.924057007 -6.042671680 -0.820275247 -0.138183147 -0.540781677 0.124936827
1403637231738319104.000000 6.166975498 10.824846268 -6.237579823 0.833310425 -0.026357310 0.551288128 -0.031311363
1403637232288318976.000000 6.429424763 10.572577477 -6.441633224 0.794895887 -0.182803825 0.574387252 0.069301382
1403637232788318976.000000 6.594012260 10.170104027 -6.450500011 0.771221042 -0.311871290 0.540222943 0.126939863
1403637233238319104.000000 6.680085659 9.603766441 -6.358864307 0.787384808 -0.343809515 0.484944284 0.163245827
1403637233638319104.000000 6.860672951 8.905784607 -6.357367516 0.801152766 -0.290757775 0.476907700 0.214879856
1403637234038319104.000000 7.251026154 8.223101616 -6.503093243 0.782526493 -0.220451370 0.502309740 0.294513851
1403637234338319104.000000 7.718467236 7.926969051 -6.651648521 0.769693732 -0.208010375 0.515661657 0.313682020
1403637235488318976.000000 9.783246994 8.350436211 -7.203053474 0.801962912 -0.128704980 0.572621226 0.111335561
1403637235888318976.000000 10.370653152 8.727447510 -7.217530727 0.802265286 -0.058842160 0.585727692 0.099151842
1403637236288318976.000000 10.910685539 9.257745743 -7.121366024 -0.800477386 -0.034525093 -0.593014240 -0.079862386
1403637236638319104.000000 11.309553146 9.924498558 -6.952797413 -0.795941472 -0.071662739 -0.600640416 -0.023932556
1403637239038319104.000000 9.206881523 13.081673622 -5.523156166 0.865187883 -0.177318215 0.463036835 -0.074867837
1403637239338319104.000000 8.946161270 12.583771706 -5.411060810 0.853885710 -0.162172958 0.494548798 0.000872095
1403637239688318976.000000 8.805743217 11.814537048 -5.374534130 0.824388981 -0.225900307 0.515083671 0.063567020
1403637240038319104.000000 8.742765427 10.925992012 -5.481344700 0.767332196 -0.283362657 0.550125062 0.168134615
1403637240438319104.000000 8.633749962 9.954005241 -5.754416466 0.749115169 -0.367021263 0.501510084 0.229367465
1403637240738319104.000000 8.580123901 9.251634598 -5.904320717 0.751711249 -0.377932340 0.481122494 0.246208370
1403637241038319104.000000 8.594033241 8.557475090 -5.971709251 0.735374749 -0.354286730 0.510955632 0.269498497
1403637241438319104.000000 8.689562798 7.716121674 -6.122662544 0.745830953 -0.334711134 0.505806267 0.275435567
1403637241738319104.000000 8.827591896 7.190570831 -6.224612713 0.739557207 -0.312110126 0.518403888 0.294788003
1403637242038319104.000000 9.015456200 6.808878422 -6.272500992 0.713029861 -0.318118423 0.558142304 0.280831605
1403637242338319104.000000 9.188206673 6.563880920 -6.275892258 0.720379293 -0.309940755 0.543302715 0.299687415
1403637242638319104.000000 9.383909225 6.469946384 -6.286644459 0.719774842 -0.292451739 0.545971394 0.313546717
1403637242938319104.000000 9.590008736 6.566581249 -6.268860817 0.723494172 -0.271644890 0.575957179 0.266530722
1403637243188318976.000000 9.736133575 6.765426159 -6.229177475 0.735677719 -0.256685317 0.570381761 0.259914786
1403637243488318976.000000 9.895400047 7.107003689 -6.232523441 0.746233761 -0.265303046 0.560697317 0.241595060
1403637243788318976.000000 10.039772034 7.517733097 -6.213299751 0.755777419 -0.289696485 0.547518551 0.212367758
1403637244088318976.000000 10.168379784 7.931429386 -6.126520157 0.756586313 -0.310587257 0.542141497 0.192861184
1403637244388318976.000000 10.272420883 8.287729263 -5.957161903 0.757371604 -0.314550638 0.537910461 0.195188388
1403637244688318976.000000 10.372326851 8.592935562 -5.761004448 0.779332876 -0.278760493 0.525674105 0.196468234
1403637245038319104.000000 10.522326469 8.916915894 -5.598585606 0.794505119 -0.254396677 0.524020016 0.171601519
1403637245438319104.000000 10.778036118 9.200922966 -5.487395287 0.799939573 -0.248764500 0.519785166 0.167440772
1403637245738319104.000000 11.044183731 9.361532211 -5.442408085 0.808422506 -0.216186538 0.525222123 0.154461235
1403637246038319104.000000 11.351067543 9.519868851 -5.438894749 0.805045485 -0.138355821 0.566136599 0.110674880
1403637246338319104.000000 11.658903122 9.697484970 -5.504981041 0.810368180 -0.023168664 0.584519684 0.033219159
1403637246638319104.000000 11.918760300 9.896595001 -5.613807678 -0.791972280 -0.106795795 -0.600179911 0.034038164
1403637246938319104.000000 12.117656708 10.139615059 -5.721432209 -0.767345965 -0.204981834 -0.598863244 0.102594219
1403637247388318976.000000 12.187870979 10.559905052 -5.818281651 -0.769695938 -0.243436188 -0.570675731 0.150453046
1403637247838319104.000000 12.136039734 11.007412910 -5.959563255 -0.741219103 -0.274784893 -0.593082786 0.152775452
1403637248138319104.000000 11.968429565 11.303259850 -6.030823708 -0.735622168 -0.305290312 -0.571594954 0.197324842
1403637248438319104.000000 11.721326828 11.590947151 -6.070612907 -0.740023375 -0.329995781 -0.545558274 0.214089662
1403637248738319104.000000 11.444017410 11.869589806 -6.129951477 -0.736218393 -0.331128597 -0.549765408 0.214695752
1403637249038319104.000000 11.123351097 12.141821861 -6.121840954 -0.748870492 -0.322839111 -0.540389597 0.207236901
1403637249338319104.000000 10.782980919 12.426980019 -6.050433159 -0.749529660 -0.316183060 -0.544761717 0.203637660
1403637249638319104.000000 10.437024117 12.728475571 -6.043663979 -0.750941098 -0.312388450 -0.544409037 0.205230847
1403637249938319104.000000 10.080324173 13.023080826 -6.097273827 -0.735958099 -0.319910377 -0.555111110 0.218802974
1403637252588318976.000000 8.102152824 14.230782509 -5.763388157 -0.685823798 -0.432540208 -0.484227210 0.328753322
1403637255488318976.000000 7.402026653 13.501761436 -5.645859718 -0.639951527 -0.495196283 -0.463908970 0.360598296
1403637255888318976.000000 7.220842361 13.354552269 -5.652055740 -0.602196515 -0.551260650 -0.434341073 0.380550921
1403637256788318976.000000 6.733355522 12.992159843 -5.603963852 -0.587145805 -0.574658334 -0.404193908 0.402063429
1403637257188318976.000000 6.523490429 12.823206902 -5.645717144 -0.567516983 -0.584035635 -0.406761616 0.413970828
1403637257538319104.000000 6.349690914 12.679684639 -5.611559391 -0.554181159 -0.601456285 -0.400678188 0.413026005
1403637257938319104.000000 6.132058620 12.536200523 -5.625965118 -0.555300653 -0.618292928 -0.372524381 0.413014084
1403637258288318976.000000 5.924024105 12.464277267 -5.640964508 -0.510562479 -0.645397723 -0.354667813 0.443845034
1403637258638319104.000000 5.720478535 12.424737930 -5.680478573 -0.494594216 -0.654021144 -0.333211750 0.465406179
1403637258938319104.000000 5.568227768 12.404176712 -5.741708279 -0.489685088 -0.649715006 -0.336988032 0.473833293
1403637259238319104.000000 5.442027092 12.396517754 -5.747934818 -0.493580490 -0.645552576 -0.337375283 0.475203335
1403637259538319104.000000 5.352648735 12.383775711 -5.711770535 -0.501885056 -0.636498570 -0.330003589 0.483816743
1403637260038319104.000000 5.305520535 12.357079506 -5.731742859 -0.498751998 -0.639486432 -0.336471587 0.478634059
1403637260388318976.000000 5.313720703 12.336286545 -5.774248123 -0.485117972 -0.652831435 -0.354647368 0.461190879
1403637260688318976.000000 5.312445641 12.305695534 -5.835690975 -0.492739618 -0.663286209 -0.343386918 0.446480244
1403637260988318976.000000 5.286702156 12.280683517 -5.900911331 -0.485959023 -0.652483106 -0.350343615 0.464078665
1403637261238319104.000000 5.256257057 12.258724213 -5.963876724 -0.493067384 -0.661345124 -0.339669883 0.451809227
1403637261588318976.000000 5.199202061 12.248195648 -6.000976086 -0.497565538 -0.656677306 -0.335243851 0.456962913
1403637261888318976.000000 5.147719383 12.261528969 -5.984670639 -0.493953079 -0.654968858 -0.342081666 0.458264440
1403637262188318976.000000 5.098536968 12.277696609 -6.002854347 -0.494412333 -0.642811060 -0.345686138 0.472071528
1403637262488318976.000000 5.111772537 12.259771347 -6.028276443 -0.514326513 -0.630733132 -0.354132354 0.460688978
1403637262938319104.000000 5.154675484 12.272384644 -5.988452911 -0.513898373 -0.617903233 -0.359576970 0.474139780
1403637263338319104.000000 5.163275719 12.287217140 -5.965023041 -0.516304970 -0.616978168 -0.355736554 0.475624502
1403637263638319104.000000 5.165223598 12.296735764 -5.956678391 -0.516707540 -0.616500556 -0.354625255 0.476635426
1403637264088318976.000000 5.161326408 12.310112000 -5.956684589 -0.517354846 -0.615815997 -0.354126513 0.477188796
1403637264488318976.000000 5.155031204 12.318557739 -5.958664417 -0.517675817 -0.615440249 -0.354245037 0.477237493
1403637264688318976.000000 5.152465820 12.325021744 -5.960092545 -0.517895639 -0.615187347 -0.354359955 0.477239609
1403637265188318976.000000 5.144199371 12.344973564 -5.963877201 -0.518292725 -0.614662588 -0.354539990 0.477351010
