#LBA time[ms],KF opt[#],KF fixed[#],MP[#],Edges[#]
0.015168,3,1,0,739
0.004960,4,1,0,1142
0.374404,5,1,0,1396
0.611464,6,1,0,1832
0.783850,7,1,0,1911
0.811050,8,1,0,1788
1.326384,9,1,0,2112
1.416306,10,1,0,2688
1.413521,0,0,0,0
92.634795,0,0,0,0
1.927641,0,0,0,0
2.602496,0,0,0,0
2.438495,0,0,0,0
2.294269,0,0,0,0
2.826276,0,0,0,0
2.608609,0,0,0,0
2.824867,0,0,0,0
3.569677,0,0,0,0
3.406731,0,0,0,0
4.042386,0,0,0,0
4.199413,0,0,0,0
5.446468,0,0,0,0
5.144896,0,0,0,0
5.581158,0,0,0,0
5.195841,0,0,0,0
4.938014,0,0,0,0
5.124864,0,0,0,0
4.945758,0,0,0,0
5.637479,0,0,0,0
4.814844,0,0,0,0
7.008344,0,0,0,0
5.348899,0,0,0,0
8.621516,0,0,0,0
7.799682,0,0,0,0
6.649875,0,0,0,0
8.208967,0,0,0,0
6.973527,0,0,0,0
10.071518,0,0,0,0
4.617050,0,0,0,0
8.217031,0,0,0,0
4.578649,3,1,0,838
6.391921,4,1,0,1170
0.006016,5,1,0,1446
0.003936,6,1,0,1752
0.512455,7,1,0,2017
1.205615,8,1,0,2257
1.620660,9,1,0,2412
1.990329,4,6,0,1389
1.682709,0,0,0,0
1.378801,0,0,0,0
1.178447,0,0,0,0
77.975283,0,0,0,0
1.508306,0,0,0,0
1.690997,0,0,0,0
1.968217,0,0,0,0
2.933252,0,0,0,0
2.356285,0,0,0,0
3.524300,0,0,0,0
2.888293,0,0,0,0
3.235017,0,0,0,0
2.708002,0,0,0,0
2.622305,0,0,0,0
3.761999,3,1,0,437
3.725870,3,1,0,525
3.468236,4,1,0,645
3.387594,5,1,0,845
0.005472,4,3,0,850
0.004640,3,1,0,606
0.277635,2,1,0,418
0.005473,2,2,0,459
0.003936,3,2,0,694
0.478790,3,3,0,801
0.662985,4,3,0,822
0.796842,5,3,0,791
0.812298,3,6,0,703
0.005600,5,5,0,910
0.004896,0,0,0,0
0.550215,0,0,0,0
0.006048,0,0,0,0
0.006272,0,0,0,0
0.003969,0,0,0,0
0.366821,0,0,0,0
0.420709,0,0,0,0
0.609928,0,0,0,0
0.645192,0,0,0,0
0.602823,0,0,0,0
0.751625,0,0,0,0
0.676233,0,0,0,0
26.385259,0,0,0,0
0.948556,0,0,0,0
1.340625,0,0,0,0
0.864875,0,0,0,0
1.034637,0,0,0,0
1.241840,0,0,0,0
1.630228,0,0,0,0
1.484435,0,0,0,0
1.460754,0,0,0,0
1.718389,0,0,0,0
1.884984,0,0,0,0
1.963736,0,0,0,0
2.804548,0,0,0,0
3.129736,0,0,0,0
2.859716,0,0,0,0
3.110631,0,0,0,0
2.234460,3,1,0,476
3.338058,4,1,0,633
3.274761,5,1,0,802
2.278557,6,1,0,978
4.045938,7,1,0,1124
2.492992,8,1,0,1310
4.399287,9,1,0,1454
3.144455,10,1,0,1611
2.511872,0,0,0,0
2.291869,3,1,0,350
2.661026,4,1,0,514
4.105716,5,1,0,828
2.343421,6,1,0,1120
0.006304,7,1,0,1360
0.004512,8,1,0,1674
0.534375,9,1,0,2098
0.811882,10,1,0,2569
1.058957,0,0,0,0
1.263216,0,0,0,0
1.496883,0,0,0,0
2.233052,0,0,0,0
2.737603,0,0,0,0
88.559127,0,0,0,0
2.505151,0,0,0,0
0.005728,0,0,0,0
0.005408,0,0,0,0
0.379973,0,0,0,0
0.551591,0,0,0,0
0.878411,0,0,0,0
0.990348,0,0,0,0
1.335217,0,0,0,0
1.400978,0,0,0,0
1.451218,0,0,0,0
69.404327,0,0,0,0
1.754806,0,0,0,0
1.851864,0,0,0,0
1.988025,0,0,0,0
2.183419,0,0,0,0
2.445470,0,0,0,0
2.613664,0,0,0,0
2.421727,0,0,0,0
2.856292,0,0,0,0
3.033927,0,0,0,0
3.648782,0,0,0,0
3.581165,0,0,0,0
3.938834,0,0,0,0
4.174005,0,0,0,0
5.620774,0,0,0,0
5.764456,0,0,0,0
7.106009,0,0,0,0
4.719643,0,0,0,0
6.092652,0,0,0,0
6.717684,0,0,0,0
5.647047,0,0,0,0
6.293231,0,0,0,0
5.938699,0,0,0,0
7.406173,0,0,0,0
5.808393,0,0,0,0
8.342857,0,0,0,0
7.116249,0,0,0,0
9.173555,0,0,0,0
6.230030,0,0,0,0
7.426717,0,0,0,0
6.483569,0,0,0,0
7.582879,0,0,0,0
7.754433,0,0,0,0
6.379824,0,0,0,0
8.445802,0,0,0,0
7.395804,0,0,0,0
9.578840,0,0,0,0
7.117018,0,0,0,0
9.773467,0,0,0,0
7.206907,0,0,0,0
8.520203,0,0,0,0
7.122297,0,0,0,0
8.745550,0,0,0,0
7.505150,0,0,0,0
7.840994,0,0,0,0
7.188123,0,0,0,0
9.019953,0,0,0,0
8.728621,0,0,0,0
8.932816,0,0,0,0
8.658796,0,0,0,0
8.653933,0,0,0,0
10.021726,0,0,0,0
8.849999,0,0,0,0
6.749237,0,0,0,0
6.585139,0,0,0,0
10.972842,0,0,0,0
8.239240,0,0,0,0
8.031076,0,0,0,0
8.318952,0,0,0,0
8.510187,0,0,0,0
9.141171,0,0,0,0
10.796488,0,0,0,0
11.566738,0,0,0,0
14.823802,0,0,0,0
9.335829,0,0,0,0
9.479255,0,0,0,0
11.885877,0,0,0,0
11.260238,0,0,0,0
10.413347,0,0,0,0
10.929929,0,0,0,0
12.027223,0,0,0,0
11.529617,0,0,0,0
11.881589,0,0,0,0
10.722694,0,0,0,0
11.400399,0,0,0,0
10.833032,0,0,0,0
10.774248,0,0,0,0
11.479856,0,0,0,0
11.690579,0,0,0,0
13.158181,0,0,0,0
10.870953,0,0,0,0
12.219929,0,0,0,0
11.785588,0,0,0,0
11.829749,0,0,0,0
10.411139,0,0,0,0
9.656921,0,0,0,0
9.458166,0,0,0,0
7.031448,0,0,0,0
9.626329,0,0,0,0
9.454711,0,0,0,0
8.573643,0,0,0,0
10.014846,0,0,0,0
10.397954,0,0,0,0
10.444131,0,0,0,0
10.596389,0,0,0,0
11.116076,0,0,0,0
9.474615,0,0,0,0
9.168051,0,0,0,0
15.269280,0,0,0,0
14.693816,0,0,0,0
8.388010,0,0,0,0
14.629240,0,0,0,0
10.896169,0,0,0,0
13.332295,0,0,0,0
15.646916,0,0,0,0
13.567722,0,0,0,0
15.952968,0,0,0,0
15.868551,0,0,0,0
14.333908,0,0,0,0
10.597605,0,0,0,0
15.282048,0,0,0,0
15.142174,0,0,0,0
13.709548,0,0,0,0
15.746598,0,0,0,0
15.456866,0,0,0,0
11.090475,0,0,0,0
15.235392,0,0,0,0
13.179333,0,0,0,0
14.679544,0,0,0,0
12.337499,0,0,0,0
10.673318,0,0,0,0
8.936688,0,0,0,0
13.393352,0,0,0,0
13.940015,0,0,0,0
10.262433,0,0,0,0
13.328648,0,0,0,0
8.320553,0,0,0,0
11.612754,0,0,0,0
10.626757,0,0,0,0
7.493726,0,0,0,0
9.459383,0,0,0,0
10.037406,0,0,0,0
10.652294,0,0,0,0
10.510148,0,0,0,0
9.631513,0,0,0,0
9.431510,0,0,0,0
9.539544,0,0,0,0
9.728538,0,0,0,0
8.682477,0,0,0,0
9.659001,0,0,0,0
9.487095,0,0,0,0
11.218797,0,0,0,0
10.857385,0,0,0,0
10.562661,0,0,0,0
9.748955,0,0,0,0
11.591057,0,0,0,0
9.145651,0,0,0,0
9.721754,0,0,0,0
8.759822,0,0,0,0
11.959479,0,0,0,0
9.868028,0,0,0,0
10.628486,0,0,0,0
11.729908,0,0,0,0
8.253288,0,0,0,0
9.911741,0,0,0,0
8.873199,0,0,0,0
9.331125,0,0,0,0
13.091429,0,0,0,0
13.360360,0,0,0,0
13.136645,0,0,0,0
12.403132,0,0,0,0
12.673791,0,0,0,0
14.896443,0,0,0,0
14.347829,0,0,0,0
12.973987,0,0,0,0
14.193746,0,0,0,0
14.471830,0,0,0,0
13.840557,0,0,0,0
13.763276,0,0,0,0
15.170911,0,0,0,0
15.569540,0,0,0,0
16.269804,0,0,0,0
14.047984,0,0,0,0
13.380168,0,0,0,0
13.325991,0,0,0,0
11.304110,0,0,0,0
12.947682,0,0,0,0
13.162501,0,0,0,0
10.715335,0,0,0,0
13.939599,0,0,0,0
11.812820,0,0,0,0
13.219718,0,0,0,0
13.583627,0,0,0,0
12.042935,0,0,0,0
12.526814,0,0,0,0
11.835349,0,0,0,0
9.807995,0,0,0,0
13.867214,0,0,0,0
10.531844,0,0,0,0
11.095403,0,0,0,0
10.791560,0,0,0,0
8.867120,0,0,0,0
10.746407,0,0,0,0
13.318759,0,0,0,0
13.810093,0,0,0,0
12.407643,0,0,0,0
12.412636,0,0,0,0
14.414293,0,0,0,0
9.189939,0,0,0,0
12.239226,0,0,0,0
12.272538,0,0,0,0
10.631878,0,0,0,0
8.329193,0,0,0,0
7.747137,0,0,0,0
12.271962,0,0,0,0
12.477980,0,0,0,0
11.620114,0,0,0,0
9.930461,0,0,0,0
14.890235,0,0,0,0
13.836749,0,0,0,0
12.934882,0,0,0,0
14.186162,0,0,0,0
14.129425,0,0,0,0
14.002064,0,0,0,0
14.441014,0,0,0,0
13.862734,0,0,0,0
16.798419,0,0,0,0
16.368430,0,0,0,0
12.120920,0,0,0,0
13.013476,0,0,0,0
13.203046,0,0,0,0
16.641457,0,0,0,0
16.674865,0,0,0,0
16.671793,0,0,0,0
15.865415,0,0,0,0
14.973149,0,0,0,0
15.773926,0,0,0,0
9.345237,0,0,0,0
11.480368,0,0,0,0
17.234200,0,0,0,0
19.402003,0,0,0,0
12.864770,0,0,0,0
18.939917,0,0,0,0
18.151588,0,0,0,0
18.109411,0,0,0,0
11.808117,0,0,0,0
20.197534,0,0,0,0
18.305958,0,0,0,0
12.979299,0,0,0,0
13.829646,0,0,0,0
15.100509,0,0,0,0
17.262265,0,0,0,0
13.375976,0,0,0,0
18.695499,0,0,0,0
18.533576,0,0,0,0
19.689527,0,0,0,0
16.275660,0,0,0,0
20.044123,0,0,0,0
21.251755,0,0,0,0
21.897075,0,0,0,0
23.815691,0,0,0,0
26.639183,0,0,0,0
27.362615,0,0,0,0
27.089012,0,0,0,0
38.222496,0,0,0,0
32.853629,0,0,0,0
31.873968,0,0,0,0
34.878070,0,0,0,0
30.906948,0,0,0,0
28.880426,0,0,0,0
30.405694,0,0,0,0
32.024466,0,0,0,0
31.178439,0,0,0,0
24.669462,0,0,0,0
27.330552,0,0,0,0
27.481849,0,0,0,0
26.374988,0,0,0,0
23.911820,0,0,0,0
25.661186,0,0,0,0
26.005766,0,0,0,0
27.226646,0,0,0,0
28.064513,0,0,0,0
22.552187,0,0,0,0
26.030247,0,0,0,0
29.401714,0,0,0,0
24.995290,0,0,0,0
31.754031,0,0,0,0
27.410456,0,0,0,0
25.751395,0,0,0,0
23.678249,0,0,0,0
24.241617,0,0,0,0
27.705852,0,0,0,0
28.990348,0,0,0,0
28.078272,0,0,0,0
26.089255,0,0,0,0
31.048006,0,0,0,0
22.310296,0,0,0,0
27.903102,0,0,0,0
26.331819,0,0,0,0
28.915211,0,0,0,0
25.387839,0,0,0,0
30.019737,0,0,0,0
26.743472,0,0,0,0
21.853586,0,0,0,0
26.803824,0,0,0,0
31.396106,0,0,0,0
27.052468,0,0,0,0
30.623521,0,0,0,0
34.809654,0,0,0,0
28.514662,0,0,0,0
34.434640,0,0,0,0
32.248789,0,0,0,0
35.971235,0,0,0,0
37.437495,0,0,0,0
33.531589,0,0,0,0
40.509309,0,0,0,0
42.264595,0,0,0,0
39.182221,0,0,0,0
37.836763,0,0,0,0
35.330556,0,0,0,0
34.645267,0,0,0,0
40.181561,0,0,0,0
35.507902,0,0,0,0
35.372412,0,0,0,0
36.374153,0,0,0,0
38.131807,0,0,0,0
37.997918,0,0,0,0
31.309481,0,0,0,0
28.340388,0,0,0,0
29.949913,0,0,0,0
30.771938,0,0,0,0
35.356381,0,0,0,0
32.955838,0,0,0,0
32.620698,0,0,0,0
36.313576,0,0,0,0
31.959250,0,0,0,0
27.691196,0,0,0,0
28.489062,0,0,0,0
33.779112,0,0,0,0
35.902403,0,0,0,0
32.761724,0,0,0,0
33.815881,0,0,0,0
35.984036,0,0,0,0
36.438602,0,0,0,0
35.121401,0,0,0,0
32.686299,0,0,0,0
39.171180,0,0,0,0
38.637670,0,0,0,0
29.963001,0,0,0,0
35.671136,84,0,-1226229992,-2071479907
36.744461,0,0,-1090825377,1080573935
35.620031,965725280,0,-1555713024,192964291
30.729154,65535,0,-1084039929,1080454066
29.942744,48,0,1984968128,103903849
23.716106,0,0,-1084458010,1080206934
27.202838,84,0,-2033252992,296318384
28.342852,0,0,-1081504673,1080283514
27.898430,-974716822,0,1717571584,978840227
26.645518,65520,0,-1087293953,1080384159
28.737065,985087872,0,1210779008,1017872889
18.372263,65535,0,1060641398,1080183809
23.972845,81,0,-160319872,-958499262
13.866478,0,0,-1084121607,1080271206
14.483318,985088192,0,956308416,-1606661366
17.640222,65535,0,65535,1080171500
16.124394,82,0,956309016,67894843
