1403637148788318976.000000 -7.855798721 -4.322491646 5.474215984 -0.638181269 -0.480286092 -0.446396917 0.403459787
1403637150838319104.000000 -7.669420719 -4.179143906 5.672984123 -0.643107712 -0.512095690 -0.442673653 0.358064979
1403637153638319104.000000 -7.100001335 -3.657985210 6.045205116 -0.638661146 -0.521163225 -0.436984807 0.359923840
1403637155388318976.000000 -6.587872505 -3.177007914 6.027015686 -0.676267207 -0.463102758 -0.469222754 0.328677118
1403637156638319104.000000 -5.990137577 -2.829180241 5.871813297 -0.781552851 -0.239403695 -0.534618974 0.214577660
1403637159388318976.000000 -3.577669621 -4.069034100 5.595468044 -0.816449165 -0.099672951 -0.557191133 0.114078827
1403637161238319104.000000 -1.795097470 -5.740266800 5.344929695 0.818269551 -0.120742157 0.561178923 0.030569950
1403637163788318976.000000 -1.360680938 -8.485816002 5.371860981 0.720473170 -0.384250671 0.539877415 0.204456195
1403637165188318976.000000 -3.345343828 -10.074823380 5.519111633 0.705274820 -0.384537756 0.534619749 0.262487888
1403637166888318976.000000 -5.272825718 -11.382369995 5.389024258 0.736888349 -0.358189106 0.470361292 0.327805638
1403637169738319104.000000 -2.800564051 -8.717493057 4.848818302 0.780133724 -0.196892560 0.560345113 0.196565375
1403637171738319104.000000 -1.796366930 -5.187926769 4.523159981 -0.754340649 -0.205610260 -0.610494256 0.126457199
1403637173338319104.000000 -3.664755821 -3.587508440 4.566058159 -0.847007036 -0.056543771 -0.517054975 0.109709278
1403637173538319104.000000 -3.778576612 -3.550802469 4.517498970 -0.839406788 -0.009546275 -0.536878467 0.084064260
1403637174238319104.000000 -3.805773020 -3.817926884 4.375188351 0.818611324 -0.066520125 0.570394933 0.010019542
1403637174438319104.000000 -3.740976095 -3.979786158 4.415060520 0.803252101 -0.077585585 0.590558708 -0.002637771
1403637174638319104.000000 -3.699556589 -4.168131828 4.473967552 0.796754301 -0.102525972 0.595502436 -0.006924789
1403637175188318976.000000 -3.723497868 -4.800667286 4.567863941 0.777965784 -0.198171139 0.589527786 0.089187823
1403637177988318976.000000 -6.311391354 -8.705512047 4.474587440 0.802874625 -0.262945712 0.495994270 0.200603187
1403637180788318976.000000 -3.724474907 -9.312943459 3.997694016 0.756961644 -0.316380858 0.516389191 0.245467916
1403637182788318976.000000 -1.092460632 -7.012685776 4.862386703 0.709208608 -0.336156756 0.568565905 0.246484578
1403637183938319104.000000 -1.181630611 -5.177461147 4.782577038 0.697722435 -0.386834413 0.576020241 0.178166658
1403637184238319104.000000 -1.576307297 -4.813193321 4.768432140 0.705207586 -0.391273409 0.564101875 0.177134261
1403637184838319104.000000 -2.581806421 -4.308931351 4.634045124 0.755951524 -0.370370597 0.498659194 0.206644669
1403637185088318976.000000 -2.971792698 -4.196080208 4.607139587 0.761318207 -0.371763587 0.490529865 0.203879893
1403637185388318976.000000 -3.380282164 -4.159898758 4.640742302 0.770343781 -0.370908052 0.475598752 0.206890181
1403637185888318976.000000 -3.880795479 -4.287196159 4.817067146 0.751775205 -0.354499578 0.502313554 0.238422260
1403637186888318976.000000 -4.572027206 -4.668391228 5.196581841 0.733025730 -0.376952767 0.524541557 0.213157266
1403637187388318976.000000 -4.958031654 -4.927866459 5.243482590 0.736818552 -0.385664761 0.507830501 0.224654034
1403637187738319104.000000 -5.242181301 -5.203373909 5.227957726 0.744151294 -0.395930678 0.485910773 0.231016368
1403637190438319104.000000 -6.740073204 -8.189002991 4.769852638 0.683267891 -0.437900305 0.499898940 0.302472115
1403637191638319104.000000 -7.449157715 -9.052651405 4.831019402 0.708154976 -0.396100342 0.508300483 0.288533598
1403637191888318976.000000 -7.591840744 -9.146943092 4.855797768 0.720188558 -0.398081481 0.486298293 0.293893814
1403637192138319104.000000 -7.691568375 -9.229085922 4.929057598 0.728487194 -0.399559259 0.470152944 0.297682732
1403637192638319104.000000 -7.703040600 -9.365381241 5.131125927 0.730663717 -0.414954275 0.463401645 0.281429499
1403637193738319104.000000 -7.248452187 -9.924695969 5.411630154 0.724042773 -0.407643557 0.476922154 0.286590606
1403637193988318976.000000 -7.095212460 -10.115410805 5.489727020 0.722093403 -0.404198259 0.480444282 0.290479451
1403637194238319104.000000 -6.919438362 -10.287512779 5.502313614 0.717484593 -0.404181033 0.486684561 0.291533262
1403637194488318976.000000 -6.729096889 -10.449364662 5.507242203 0.720236659 -0.408297122 0.481861204 0.286988735
1403637197188318976.000000 -3.723727703 -10.539315224 5.522889137 0.707624853 -0.354104459 0.533742428 0.298322409
1403637200088318976.000000 -2.106654167 -3.953285456 5.825712204 -0.725031257 -0.188120499 -0.623821199 0.223131180
1403637200238319104.000000 -2.246141911 -3.636334181 5.725170612 -0.707591772 -0.236017525 -0.614814520 0.256150067
1403637202938319104.000000 -4.284710407 -2.862107992 5.539361477 -0.781492054 -0.252890348 -0.542314768 0.176667348
1403637205488318976.000000 -4.242908955 -3.716990232 5.483718395 -0.782952070 -0.256176114 -0.540573061 0.170706496
1403637207988318976.000000 -4.814168453 -3.784627199 5.531907558 -0.783187032 -0.250497162 -0.539070368 0.182407439
1403637209088318976.000000 -5.012399673 -3.948125601 5.633449554 -0.773494124 -0.262812197 -0.555547595 0.154930979
1403637211938319104.000000 -3.371178627 -1.536700606 5.005184174 -0.789419532 -0.283416003 -0.497439891 0.221462831
1403637212238319104.000000 -2.941640615 -1.180881977 4.998008251 -0.768014073 -0.284338295 -0.531126976 0.217279434
1403637212538319104.000000 -2.524239302 -0.860632300 5.021017075 -0.766837180 -0.282507330 -0.535292268 0.213570803
1403637212838319104.000000 -2.140585423 -0.563019633 5.078723907 -0.778140604 -0.288297176 -0.520601869 0.200887397
1403637213138319104.000000 -1.761408329 -0.264138371 5.129453182 -0.776711047 -0.293366283 -0.520218968 0.200071290
1403637213438319104.000000 -1.380780220 0.044946030 5.157884121 -0.774604917 -0.291696042 -0.521713257 0.206678167
1403637213688318976.000000 -1.066990614 0.300713837 5.158665657 -0.766929984 -0.302695990 -0.532268345 0.192052051
1403637213988318976.000000 -0.734179854 0.615714610 5.114143848 -0.763895929 -0.312859774 -0.534233868 0.182142869
1403637214238319104.000000 -0.500699222 0.911403179 5.092697620 -0.750573397 -0.317534119 -0.538304210 0.214569643
1403637214538319104.000000 -0.272881478 1.259904385 5.127186298 -0.709463239 -0.376742721 -0.544581234 0.241159871
1403637214838319104.000000 -0.154173672 1.602728128 5.202167988 -0.669866323 -0.429021597 -0.552580535 0.248745471
1403637215138319104.000000 -0.172220543 1.929190993 5.273675919 -0.660263479 -0.432977527 -0.555587828 0.260585606
1403637215638319104.000000 -0.533314824 2.390444517 5.313134670 -0.633684218 -0.440870851 -0.540363193 0.334790826
1403637216188318976.000000 -1.231835723 2.604438305 5.466468811 -0.602464974 -0.528848410 -0.449142545 0.394495010
1403637216738319104.000000 -1.959867716 2.617618561 5.604993820 -0.585918605 -0.519815743 -0.449500203 0.429465383
1403637216988318976.000000 -2.256976604 2.500294924 5.643639565 -0.580994427 -0.512900174 -0.464637399 0.428358495
1403637217338319104.000000 -2.638297558 2.199433565 5.697539330 -0.612566710 -0.499554664 -0.431811839 0.434448659
1403637217738319104.000000 -2.949991465 1.722537398 5.670415878 -0.585881710 -0.519463360 -0.447044253 0.432494998
1403637218038319104.000000 -3.143229961 1.255134702 5.689517498 -0.538644612 -0.576034307 -0.429416507 0.440054387
1403637218338319104.000000 -3.336759806 0.704183877 5.696879864 -0.525183141 -0.598000884 -0.409460604 0.446004063
1403637218638319104.000000 -3.527384043 0.099308796 5.673645973 -0.524467289 -0.600795031 -0.407426357 0.444953054
1403637218938319104.000000 -3.721506119 -0.544866800 5.641055584 -0.527978480 -0.607260823 -0.410403490 0.429001212
1403637219188318976.000000 -3.905058146 -1.089985490 5.537154198 -0.526347578 -0.611407220 -0.415891558 0.419730365
1403637220638319104.000000 -5.379726887 -3.899413586 5.724234581 -0.569394886 -0.597238362 -0.369598061 0.427192122
1403637223338319104.000000 -6.531119347 -5.708955288 5.509747505 -0.680540144 -0.478938043 -0.446699321 0.328547359
1403637224738319104.000000 -6.514687061 -5.618079662 5.647058964 -0.664686441 -0.475078344 -0.462488383 0.344379157
1403637226938319104.000000 -6.976170540 -5.716544628 5.669179440 -0.670331419 -0.491411090 -0.447983176 0.329366207
1403637227388318976.000000 -7.100242138 -5.665139198 5.665401459 -0.674247205 -0.475296408 -0.447976589 0.344675213
1403637228188318976.000000 -7.149219990 -5.538043022 5.597629547 -0.659667194 -0.471426666 -0.471525729 0.346784800
1403637228688318976.000000 -7.180782795 -5.513723373 5.611714840 -0.652058244 -0.478784710 -0.478151381 0.341988981
1403637229238319104.000000 -7.276022911 -5.553512573 5.628348827 -0.655425370 -0.480591953 -0.475586534 0.336550653
1403637230388318976.000000 -7.362605572 -5.668892860 5.410179138 -0.777450085 -0.287709475 -0.524526834 0.194077894
1403637231038319104.000000 -7.332256317 -5.655718803 5.475576878 -0.811521113 -0.179904580 -0.536726832 0.144886553
1403637231288318976.000000 -7.293211460 -5.689637184 5.429332256 -0.828886092 -0.093176477 -0.543367445 0.094963290
1403637231538319104.000000 -7.234879494 -5.740040779 5.314670563 0.832094967 -0.012891668 0.552985370 -0.040729754
1403637231888318976.000000 -7.127089500 -5.862482071 5.100977421 0.824133277 -0.141380966 0.546503305 0.046366412
1403637232188318976.000000 -6.991497993 -6.031112194 4.997691631 0.789589643 -0.224859416 0.563007295 0.094916321
1403637232438319104.000000 -6.907976151 -6.215109348 4.968007565 0.766455054 -0.270952255 0.563341916 0.147572026
1403637232788318976.000000 -6.869892597 -6.533047676 4.937243938 0.744551778 -0.372852117 0.527877331 0.167240813
1403637233088318976.000000 -6.871184826 -6.907654285 4.987348080 0.750310659 -0.405238390 0.485483557 0.192669198
1403637235538319104.000000 -3.891465425 -8.798996925 4.144960403 0.796205699 -0.187700510 0.555168867 0.150375172
1403637235888318976.000000 -3.337180376 -8.536465645 4.146187305 0.796923518 -0.121263266 0.573401153 0.146353826
1403637236288318976.000000 -2.739571571 -8.071157455 4.283863068 0.804416299 -0.029331259 0.579657972 0.126691952
1403637239138319104.000000 -3.957760334 -4.152336121 5.871274948 0.852551103 -0.235602617 0.466311932 -0.014190993
1403637239488318976.000000 -4.277469635 -4.782206535 5.979013443 0.825814128 -0.248078018 0.502301276 0.064666048
1403637239838319104.000000 -4.489889622 -5.598900318 5.905019760 0.776587546 -0.308538288 0.527427018 0.153416991
1403637240188318976.000000 -4.685431957 -6.470636368 5.694187641 0.719125330 -0.373402208 0.532136142 0.245480403
1403637240588318976.000000 -4.934740067 -7.410384655 5.443489552 0.720661223 -0.431000978 0.464075536 0.281992137
1403637240888318976.000000 -5.064281940 -8.116798401 5.353627205 0.710764885 -0.418641955 0.476491749 0.304151088
1403637241188318976.000000 -5.125104427 -8.790858269 5.300258160 0.709819734 -0.409049928 0.486476094 0.303603530
1403637241488318976.000000 -5.140524864 -9.408066750 5.197681904 0.719106436 -0.385599971 0.480813414 0.320963025
1403637241838319104.000000 -5.055229187 -10.023367882 5.104349136 0.708430707 -0.362724066 0.501336157 0.339439720
1403637242138319104.000000 -4.917248726 -10.398218155 5.099269390 0.691019773 -0.370037585 0.527200401 0.328060389
1403637242438319104.000000 -4.775011063 -10.613412857 5.108545303 0.699135363 -0.356540710 0.508918107 0.353681922
1403637242738319104.000000 -4.585659981 -10.668491364 5.100035667 0.703114688 -0.338131100 0.523693919 0.342113853
1403637243038319104.000000 -4.360007286 -10.549663544 5.139989853 0.707553923 -0.317211062 0.551384270 0.307766408
1403637243338319104.000000 -4.141224861 -10.298654556 5.163584232 0.726412237 -0.317838609 0.535710156 0.290376633
1403637243588318976.000000 -3.966258287 -10.008061409 5.155164719 0.729363263 -0.329582155 0.532537460 0.275333792
1403637243838319104.000000 -3.791741848 -9.679066658 5.187129021 0.734850466 -0.356478304 0.523136318 0.243406087
1403637244088318976.000000 -3.637410402 -9.354974747 5.275665760 0.733830988 -0.371478647 0.519996643 0.230432674
1403637244388318976.000000 -3.475493908 -9.013504982 5.442994595 0.733864725 -0.376703590 0.515655994 0.231594443
1403637244688318976.000000 -3.332383394 -8.721358299 5.630012035 0.757573247 -0.340215892 0.505567372 0.233960450
1403637244988318976.000000 -3.168065071 -8.465188026 5.775969505 0.773827970 -0.313702315 0.506109536 0.215950012
1403637245288318976.000000 -2.964562416 -8.256600380 5.869256020 0.781394660 -0.323020518 0.499413729 0.188854501
1403637245638319104.000000 -2.653248787 -8.103963852 5.955993652 0.788515627 -0.292974979 0.502813637 0.198965386
1403637245938319104.000000 -2.344465494 -7.988265038 5.970616817 0.791536331 -0.232188240 0.539840162 0.167724416
1403637246188318976.000000 -2.073500395 -7.876256943 5.937357903 0.802343309 -0.146681577 0.566812336 0.115989670
1403637246438319104.000000 -1.810670853 -7.747142792 5.869529724 0.810395539 -0.038834587 0.582084358 0.054118976
1403637246738319104.000000 -1.540271759 -7.564987183 5.766206741 -0.792261302 -0.081723236 -0.604520977 0.014060826
1403637247038319104.000000 -1.364251971 -7.325470924 5.692016125 -0.789493203 -0.167546496 -0.585549772 0.075895898
1403637247538319104.000000 -1.220698118 -6.854034424 5.582323551 -0.775593519 -0.182785764 -0.593421578 0.113556147
1403637247988318976.000000 -1.286842823 -6.398859501 5.446983814 -0.755887985 -0.233099326 -0.596935034 0.134039193
1403637248338319104.000000 -1.490144372 -6.022662163 5.402361870 -0.767333210 -0.271444887 -0.555814326 0.169079959
1403637248688318976.000000 -1.752171278 -5.648447990 5.318642139 -0.759141684 -0.275605619 -0.562398374 0.177351356
1403637248988318976.000000 -2.023127317 -5.335839748 5.316243172 -0.772803187 -0.269232601 -0.549474955 0.168423414
1403637249888318976.000000 -2.918509245 -4.324608803 5.370672703 -0.762518883 -0.261735111 -0.565383315 0.174359664
1403637252788318976.000000 -4.817876339 -2.757943869 5.654424667 -0.733115315 -0.377221018 -0.484614879 0.292223752
1403637255538319104.000000 -5.570075989 -3.392207384 5.842048168 -0.675556123 -0.451768398 -0.482247829 0.327057064
1403637257538319104.000000 -6.722864151 -4.060511112 5.921514034 -0.601288378 -0.559580743 -0.425194442 0.380172908
1403637257838319104.000000 -6.904174805 -4.138502121 5.902612686 -0.604545057 -0.569516361 -0.407284021 0.379863352
1403637258438319104.000000 -7.275913715 -4.202552795 5.875951290 -0.545584321 -0.612339139 -0.379467010 0.428232908
1403637258938319104.000000 -7.553441048 -4.211739540 5.785141945 -0.541167617 -0.610868216 -0.367155910 0.446289301
1403637259438319104.000000 -7.744755745 -4.228301525 5.830989361 -0.548917353 -0.602474332 -0.364623576 0.450293392
1403637259938319104.000000 -7.828576565 -4.256875992 5.850126743 -0.552685201 -0.601633966 -0.363463998 0.447738290
1403637260338319104.000000 -7.826116562 -4.287456036 5.793215752 -0.540863454 -0.613941193 -0.379041761 0.432284951
1403637260638319104.000000 -7.825599670 -4.313408852 5.720365524 -0.541555285 -0.626216888 -0.375832915 0.416317135
1403637260838319104.000000 -7.839610577 -4.325293064 5.675025463 -0.540473223 -0.620493829 -0.376235366 0.425820500
1403637261138319104.000000 -7.874492168 -4.341542721 5.609483719 -0.540085077 -0.619330823 -0.375029743 0.429057211
1403637261438319104.000000 -7.919995308 -4.350044727 5.553178787 -0.542643011 -0.619816542 -0.371778727 0.427956462
1403637261738319104.000000 -7.966444969 -4.341537952 5.543114185 -0.549316883 -0.626820743 -0.363454521 0.416230321
1403637262038319104.000000 -8.025814056 -4.307204247 5.582186222 -0.541709542 -0.613327861 -0.378324717 0.432724088
1403637262438319104.000000 -8.071254730 -4.315217495 5.668692112 -0.552983463 -0.555588841 -0.395200014 0.478902310
1403637262638319104.000000 -8.017905235 -4.368618011 5.856456280 -0.567402065 -0.519599080 -0.397303820 0.500221431
1403637262788318976.000000 -7.927655697 -4.430794239 6.010785580 -0.569689393 -0.517924428 -0.397704720 0.499038309
1403637263338319104.000000 -7.420151234 -4.810484409 6.546727657 -0.574052811 -0.519034445 -0.395913154 0.494286805
1403637263838319104.000000 -6.723135471 -5.361937523 7.026361942 -0.574462235 -0.519111693 -0.395309329 0.494213372
1403637264338319104.000000 -5.808553219 -6.105837822 7.495641232 -0.574948490 -0.519149423 -0.394398332 0.494336098
1403637264838319104.000000 -4.675682545 -7.038484097 7.960444450 -0.575273454 -0.519321918 -0.394065887 0.494041741
1403637265238319104.000000 -3.611582279 -7.921956062 8.331826210 -0.575516820 -0.519539833 -0.393576831 0.493919075
1403637265338319104.000000 -3.323538065 -8.161912918 8.424312592 -0.575498879 -0.519418538 -0.393531054 0.494104028
1403637265438319104.000000 -3.026600599 -8.409273148 8.517161369 -0.575619757 -0.519408405 -0.393346786 0.494120657
