#LBA time[ms],KF opt[#],KF fixed[#],MP[#],Edges[#]
0.006629,3,1,0,790
0.001708,4,1,0,1130
0.196627,5,1,0,1335
0.329119,6,1,0,1696
0.609569,7,1,0,1901
0.664095,8,1,0,1970
0.811458,9,1,0,2247
0.665009,10,1,0,2570
0.732235,0,0,0,0
70.745126,0,0,0,0
0.779571,0,0,0,0
1.197409,0,0,0,0
1.029150,0,0,0,0
1.643088,0,0,0,0
2.006618,0,0,0,0
1.533963,0,0,0,0
1.648266,0,0,0,0
2.079499,0,0,0,0
2.927228,0,0,0,0
2.325683,0,0,0,0
3.349644,0,0,0,0
4.845549,0,0,0,0
4.404516,0,0,0,0
3.622347,0,0,0,0
4.264786,0,0,0,0
3.822546,0,0,0,0
4.738131,0,0,0,0
3.347676,0,0,0,0
3.248457,0,0,0,0
5.369527,0,0,0,0
5.267262,0,0,0,0
4.595803,0,0,0,0
4.586673,0,0,0,0
5.266771,0,0,0,0
4.412473,0,0,0,0
5.228610,0,0,0,0
6.055556,0,0,0,0
4.569726,0,0,0,0
3.716356,0,0,0,0
3.761493,0,0,0,0
3.941524,0,0,0,0
5.221073,0,0,0,0
4.589000,0,0,0,0
4.581631,0,0,0,0
3.522388,0,0,0,0
4.225916,0,0,0,0
3.531930,0,0,0,0
4.215558,0,0,0,0
4.144663,0,0,0,0
3.158255,0,0,0,0
4.398421,0,0,0,0
5.025179,0,0,0,0
5.553090,0,0,0,0
6.812356,0,0,0,0
5.513741,0,0,0,0
2.676953,0,0,0,0
6.072964,0,0,0,0
3.120637,0,0,0,0
4.573166,0,0,0,0
4.674917,0,0,0,0
6.283822,0,0,0,0
6.641441,0,0,0,0
3.958909,0,0,0,0
4.824114,0,0,0,0
4.239803,0,0,0,0
4.425324,0,0,0,0
6.427804,0,0,0,0
4.613936,0,0,0,0
3.825295,0,0,0,0
3.753427,0,0,0,0
4.576170,0,0,0,0
3.463928,0,0,0,0
6.972277,0,0,0,0
3.587951,0,0,0,0
5.560150,0,0,0,0
4.007848,0,0,0,0
3.557107,0,0,0,0
5.133050,0,0,0,0
6.380105,0,0,0,0
4.299840,0,0,0,0
3.695047,0,0,0,0
3.689250,0,0,0,0
3.021381,0,0,0,0
5.266636,0,0,0,0
4.436740,0,0,0,0
6.574368,0,0,0,0
4.445024,0,0,0,0
3.517111,0,0,0,0
4.661187,0,0,0,0
5.059103,0,0,0,0
5.349677,0,0,0,0
4.264539,0,0,0,0
3.982510,0,0,0,0
6.312470,0,0,0,0
5.039193,0,0,0,0
3.158322,0,0,0,0
4.109169,0,0,0,0
4.055352,0,0,0,0
3.183526,0,0,0,0
4.348718,0,0,0,0
4.103055,0,0,0,0
4.547242,0,0,0,0
3.624717,0,0,0,0
6.554546,0,0,0,0
5.651081,0,0,0,0
4.095607,0,0,0,0
6.094025,0,0,0,0
4.612906,0,0,0,0
3.137566,0,0,0,0
5.811435,0,0,0,0
4.422033,0,0,0,0
5.435622,0,0,0,0
4.734702,0,0,0,0
7.595360,0,0,0,0
6.922847,0,0,0,0
6.316993,0,0,0,0
4.641020,0,0,0,0
4.125492,0,0,0,0
5.714077,0,0,0,0
6.263386,0,0,0,0
7.866199,0,0,0,0
5.411409,0,0,0,0
4.947164,0,0,0,0
5.690707,0,0,0,0
3.994834,0,0,0,0
6.626973,0,0,0,0
8.310534,0,0,0,0
6.772785,0,0,0,0
6.430018,0,0,0,0
5.284866,0,0,0,0
6.138091,0,0,0,0
5.709823,0,0,0,0
7.157552,0,0,0,0
11.995433,0,0,0,0
10.948963,0,0,0,0
7.884497,0,0,0,0
9.044489,0,0,0,0
9.625051,0,0,0,0
8.401811,0,0,0,0
8.323132,0,0,0,0
9.120179,0,0,0,0
8.829893,0,0,0,0
8.760862,0,0,0,0
8.902771,0,0,0,0
8.637514,0,0,0,0
9.402934,0,0,0,0
10.074266,0,0,0,0
11.428188,0,0,0,0
10.672696,0,0,0,0
9.777840,0,0,0,0
9.281805,0,0,0,0
10.452206,0,0,0,0
8.823102,0,0,0,0
9.352153,0,0,0,0
8.599696,0,0,0,0
9.063393,0,0,0,0
9.215609,0,0,0,0
7.360648,0,0,0,0
7.363372,0,0,0,0
10.305633,0,0,0,0
7.516431,0,0,0,0
10.932784,0,0,0,0
6.992363,0,0,0,0
9.084817,0,0,0,0
10.143351,0,0,0,0
8.706510,0,0,0,0
7.833729,0,0,0,0
8.437323,0,0,0,0
7.946725,0,0,0,0
9.550184,0,0,0,0
9.824193,0,0,0,0
10.547157,0,0,0,0
10.984699,0,0,0,0
8.618084,0,0,0,0
8.746803,0,0,0,0
10.321597,0,0,0,0
7.281797,0,0,0,0
7.650108,0,0,0,0
9.168933,0,0,0,0
7.191275,0,0,0,0
10.313264,0,0,0,0
10.670094,0,0,0,0
11.737222,0,0,0,0
9.916885,0,0,0,0
9.364772,0,0,0,0
8.617260,0,0,0,0
9.005188,0,0,0,0
12.013470,0,0,0,0
11.156988,0,0,0,0
6.423523,0,0,0,0
10.589181,0,0,0,0
10.687917,0,0,0,0
7.742612,0,0,0,0
11.095844,0,0,0,0
11.598290,0,0,0,0
9.014257,0,0,0,0
7.795511,0,0,0,0
9.168324,0,0,0,0
10.145345,0,0,0,0
8.637529,0,0,0,0
8.751129,0,0,0,0
7.686365,0,0,0,0
10.027688,0,0,0,0
12.794823,0,0,0,0
14.199192,0,0,0,0
15.263129,0,0,0,0
10.280403,0,0,0,0
14.179959,0,0,0,0
11.280561,0,0,0,0
11.666010,0,0,0,0
15.719186,0,0,0,0
9.982527,0,0,0,0
17.208713,0,0,0,0
11.588906,0,0,0,0
13.120343,0,0,0,0
15.411891,0,0,0,0
11.198616,0,0,0,0
12.309985,0,0,0,0
10.821262,0,0,0,0
15.218748,0,0,0,0
10.893100,0,0,0,0
13.704226,0,0,0,0
11.916208,0,0,0,0
12.215081,0,0,0,0
11.459854,0,0,0,0
8.583006,0,0,0,0
12.905423,0,0,0,0
12.709685,0,0,0,0
14.017258,0,0,0,0
13.231694,0,0,0,0
14.117138,0,0,0,0
10.800453,0,0,0,0
10.647525,0,0,0,0
7.206431,0,0,0,0
11.262408,0,0,0,0
14.145528,0,0,0,0
14.397151,0,0,0,0
9.717049,0,0,0,0
15.126480,0,0,0,0
11.207588,0,0,0,0
14.549662,0,0,0,0
13.674165,0,0,0,0
11.573272,0,0,0,0
9.110924,0,0,0,0
14.811656,0,0,0,0
15.034324,0,0,0,0
12.574911,0,0,0,0
13.874758,0,0,0,0
10.604866,0,0,0,0
9.268616,0,0,0,0
12.197641,0,0,0,0
8.802764,0,0,0,0
10.575554,0,0,0,0
14.386357,0,0,0,0
10.451379,0,0,0,0
8.436925,0,0,0,0
11.596851,0,0,0,0
10.708511,0,0,0,0
11.086787,0,0,0,0
9.941603,0,0,0,0
11.195095,0,0,0,0
9.381562,0,0,0,0
8.490525,0,0,0,0
6.817606,0,0,0,0
8.451914,0,0,0,0
11.328087,0,0,0,0
9.121234,0,0,0,0
7.557030,0,0,0,0
10.712301,0,0,0,0
10.483325,0,0,0,0
5.852992,0,0,0,0
9.867189,0,0,0,0
11.078126,0,0,0,0
5.397382,0,0,0,0
9.733953,0,0,0,0
6.915028,0,0,0,0
6.977319,0,0,0,0
10.455254,0,0,0,0
9.259067,0,0,0,0
10.847174,0,0,0,0
9.936008,0,0,0,0
9.066260,0,0,0,0
11.588437,0,0,0,0
8.133535,0,0,0,0
15.980468,0,0,0,0
9.016386,0,0,0,0
15.529434,0,0,0,0
10.751648,0,0,0,0
14.681991,0,0,0,0
11.897286,0,0,0,0
12.971279,0,0,0,0
11.920830,0,0,0,0
8.801258,0,0,0,0
12.517099,0,0,0,0
9.473904,0,0,0,0
10.021303,0,0,0,0
13.038933,0,0,0,0
12.459214,0,0,0,0
13.425551,0,0,0,0
10.150927,0,0,0,0
12.599183,0,0,0,0
7.848555,0,0,0,0
10.919249,0,0,0,0
11.510057,0,0,0,0
15.241521,0,0,0,0
12.717060,0,0,0,0
10.909098,0,0,0,0
10.644227,0,0,0,0
14.194806,0,0,0,0
8.413673,0,0,0,0
17.031690,0,0,0,0
18.257662,0,0,0,0
12.763657,0,0,0,0
12.859374,0,0,0,0
15.655142,0,0,0,0
17.405275,0,0,0,0
15.877075,0,0,0,0
15.893320,0,0,0,0
9.829431,0,0,0,0
16.493757,0,0,0,0
9.550088,0,0,0,0
7.186827,0,0,0,0
14.194002,0,0,0,0
10.854689,0,0,0,0
11.574930,0,0,0,0
11.353560,0,0,0,0
7.232692,0,0,0,0
13.216666,0,0,0,0
7.614745,0,0,0,0
16.517252,0,0,0,0
9.646007,0,0,0,0
10.314268,0,0,0,0
11.756192,0,0,0,0
11.237817,0,0,0,0
7.745064,0,0,0,0
14.591364,0,0,0,0
13.693799,0,0,0,0
12.341493,0,0,0,0
12.318158,0,0,0,0
9.927814,0,0,0,0
15.869243,0,0,0,0
15.693767,0,0,0,0
13.238615,0,0,0,0
18.655569,0,0,0,0
13.979316,0,0,0,0
12.351607,0,0,0,0
14.244906,0,0,0,0
13.043271,0,0,0,0
11.524483,0,0,0,0
16.479134,0,0,0,0
14.478069,0,0,0,0
16.913971,0,0,0,0
14.708964,0,0,0,0
18.821029,0,0,0,0
14.504095,0,0,0,0
15.483342,0,0,0,0
20.715769,0,0,0,0
17.836644,0,0,0,0
27.382630,0,0,0,0
18.172886,0,0,0,0
21.015094,0,0,0,0
23.329133,0,0,0,0
20.963770,0,0,0,0
23.189575,0,0,0,0
20.052394,0,0,0,0
22.359486,0,0,0,0
22.449156,0,0,0,0
18.690564,0,0,0,0
25.523480,0,0,0,0
20.117861,0,0,0,0
14.559431,0,0,0,0
19.065470,0,0,0,0
15.974305,0,0,0,0
26.678572,0,0,0,0
22.415536,0,0,0,0
25.599028,0,0,0,0
17.540211,0,0,0,0
24.191600,0,0,0,0
22.219795,0,0,0,0
27.346902,0,0,0,0
18.026077,0,0,0,0
22.371394,0,0,0,0
23.832169,0,0,0,0
16.545363,0,0,0,0
23.662759,0,0,0,0
17.810057,0,0,0,0
18.037125,0,0,0,0
18.833060,0,0,0,0
17.409192,0,0,0,0
22.142980,0,0,0,0
20.107387,0,0,0,0
19.030472,0,0,0,0
26.195181,0,0,0,0
27.454005,0,0,0,0
31.753773,0,0,0,0
23.466257,0,0,0,0
25.721558,0,0,0,0
21.225384,0,0,0,0
25.361855,0,0,0,0
22.999810,0,0,0,0
25.288468,0,0,0,0
26.344642,0,0,0,0
28.415225,0,0,0,0
29.954264,0,0,0,0
33.476945,0,0,0,0
34.115388,0,0,0,0
25.681071,0,0,0,0
34.713883,0,0,0,0
34.330159,0,0,0,0
26.865556,0,0,0,0
27.730816,0,0,0,0
30.277522,0,0,0,0
34.232019,0,0,0,0
27.322689,0,0,0,0
32.919842,0,0,0,0
28.227687,0,0,0,0
30.670211,0,0,0,0
31.158749,0,0,0,0
28.690945,0,0,0,0
30.219718,0,0,0,0
29.714394,0,0,0,0
29.196005,0,0,0,0
33.598275,0,0,0,0
32.143044,0,0,0,0
30.926620,0,0,0,0
27.723751,0,0,0,0
23.681198,0,0,0,0
24.741210,0,0,0,0
30.724327,0,0,0,0
29.978280,0,0,0,0
27.266308,0,0,0,0
26.902458,0,0,0,0
30.866469,0,0,0,0
24.230256,0,0,0,0
31.442537,0,0,0,0
27.011447,0,0,0,0
27.228103,0,0,0,0
23.137997,0,0,0,0
22.263854,0,0,0,0
23.025278,0,0,0,0
25.037522,-897786400,13,1,-211930866
24.687223,31868,0,31868,1080355498
