#LBA time[ms],KF opt[#],KF fixed[#],MP[#],Edges[#]
0.015584,3,1,0,605
0.004544,4,1,0,798
0.457510,5,1,0,1338
0.619432,6,1,0,1784
0.731465,7,1,0,2276
0.586760,8,1,0,2786
1.256272,9,1,0,2835
1.981465,10,1,0,2791
1.910103,0,0,0,0
62.985973,0,0,0,0
1.720470,0,0,0,0
1.989945,0,0,0,0
2.783043,0,0,0,0
2.601441,0,0,0,0
2.933637,0,0,0,0
3.338762,0,0,0,0
3.583309,0,0,0,0
3.844145,0,0,0,0
3.805040,0,0,0,0
4.119188,0,0,0,0
5.559366,0,0,0,0
6.415633,0,0,0,0
5.683304,0,0,0,0
5.700168,0,0,0,0
5.792360,0,0,0,0
5.161505,0,0,0,0
5.686279,0,0,0,0
6.490033,0,0,0,0
5.558182,0,0,0,0
4.805084,0,0,0,0
5.164097,0,0,0,0
6.069740,0,0,0,0
5.489509,0,0,0,0
7.012536,0,0,0,0
7.489182,0,0,0,0
5.444068,0,0,0,0
6.489137,0,0,0,0
7.343228,0,0,0,0
5.547045,0,0,0,0
5.422116,0,0,0,0
4.727931,0,0,0,0
5.760649,0,0,0,0
4.178325,0,0,0,0
4.706459,0,0,0,0
6.912854,0,0,0,0
7.060121,0,0,0,0
4.945470,0,0,0,0
7.260955,0,0,0,0
4.916062,0,0,0,0
5.494117,0,0,0,0
6.597906,0,0,0,0
6.660884,0,0,0,0
5.535558,0,0,0,0
5.036735,0,0,0,0
8.566380,0,0,0,0
4.850269,0,0,0,0
4.908958,0,0,0,0
6.649780,0,0,0,0
5.796169,0,0,0,0
4.906014,0,0,0,0
8.346473,0,0,0,0
4.736187,0,0,0,0
6.184621,0,0,0,0
5.895626,0,0,0,0
7.277148,0,0,0,0
4.309846,0,0,0,0
7.794530,0,0,0,0
6.237710,0,0,0,0
5.415044,0,0,0,0
7.381084,0,0,0,0
5.100064,0,0,0,0
5.808489,0,0,0,0
5.660391,0,0,0,0
7.156090,0,0,0,0
5.013439,0,0,0,0
4.573146,0,0,0,0
7.486142,0,0,0,0
3.936434,0,0,0,0
6.371280,0,0,0,0
5.385091,0,0,0,0
5.990348,0,0,0,0
4.710427,0,0,0,0
7.481374,0,0,0,0
5.935019,0,0,0,0
7.413309,0,0,0,0
5.824169,0,0,0,0
6.954615,0,0,0,0
5.381955,0,0,0,0
7.937987,0,0,0,0
5.337059,0,0,0,0
6.534994,0,0,0,0
6.612179,0,0,0,0
5.008158,0,0,0,0
5.214113,0,0,0,0
6.467633,0,0,0,0
5.146849,0,0,0,0
6.528593,0,0,0,0
6.581043,0,0,0,0
5.556262,0,0,0,0
6.545298,0,0,0,0
6.604082,0,0,0,0
6.732436,0,0,0,0
6.221582,0,0,0,0
5.884426,0,0,0,0
4.910046,0,0,0,0
6.209806,0,0,0,0
7.748481,0,0,0,0
7.815618,0,0,0,0
5.023167,0,0,0,0
6.920119,0,0,0,0
7.266683,0,0,0,0
7.575743,0,0,0,0
7.301948,0,0,0,0
11.764083,0,0,0,0
6.388784,0,0,0,0
7.771841,0,0,0,0
6.477201,0,0,0,0
8.918864,0,0,0,0
10.891496,0,0,0,0
10.436355,0,0,0,0
9.636441,0,0,0,0
9.536215,0,0,0,0
9.765114,0,0,0,0
9.677305,0,0,0,0
8.223783,0,0,0,0
10.415971,0,0,0,0
9.838108,0,0,0,0
10.174784,0,0,0,0
10.371586,0,0,0,0
8.726093,0,0,0,0
11.316974,0,0,0,0
10.317377,0,0,0,0
10.875880,0,0,0,0
10.992522,0,0,0,0
9.147571,0,0,0,0
10.924553,0,0,0,0
11.209164,0,0,0,0
11.093836,0,0,0,0
11.605233,0,0,0,0
8.922928,0,0,0,0
11.114219,0,0,0,0
11.447055,0,0,0,0
11.576657,0,0,0,0
11.659314,0,0,0,0
10.535588,0,0,0,0
12.052247,0,0,0,0
12.167224,0,0,0,0
13.280390,0,0,0,0
13.558282,0,0,0,0
11.070218,0,0,0,0
15.009884,0,0,0,0
9.196564,0,0,0,0
14.292660,0,0,0,0
11.349807,0,0,0,0
14.312276,0,0,0,0
13.392232,0,0,0,0
9.785723,0,0,0,0
10.118399,0,0,0,0
14.887866,0,0,0,0
15.082813,0,0,0,0
15.758469,0,0,0,0
11.844596,0,0,0,0
12.654655,0,0,0,0
10.946857,0,0,0,0
12.931202,0,0,0,0
14.432693,0,0,0,0
10.783431,0,0,0,0
12.917218,0,0,0,0
12.701919,0,0,0,0
14.380404,0,0,0,0
11.489296,0,0,0,0
9.527799,0,0,0,0
12.916610,0,0,0,0
9.062482,0,0,0,0
14.857626,0,0,0,0
15.813542,0,0,0,0
15.993096,0,0,0,0
13.032868,0,0,0,0
14.117329,0,0,0,0
12.667966,0,0,0,0
12.984931,0,0,0,0
15.427681,0,0,0,0
17.795808,0,0,0,0
12.158744,0,0,0,0
13.817837,0,0,0,0
14.005168,0,0,0,0
12.613438,0,0,0,0
11.198828,0,0,0,0
12.297754,0,0,0,0
15.734533,0,0,0,0
13.860590,0,0,0,0
17.075863,0,0,0,0
14.249139,0,0,0,0
12.461309,0,0,0,0
14.328276,0,0,0,0
14.861722,0,0,0,0
10.034429,0,0,0,0
13.910830,0,0,0,0
11.202189,0,0,0,0
11.241261,0,0,0,0
12.785952,0,0,0,0
10.527812,0,0,0,0
11.337998,0,0,0,0
10.518595,0,0,0,0
10.781447,0,0,0,0
11.232365,0,0,0,0
13.126820,0,0,0,0
9.829628,0,0,0,0
13.546026,0,0,0,0
8.076774,0,0,0,0
7.713825,0,0,0,0
8.950896,0,0,0,0
9.246516,0,0,0,0
9.603640,0,0,0,0
9.981949,0,0,0,0
13.829134,0,0,0,0
13.386280,0,0,0,0
13.896943,0,0,0,0
10.794919,0,0,0,0
11.972854,0,0,0,0
10.507748,0,0,0,0
13.602410,0,0,0,0
13.261574,0,0,0,0
13.579594,0,0,0,0
14.561367,0,0,0,0
13.784205,0,0,0,0
14.036208,0,0,0,0
10.430115,0,0,0,0
13.793901,0,0,0,0
10.757991,0,0,0,0
12.890722,0,0,0,0
11.001610,0,0,0,0
7.813058,0,0,0,0
5.209985,0,0,0,0
14.212370,0,0,0,0
10.421827,0,0,0,0
14.294739,0,0,0,0
7.766562,0,0,0,0
6.208974,0,0,0,0
5.369859,0,0,0,0
9.062641,0,0,0,0
12.158072,0,0,0,0
6.430481,0,0,0,0
9.350389,0,0,0,0
11.566001,0,0,0,0
11.321742,0,0,0,0
11.513712,0,0,0,0
7.333244,0,0,0,0
6.965752,0,0,0,0
12.699104,0,0,0,0
6.350543,0,0,0,0
7.699969,0,0,0,0
10.289857,0,0,0,0
10.476451,0,0,0,0
8.554859,0,0,0,0
9.973757,0,0,0,0
8.296584,0,0,0,0
8.518411,0,0,0,0
8.581580,0,0,0,0
8.685164,0,0,0,0
8.375945,0,0,0,0
8.410250,0,0,0,0
9.658585,0,0,0,0
9.303221,0,0,0,0
9.053553,0,0,0,0
8.879919,0,0,0,0
7.504414,0,0,0,0
10.011997,0,0,0,0
8.100453,0,0,0,0
11.023754,0,0,0,0
8.675245,0,0,0,0
4.953662,0,0,0,0
8.916719,0,0,0,0
8.920016,0,0,0,0
8.957936,0,0,0,0
9.522871,0,0,0,0
9.487223,0,0,0,0
8.947248,0,0,0,0
8.934192,0,0,0,0
10.730087,0,0,0,0
9.118962,0,0,0,0
8.126566,0,0,0,0
9.178835,0,0,0,0
7.128281,0,0,0,0
6.670003,0,0,0,0
5.115392,0,0,0,0
9.641401,0,0,0,0
7.627328,0,0,0,0
8.506827,0,0,0,0
8.590508,0,0,0,0
8.882479,0,0,0,0
6.738613,0,0,0,0
7.314459,0,0,0,0
8.402665,0,0,0,0
8.671853,0,0,0,0
6.529713,0,0,0,0
8.665612,0,0,0,0
7.957508,0,0,0,0
8.604172,0,0,0,0
9.080881,0,0,0,0
9.192563,0,0,0,0
9.957501,0,0,0,0
10.309857,0,0,0,0
9.859388,0,0,0,0
9.264724,0,0,0,0
8.511979,0,0,0,0
9.764539,0,0,0,0
12.886593,0,0,0,0
7.239099,0,0,0,0
8.176423,0,0,0,0
6.860662,0,0,0,0
11.043563,0,0,0,0
8.913456,0,0,0,0
7.801314,0,0,0,0
8.934160,0,0,0,0
8.039044,0,0,0,0
13.798989,0,0,0,0
11.796084,0,0,0,0
15.062525,0,0,0,0
11.670706,0,0,0,0
12.130072,0,0,0,0
10.488484,0,0,0,0
14.238002,0,0,0,0
11.084683,0,0,0,0
17.254073,0,0,0,0
15.567396,0,0,0,0
12.837441,0,0,0,0
16.730706,0,0,0,0
13.228678,0,0,0,0
16.642545,0,0,0,0
22.491354,0,0,0,0
13.917198,0,0,0,0
19.584149,0,0,0,0
12.051576,0,0,0,0
18.393543,0,0,0,0
18.902765,0,0,0,0
22.025908,0,0,0,0
17.877952,0,0,0,0
19.229873,0,0,0,0
16.724465,0,0,0,0
21.395533,0,0,0,0
20.061627,0,0,0,0
15.700165,0,0,0,0
15.795686,0,0,0,0
13.343335,0,0,0,0
17.901536,0,0,0,0
16.677010,0,0,0,0
12.650046,0,0,0,0
12.023927,0,0,0,0
19.198865,0,0,0,0
19.968858,0,0,0,0
19.575062,0,0,0,0
13.366760,0,0,0,0
14.344243,0,0,0,0
20.378304,0,0,0,0
22.590556,0,0,0,0
17.955553,0,0,0,0
16.485359,0,0,0,0
11.260525,0,0,0,0
17.399067,0,0,0,0
19.343251,0,0,0,0
15.977609,0,0,0,0
20.502529,0,0,0,0
20.702243,0,0,0,0
21.128777,0,0,0,0
17.734079,0,0,0,0
17.018197,0,0,0,0
16.551984,0,0,0,0
20.791717,0,0,0,0
19.520852,0,0,0,0
22.769246,0,0,0,0
23.732650,0,0,0,0
15.711397,0,0,0,0
20.425152,0,0,0,0
18.737675,0,0,0,0
23.983565,0,0,0,0
20.731908,0,0,0,0
17.341082,0,0,0,0
20.650691,0,0,0,0
18.879565,0,0,0,0
20.547298,0,0,0,0
19.480212,0,0,0,0
18.788684,0,0,0,0
18.013986,0,0,0,0
19.427892,0,0,0,0
19.089743,0,0,0,0
14.887835,0,0,0,0
18.494600,0,0,0,0
18.663274,0,0,0,0
19.037647,0,0,0,0
18.081955,0,0,0,0
20.142684,0,0,0,0
20.463041,0,0,0,0
19.301874,0,0,0,0
17.477115,0,0,0,0
21.511310,0,0,0,0
20.181758,0,0,0,0
20.837574,0,0,0,0
16.257132,0,0,0,0
19.484853,0,0,0,0
20.136189,0,0,0,0
17.694558,0,0,0,0
20.902342,0,0,0,0
17.684958,0,0,0,0
19.261873,0,0,0,0
20.130205,0,0,0,0
20.808869,0,0,0,0
22.473850,0,0,0,0
31.323689,0,0,0,0
31.394249,0,0,0,0
30.055769,0,0,0,0
32.832572,0,0,0,0
30.773442,0,0,0,0
30.737345,0,0,0,0
32.763867,0,0,0,0
27.421080,0,0,0,0
29.639188,0,0,0,0
23.047201,0,0,0,0
36.800686,0,0,0,0
25.873764,0,0,0,0
27.818301,0,0,0,0
29.791030,0,0,0,0
24.858328,0,0,0,0
26.403243,0,0,0,0
32.056114,0,0,0,0
27.541241,0,0,0,0
26.379435,0,0,0,0
21.049641,0,0,0,0
20.488545,0,0,0,0
23.705194,0,0,0,0
21.394540,0,0,0,0
25.597121,0,0,0,0
21.749137,0,0,0,0
25.510432,0,0,0,0
33.233057,0,0,0,0
27.706716,0,0,0,0
24.032909,0,0,0,0
23.634441,0,0,0,0
23.866347,0,0,0,0
28.719561,0,0,0,0
24.320145,0,0,0,0
24.692982,0,0,0,0
23.368613,0,0,0,0
27.310070,0,0,0,0
31.480491,0,0,0,0
24.773335,0,0,0,0
22.702237,0,0,0,0
24.228048,0,0,0,0
29.034829,0,0,0,0
27.275894,0,0,0,0
26.518349,0,0,0,0
33.963178,0,0,0,0
32.817404,0,0,0,0
24.905529,0,0,0,0
36.242631,0,0,0,0
38.466691,0,0,0,0
42.527222,0,0,0,0
34.060587,0,0,0,0
37.103569,0,0,0,0
36.932175,0,0,0,0
35.736160,0,0,0,0
29.509266,0,0,0,0
34.361711,0,0,0,0
31.820431,0,0,0,0
37.363125,0,0,0,0
30.240476,0,0,0,0
27.332119,0,0,0,0
26.495597,0,0,0,0
27.407704,0,0,0,0
28.249987,0,0,0,0
37.619672,0,0,0,0
26.336843,0,0,0,0
29.821334,0,0,0,0
35.972899,0,0,0,0
39.681170,0,0,0,0
35.094680,0,0,0,0
36.627020,0,0,0,0
42.860506,0,0,0,0
41.885133,0,0,0,0
37.948668,0,0,0,0
39.753939,0,0,0,0
28.651623,0,0,0,0
38.911817,0,0,0,0
41.872525,0,0,0,0
34.635091,0,0,0,0
44.804723,0,0,0,0
39.405902,0,0,0,0
34.693619,0,0,0,0
37.031696,0,0,0,0
42.839897,0,0,0,0
40.124791,0,0,0,0
41.864494,0,0,0,0
46.135843,0,0,0,0
37.788986,0,0,0,0
36.208422,0,0,0,0
43.079165,0,0,0,0
39.744242,0,0,0,0
40.874337,0,0,0,0
38.708134,0,0,0,0
41.579690,0,0,0,0
38.686022,0,0,0,0
34.862261,0,0,0,0
39.559505,0,0,0,0
41.419879,0,0,0,0
36.354793,0,0,0,0
40.546301,0,0,0,0
40.017558,0,0,0,0
42.518453,0,0,0,0
37.018608,0,0,0,0
38.605796,0,0,0,0
38.525572,0,0,0,0
43.676900,0,0,0,0
32.909917,0,0,0,0
39.602417,0,0,0,0
37.631000,0,0,0,0
47.861305,0,0,0,0
36.800589,0,0,0,0
41.888909,0,0,0,0
49.112168,0,0,0,0
46.145316,0,0,0,0
41.024995,0,0,0,0
40.934273,0,0,0,0
40.528829,0,0,0,0
39.968534,0,0,0,0
40.854689,0,0,0,0
38.040701,0,0,0,0
44.534670,0,0,0,0
41.747179,0,0,0,0
41.407143,0,0,0,0
33.918217,0,0,0,0
34.612595,0,0,0,0
38.341793,0,0,0,0
43.991912,0,0,0,0
39.914069,0,0,0,0
39.088715,0,0,0,0
29.301872,0,0,0,0
34.661139,0,0,0,0
35.915843,0,0,0,0
40.656542,0,0,0,0
38.616837,0,0,0,0
42.473141,0,0,0,0
44.507535,0,0,0,0
40.398619,0,0,0,0
39.028874,0,0,0,0
44.690705,0,0,0,0
33.520997,0,0,0,0
40.799296,0,0,0,0
41.125380,0,0,0,0
38.826535,0,0,0,0
37.870619,0,0,0,0
39.191404,0,0,0,0
44.588880,0,0,0,0
37.670296,0,0,0,0
37.055217,0,0,0,0
35.923939,0,0,0,0
34.047339,0,0,0,0
44.365261,0,0,0,0
38.216447,0,0,0,0
33.135296,0,0,0,0
39.149323,0,0,0,0
39.529616,0,0,0,0
38.179039,0,0,0,0
38.222655,0,0,0,0
38.635141,0,0,0,0
29.432338,0,0,0,0
41.223686,0,0,0,0
32.949246,0,0,0,0
28.245474,0,0,0,0
32.266645,0,0,0,0
30.245340,0,0,0,0
29.192398,0,0,0,0
29.107533,0,0,0,0
30.984805,0,0,0,0
34.078699,0,0,0,0
37.876988,0,0,0,0
24.139407,0,0,0,0
23.774571,0,0,0,0
33.264450,0,0,0,0
29.289232,0,0,0,0
27.175029,0,0,0,0
22.472058,0,0,0,0
18.999919,0,0,0,0
23.044609,0,0,0,0
22.223415,0,0,0,0
28.046144,0,0,0,0
22.112053,-1054766774,-1054685101,1089153947,0
23.231556,-2009478176,-213575218,1716644854,0
