1403638538777829376.000000 0.068333730 2.425526619 -5.840278625 -0.564068198 -0.619915187 -0.367554635 0.403033346
1403638539027829504.000000 0.065908320 2.439281464 -5.841008663 -0.558900654 -0.614137650 -0.375428915 0.411725879
1403638539277829376.000000 0.061382696 2.460710049 -5.815821648 -0.551425755 -0.604111314 -0.386373848 0.426256359
1403638539527829504.000000 0.056184389 2.482980251 -5.745379448 -0.551991522 -0.608362794 -0.382476449 0.422979653
1403638539777829376.000000 0.053101569 2.506966114 -5.683234692 -0.551089346 -0.611823618 -0.379691452 0.421671540
1403638541227829504.000000 -0.153153718 3.012273073 -5.587747574 -0.428768307 -0.705832779 -0.315098733 0.467622340
1403638541527829504.000000 -0.280485600 3.139834881 -5.571825504 -0.421665430 -0.709336996 -0.311365992 0.471264899
1403638541827829504.000000 -0.459441960 3.260033131 -5.497721195 -0.408956081 -0.713890195 -0.296121389 0.485209197
1403638542127829504.000000 -0.683892787 3.359867334 -5.426134586 -0.369907558 -0.737636328 -0.260326833 0.501289427
1403638542577829376.000000 -1.027765155 3.494477510 -5.392986298 -0.273028940 -0.764081478 -0.237062380 0.534262359
1403638542927829504.000000 -1.297921300 3.528568029 -5.338006020 -0.274983734 -0.772539735 -0.210128233 0.532364905
1403638543227829504.000000 -1.534661770 3.515409708 -5.257124901 -0.285156190 -0.773401320 -0.201472610 0.529098451
1403638543427829504.000000 -1.702250481 3.504812241 -5.231525421 -0.286281526 -0.773284197 -0.199897468 0.529259503
1403638544127829504.000000 -2.319540977 3.443492413 -5.141252518 -0.174034983 -0.807579100 -0.126730353 0.549060404
1403638544627829504.000000 -2.800391674 3.408373594 -5.080735207 -0.161618754 -0.804785609 -0.112168908 0.560015857
1403638545027829504.000000 -3.183043003 3.390425920 -5.031522274 -0.158708572 -0.806852460 -0.107838474 0.558723271
1403638545377829376.000000 -3.505342484 3.380035877 -5.053220272 -0.155062288 -0.804677904 -0.109203227 0.562604547
1403638545627829504.000000 -3.729186058 3.367102623 -5.087039948 -0.142717153 -0.808683336 -0.095341764 0.562648177
1403638545827829504.000000 -3.908257723 3.354707956 -5.084941387 -0.106895939 -0.815766931 -0.072743893 0.563742816
1403638546277829376.000000 -4.311282158 3.321356297 -5.020760536 -0.024945708 -0.825743735 -0.027780656 0.562808275
1403638546427829504.000000 -4.449062824 3.306492567 -5.018284321 -0.022140566 -0.826225758 -0.016779544 0.562653780
1403638546827829504.000000 -4.830988884 3.258686304 -4.997997761 0.001046323 -0.827023208 -0.007184726 0.562120974
1403638547227829504.000000 -5.226351738 3.190015316 -4.965516567 0.017783361 -0.828003347 -0.014856567 0.560244262
1403638548427829504.000000 -6.515508652 2.720149994 -5.057725430 0.049757712 -0.828975856 0.026226433 0.556448877
1403638548627829504.000000 -6.746636391 2.614248753 -5.025613308 0.071897350 -0.826557934 0.042747878 0.556601763
1403638548827829504.000000 -6.981882572 2.507314682 -5.004887104 0.082561493 -0.825694561 0.051190685 0.555690229
1403638549027829504.000000 -7.221846581 2.398005009 -4.961369514 0.086431988 -0.825888813 0.053388759 0.554605126
1403638549277829376.000000 -7.523717880 2.258700848 -4.876399517 0.084754132 -0.824622989 0.055659458 0.556521118
1403638549527829504.000000 -7.839058876 2.114998817 -4.780018330 0.078703694 -0.823933601 0.060315207 0.557943821
1403638549927829504.000000 -8.347127914 1.897011518 -4.649639130 0.077128962 -0.823619545 0.058529206 0.558816910
1403638550327829504.000000 -8.888544083 1.695205450 -4.412625313 0.076810569 -0.824971020 0.060797676 0.556620777
1403638550777829376.000000 -9.510167122 1.503947854 -4.166576862 0.070725404 -0.818636537 0.071121395 0.565485656
1403638550977829376.000000 -9.779894829 1.440100074 -4.092000961 0.069314279 -0.807285547 0.072308056 0.581598878
1403638551177829376.000000 -10.026578903 1.393459797 -4.032773495 0.066134393 -0.802178919 0.077263445 0.588358402
1403638551377829376.000000 -10.245291710 1.371643066 -3.959759474 0.057029255 -0.806392789 0.076476447 0.583634853
1403638553277829376.000000 -11.529305458 2.499441624 -3.533710718 -0.051266387 -0.795840144 -0.009181093 0.603262842
1403638553727829504.000000 -11.489228249 2.951300383 -3.461483717 -0.033128664 -0.789918005 -0.026142213 0.611758709
1403638554027829504.000000 -11.340235710 3.222768784 -3.365312576 -0.036086440 -0.797553599 -0.023377834 0.601713836
1403638556727829504.000000 -9.770392418 5.478757858 -3.059554338 -0.096463978 -0.826466024 -0.033180851 0.553667486
1403638557627829504.000000 -9.583074570 6.477123260 -2.925523520 -0.083213486 -0.817047596 -0.051460348 0.568208277
1403638558577829376.000000 -9.507006645 7.535198689 -2.794054270 -0.089476399 -0.841397107 -0.052608009 0.530355930
1403638561527829504.000000 -10.475894928 10.351737976 -2.988707781 -0.364042014 -0.722502291 -0.245806754 0.533894062
1403638561977829376.000000 -10.326242447 10.621353149 -3.061320543 -0.363829494 -0.727528632 -0.256968617 0.521821260
1403638562227829504.000000 -10.223734856 10.746898651 -3.105949640 -0.383493096 -0.716678441 -0.273798764 0.514139414
1403638562527829504.000000 -10.093914986 10.870953560 -3.110292673 -0.419676572 -0.694290042 -0.294074208 0.505324960
1403638562827829504.000000 -9.950510025 10.980713844 -3.072318077 -0.478904903 -0.654310584 -0.320235997 0.489874214
1403638563727829504.000000 -9.271636009 11.132567406 -3.176866293 -0.556428611 -0.578872561 -0.377336800 0.461422652
1403638563927829504.000000 -9.067450523 11.113755226 -3.175344229 -0.555458188 -0.581068456 -0.371903867 0.464234054
1403638564177829376.000000 -8.775409698 11.066823959 -3.174617052 -0.548970222 -0.586009920 -0.366535842 0.469974130
1403638564477829376.000000 -8.375863075 10.970981598 -3.172735691 -0.534823000 -0.591794133 -0.371809185 0.474870563
1403638564777829376.000000 -7.927177906 10.823449135 -3.146358252 -0.541640818 -0.591181040 -0.358782023 0.477918088
1403638565077829376.000000 -7.423433304 10.644471169 -3.228838205 -0.543507457 -0.587845564 -0.356038004 0.481948286
1403638565327829504.000000 -6.975394726 10.490927696 -3.392911673 -0.543626547 -0.589782000 -0.356648386 0.478987694
1403638566327829504.000000 -4.981494427 9.593591690 -3.909960747 -0.531044900 -0.602812111 -0.389249951 0.450658798
1403638566877829376.000000 -4.102017403 8.938171387 -4.056307316 -0.554852307 -0.636191845 -0.347715437 0.408035427
1403638567077829376.000000 -3.787299871 8.751926422 -4.229408264 -0.548706770 -0.635149062 -0.352564305 0.413769275
1403638567277829376.000000 -3.472814560 8.596857071 -4.415278912 -0.532079875 -0.621338308 -0.376395881 0.434920430
1403638567427829504.000000 -3.245399952 8.481088638 -4.565281868 -0.531007826 -0.618907809 -0.380863070 0.435806483
1403638567577829376.000000 -3.027903795 8.363268852 -4.705354214 -0.535578251 -0.620994091 -0.378292412 0.429438025
1403638567827829504.000000 -2.685896158 8.173974991 -4.897047997 -0.541387081 -0.626303196 -0.375553489 0.416658044
1403638568227829504.000000 -2.205842495 7.914634705 -5.102914333 -0.540370345 -0.626256168 -0.378813118 0.415094942
1403638568677829376.000000 -1.789914727 7.676511288 -5.256145477 -0.541750491 -0.630993783 -0.377630562 0.407122076
1403638569677829376.000000 -1.315328836 7.433271885 -5.424436569 -0.539556265 -0.630492091 -0.383175552 0.405629545
1403638570177829376.000000 -1.297839642 7.408586979 -5.444049835 -0.539266407 -0.624786496 -0.382686377 0.415192425
1403638571377829376.000000 -1.022603273 7.353329659 -5.814738750 -0.669700742 -0.466998994 -0.447057366 0.365448654
1403638572977829376.000000 0.646933496 6.608638763 -5.850465298 -0.769216180 -0.332113415 -0.502237678 0.213926122
1403638573277829376.000000 1.039169312 6.522714138 -5.812813282 -0.769061327 -0.339081109 -0.497445375 0.214748383
1403638573477829376.000000 1.308513641 6.496817112 -5.788102627 -0.769032955 -0.340253651 -0.497971386 0.211755365
1403638573777829376.000000 1.728756785 6.509006500 -5.709579468 -0.770077467 -0.335483342 -0.504038453 0.200940117
1403638573977829376.000000 2.010493517 6.547940731 -5.655935764 -0.769204319 -0.302205712 -0.528874815 0.193100736
1403638574177829376.000000 2.281409264 6.594341755 -5.626339436 -0.777744591 -0.240452826 -0.546629667 0.196193382
1403638574377829376.000000 2.543185711 6.621963501 -5.614780426 -0.790183663 -0.189135075 -0.556487918 0.173663497
1403638574627829504.000000 2.859277248 6.620152473 -5.618423939 -0.801262259 -0.145194724 -0.564281642 0.135954246
1403638574927829504.000000 3.223584414 6.592927933 -5.577134132 -0.811269522 -0.137904614 -0.558823586 0.102665909
1403638575277829376.000000 3.638370037 6.555787086 -5.563323021 -0.816572964 -0.127190262 -0.550103366 0.120072834
1403638575577829376.000000 4.005654812 6.501060963 -5.581476688 -0.822910845 -0.140753910 -0.538163722 0.115697868
1403638576677829376.000000 5.565477848 6.467948437 -5.373431683 -0.818243802 -0.177788571 -0.541350961 0.076206774
1403638577077829376.000000 6.155149460 6.637480736 -5.348311424 -0.807045221 -0.164253935 -0.559059143 0.095663562
1403638577427829504.000000 6.638566494 6.835893631 -5.288287640 -0.805762053 -0.170317680 -0.560492098 0.087109752
1403638577777829376.000000 7.090502262 7.081332684 -5.217063904 -0.808345079 -0.167232111 -0.556699991 0.093257003
1403638578627829504.000000 8.120647430 7.804757118 -5.133168697 -0.807511091 -0.153904423 -0.557289600 0.116908789
1403638578927829504.000000 8.472156525 8.041102409 -5.151027679 -0.805565715 -0.164361253 -0.560192466 0.101161875
1403638579177829376.000000 8.759762764 8.248932838 -5.139223576 -0.803805947 -0.167493060 -0.561993659 0.100026347
1403638580827829504.000000 10.007484436 9.483435631 -5.271441460 -0.687338591 -0.450509429 -0.472115129 0.318926841
1403638581327829504.000000 10.213103294 9.702580452 -5.250176430 -0.681046963 -0.463522106 -0.469915539 0.317020178
1403638584177829376.000000 10.109281540 10.318053246 -4.557780266 -0.671515763 -0.446763843 -0.501152933 0.313551188
1403638584677829376.000000 9.831861496 10.328685760 -4.508579254 -0.663152099 -0.442802101 -0.510618210 0.321597070
1403638584927829504.000000 9.652480125 10.288075447 -4.462865353 -0.678589225 -0.450314343 -0.489674777 0.311371833
1403638585677829376.000000 9.078903198 10.164035797 -4.449276924 -0.683096826 -0.450994909 -0.483872294 0.309596479
1403638586377829376.000000 8.573820114 10.125442505 -4.317135334 -0.680696547 -0.448051691 -0.490077823 0.309395790
1403638586827829504.000000 8.245534897 10.126841545 -4.322825432 -0.678876400 -0.446248114 -0.493310869 0.310860068
1403638587277829376.000000 7.883579731 10.105851173 -4.394011974 -0.680315673 -0.447809309 -0.490126193 0.310505539
1403638590127829504.000000 5.328972816 9.650305748 -4.627146244 -0.685725212 -0.441713274 -0.487784088 0.311025679
1403638591577829376.000000 4.152559757 9.302703857 -4.691177368 -0.714141309 -0.451469690 -0.448778540 0.291161895
1403638591877829376.000000 3.996437073 9.336129189 -4.736638069 -0.710935652 -0.448864877 -0.453856677 0.295135647
1403638592727829504.000000 3.778389454 9.637520790 -4.515030861 -0.666373730 -0.491025299 -0.440835804 0.347136885
1403638593127829504.000000 3.778475285 9.802073479 -4.357814312 -0.663408637 -0.508272886 -0.427695721 0.344418526
1403638595077829376.000000 3.636655807 10.489196777 -3.654524803 -0.630293489 -0.513692260 -0.451039314 0.367986262
1403638595527829504.000000 3.532132864 10.479816437 -3.621403217 -0.632683396 -0.513397276 -0.449661314 0.365977824
1403638595827829504.000000 3.463618755 10.457253456 -3.604111433 -0.629770160 -0.518341899 -0.453536540 0.359187633
1403638597177829376.000000 2.346269131 10.355679512 -3.476336241 -0.586091220 -0.553046763 -0.508024931 0.304215312
1403638597327829504.000000 2.052066326 10.356798172 -3.452610970 -0.587961614 -0.546895564 -0.507963657 0.311736077
1403638597477829376.000000 1.723837495 10.357463837 -3.443731546 -0.592855394 -0.537398040 -0.504024029 0.325093299
1403638597627829504.000000 1.370110512 10.352634430 -3.446120501 -0.598562002 -0.525234163 -0.498223454 0.342966706
1403638597777829376.000000 1.001166463 10.339056969 -3.459643126 -0.596068025 -0.528246462 -0.499644727 0.340608060
1403638597927829504.000000 0.615052044 10.317223549 -3.483301163 -0.585536242 -0.541612089 -0.502074003 0.334253430
1403638598077829376.000000 0.206143335 10.288591385 -3.505504608 -0.580946386 -0.546025038 -0.497797489 0.341402501
1403638598227829504.000000 -0.225166172 10.249638557 -3.514948845 -0.592570126 -0.539017141 -0.475456208 0.363679290
1403638598377829376.000000 -0.662625730 10.202064514 -3.522409201 -0.602323234 -0.535666525 -0.458971739 0.373648286
1403638598527829504.000000 -1.097556591 10.148398399 -3.541019440 -0.605217516 -0.536746919 -0.452222317 0.375645608
1403638598677829376.000000 -1.527567744 10.089459419 -3.575100899 -0.600059390 -0.546112478 -0.445395678 0.378566623
1403638598827829504.000000 -1.952394009 10.027571678 -3.606202841 -0.587747812 -0.559112608 -0.437111318 0.388431787
1403638598977829376.000000 -2.369399309 9.962998390 -3.625065565 -0.571751535 -0.576830685 -0.426066846 0.398539454
1403638599127829504.000000 -2.776264191 9.899426460 -3.627563000 -0.553535700 -0.594773412 -0.413291723 0.411136061
1403638599227829504.000000 -3.042941570 9.854815483 -3.620811701 -0.540271163 -0.607833624 -0.404303700 0.418549836
1403638599527829504.000000 -3.845831633 9.699692726 -3.568486452 -0.509870470 -0.642223299 -0.376478195 0.431098074
1403638599677829376.000000 -4.240023613 9.619618416 -3.548543930 -0.505777061 -0.649227917 -0.368451744 0.432360977
1403638599827829504.000000 -4.630961418 9.541070938 -3.546972513 -0.506551981 -0.649818540 -0.365819275 0.432801664
1403638599977829376.000000 -5.015011787 9.470537186 -3.555732965 -0.512182295 -0.646312237 -0.361407280 0.435125947
1403638600427829504.000000 -6.099065304 9.316016197 -3.622921467 -0.549847722 -0.625373423 -0.321684122 0.450660437
1403638600627829504.000000 -6.510302544 9.286778450 -3.632206678 -0.554364622 -0.624477804 -0.318725109 0.448465794
1403638600777829376.000000 -6.785153389 9.284707069 -3.618722916 -0.558185041 -0.626597166 -0.313375324 0.444523752
1403638600927829504.000000 -7.032237530 9.303157806 -3.594027996 -0.549141824 -0.640941203 -0.324830323 0.426758766
1403638601077829376.000000 -7.264622211 9.340729713 -3.578218222 -0.538469195 -0.650680482 -0.337608874 0.415555239
1403638601227829504.000000 -7.491303444 9.396140099 -3.572313070 -0.528149247 -0.653818250 -0.351010770 0.412760973
1403638601277829376.000000 -7.566852570 9.418510437 -3.571758270 -0.522626102 -0.653473020 -0.358658433 0.413762152
1403638601427829504.000000 -7.798888683 9.492003441 -3.569865465 -0.513550520 -0.650438666 -0.359144628 0.429197699
1403638601577829376.000000 -8.034642220 9.570056915 -3.555904865 -0.495787561 -0.656739771 -0.351157039 0.446739703
1403638601727829504.000000 -8.269763947 9.648597717 -3.529455185 -0.468766510 -0.673981190 -0.338791341 0.459595203
1403638601877829376.000000 -8.507009506 9.721512794 -3.487017393 -0.431207031 -0.695417106 -0.325103045 0.474092424
1403638602177829376.000000 -8.980144501 9.848534584 -3.409058094 -0.381678015 -0.723235250 -0.298474729 0.492103279
1403638602577829376.000000 -9.618625641 9.944641113 -3.322694302 -0.310730934 -0.701431990 -0.249633864 0.590865791
1403638602777829376.000000 -9.863808632 9.930621147 -3.237146378 -0.275990874 -0.711007655 -0.222214326 0.607386172
1403638603827829504.000000 -10.210388184 9.449567795 -2.980049372 -0.177421913 -0.778579116 -0.145096108 0.584194481
1403638604077829376.000000 -10.177694321 9.300056458 -3.024728775 -0.161405280 -0.772378683 -0.168499067 0.590751767
1403638604677829376.000000 -9.984300613 8.731106758 -3.040460348 -0.181987718 -0.790474653 -0.139542878 0.567941844
1403638605077829376.000000 -9.807762146 8.309687614 -3.034784317 -0.193497539 -0.804401517 -0.124282703 0.547768831
1403638605277829376.000000 -9.726982117 8.115603447 -2.999433279 -0.192943245 -0.811078966 -0.124797486 0.537912190
1403638605677829376.000000 -9.622242928 7.756215096 -2.965404749 -0.161054000 -0.799584925 -0.167429492 0.553798676
1403638606077829376.000000 -9.576027870 7.307499886 -2.909503698 -0.155501515 -0.801913857 -0.177642405 0.548813760
1403638606277829376.000000 -9.576646805 7.036608219 -2.893205643 -0.154322699 -0.803848088 -0.181639612 0.544995368
1403638606527829504.000000 -9.599018097 6.659357548 -2.916229010 -0.180552065 -0.813206017 -0.149126917 0.532783449
1403638606777829376.000000 -9.659275055 6.279963017 -2.973746300 -0.177215070 -0.824663401 -0.124251418 0.522576869
1403638607027829504.000000 -9.763473511 5.922509193 -3.028584003 -0.139464065 -0.835066915 -0.091356322 0.524277687
1403638607277829376.000000 -9.925144196 5.601727486 -3.040848017 -0.107788898 -0.825311244 -0.064507112 0.550528705
1403638607527829504.000000 -10.109469414 5.315129280 -3.085161924 -0.099271134 -0.816826344 -0.050445061 0.566034734
1403638607777829376.000000 -10.283683777 5.059011459 -3.161992788 -0.095676132 -0.814980626 -0.052591715 0.569110632
1403638608027829504.000000 -10.442210197 4.831087112 -3.260779858 -0.105216809 -0.815558136 -0.044865064 0.567257941
1403638609527829504.000000 -10.977052689 3.874091864 -4.068480492 -0.107250273 -0.807332873 -0.053162571 0.577827632
1403638609777829376.000000 -10.988957405 3.784697533 -4.225061417 -0.104121305 -0.808658481 -0.058183949 0.576059639
1403638610027829504.000000 -10.989636421 3.712420225 -4.352528095 -0.105102375 -0.806538224 -0.056713533 0.578993261
1403638610277829376.000000 -10.973259926 3.656445742 -4.450473785 -0.104613617 -0.799169421 -0.058107343 0.589073718
1403638610527829504.000000 -10.930531502 3.614262581 -4.579425812 -0.103335075 -0.795215726 -0.060771320 0.594357491
1403638610777829376.000000 -10.844120979 3.578178883 -4.719984531 -0.103328094 -0.791315794 -0.058979042 0.599720061
1403638611027829504.000000 -10.720010757 3.551377535 -4.825190067 -0.104799576 -0.797679365 -0.053446695 0.591496587
1403638611277829376.000000 -10.567736626 3.539425373 -4.936400414 -0.102021217 -0.795559347 -0.053686101 0.594806552
1403638611527829504.000000 -10.379268646 3.535793543 -5.026311398 -0.084578909 -0.799061358 -0.079866558 0.589888811
1403638611777829376.000000 -10.169686317 3.510428429 -5.087728024 -0.091776408 -0.804879487 -0.072804183 0.581760883
1403638612027829504.000000 -9.953227043 3.474416018 -5.172638416 -0.104339525 -0.808078945 -0.058178760 0.576833606
1403638612277829376.000000 -9.737732887 3.448230028 -5.231524944 -0.107056759 -0.808547020 -0.056379620 0.575857580
1403638612527829504.000000 -9.524334908 3.437104940 -5.265728951 -0.105278663 -0.806557178 -0.063277252 0.578254223
1403638612777829376.000000 -9.307628632 3.430402756 -5.336190701 -0.100849129 -0.805275202 -0.077066541 0.579156339
1403638613027829504.000000 -9.085340500 3.411194324 -5.408819199 -0.105300672 -0.803612411 -0.077246152 0.580647945
1403638613277829376.000000 -8.858452797 3.378544092 -5.436726570 -0.108339779 -0.805981934 -0.075208567 0.577060997
1403638613527829504.000000 -8.632153511 3.339648008 -5.438933849 -0.110166937 -0.804017961 -0.077099256 0.579201341
1403638613827829504.000000 -8.357191086 3.288070679 -5.486646652 -0.126664907 -0.792462468 -0.079955898 0.591241419
1403638614127829504.000000 -8.047433853 3.239671230 -5.585938931 -0.165347680 -0.788266540 -0.110302687 0.582348168
1403638614377829376.000000 -7.769012928 3.197436571 -5.658953190 -0.201699346 -0.786246240 -0.134038046 0.568478763
1403638614677829376.000000 -7.430606365 3.146379709 -5.684919357 -0.233497113 -0.779093146 -0.143724397 0.563769698
1403638614977829376.000000 -7.074092388 3.121396542 -5.637105942 -0.293925047 -0.769381344 -0.157556087 0.544827104
1403638615227829504.000000 -6.751327515 3.137618065 -5.555826187 -0.341937631 -0.745953679 -0.213320851 0.530213237
1403638615477829376.000000 -6.440469265 3.174042702 -5.479718208 -0.396062315 -0.712602675 -0.268285930 0.513181031
1403638615727829504.000000 -6.136708260 3.210568666 -5.431278706 -0.437721789 -0.686805665 -0.299814761 0.496798545
1403638615977829376.000000 -5.838953972 3.236637831 -5.361283302 -0.462770343 -0.671028912 -0.312892199 0.487506330
1403638616127829504.000000 -5.658381462 3.248599529 -5.331282139 -0.477861017 -0.660127580 -0.324607491 0.480115026
1403638616327829504.000000 -5.414421082 3.261643648 -5.343294621 -0.506703556 -0.639593482 -0.341680765 0.466289610
1403638616527829504.000000 -5.167930126 3.271704912 -5.401205063 -0.534213901 -0.619029880 -0.357893914 0.450920641
1403638617177829376.000000 -4.374326229 3.364511251 -5.592924595 -0.555666029 -0.617212355 -0.362385720 0.423037648
1403638617427829504.000000 -4.063505173 3.462744236 -5.598347187 -0.553340614 -0.629703999 -0.356380761 0.412649781
1403638617677829376.000000 -3.774040461 3.592186213 -5.555610657 -0.547131956 -0.635476768 -0.356591582 0.411896050
1403638617927829504.000000 -3.511825323 3.757499456 -5.466155052 -0.541128397 -0.637735188 -0.358786911 0.414422333
1403638618177829376.000000 -3.276763439 3.947555780 -5.378275394 -0.539198399 -0.638724148 -0.356356531 0.417500436
1403638618427829504.000000 -3.062584877 4.155917168 -5.324018478 -0.535861254 -0.640551984 -0.357544661 0.417980462
1403638618677829376.000000 -2.870319605 4.382761955 -5.282414913 -0.536096036 -0.639250815 -0.362060279 0.415778667
1403638618927829504.000000 -2.702359200 4.627882481 -5.219530106 -0.542604089 -0.628571212 -0.370610774 0.416085154
1403638621027829504.000000 -1.485575557 6.207089424 -5.351779938 -0.635855913 -0.517309964 -0.439936697 0.366787910
1403638621877829376.000000 -0.935105443 6.539023876 -5.366823673 -0.617528081 -0.520909965 -0.452702731 0.377322376
1403638624727829504.000000 -0.326841205 4.993952274 -5.454480171 -0.625935316 -0.503812850 -0.455440819 0.383342147
1403638625377829376.000000 -0.256005675 4.315185070 -5.463930607 -0.620842397 -0.527824342 -0.431906104 0.386540115
1403638625777829376.000000 -0.197505936 3.896912336 -5.423136234 -0.625234127 -0.532661796 -0.424881548 0.380564600
1403638626077829376.000000 -0.143638581 3.602224112 -5.384780407 -0.629873037 -0.534495652 -0.420406103 0.375277311
1403638626377829376.000000 -0.078072198 3.336371899 -5.407880306 -0.622621715 -0.536945045 -0.432112545 0.370555043
1403638626677829376.000000 -0.015864730 3.084118605 -5.476377487 -0.621610463 -0.541152298 -0.431901544 0.366354614
1403638626977829376.000000 0.032915153 2.866654158 -5.515560627 -0.627872169 -0.544402599 -0.422511160 0.361782730
1403638627327829504.000000 0.084804632 2.673696518 -5.546587944 -0.625437200 -0.546014309 -0.424059182 0.361760348
1403638627677829376.000000 0.129159629 2.539336681 -5.599504471 -0.620181680 -0.544444799 -0.431858331 0.363940865
1403638628027829504.000000 0.154315457 2.444857121 -5.653030396 -0.619644523 -0.544979513 -0.434282064 0.361160785
1403638628377829376.000000 0.150194943 2.379790783 -5.683966637 -0.623053014 -0.544578373 -0.432103336 0.358505398
1403638628827829504.000000 0.122018710 2.337849855 -5.685624123 -0.626053929 -0.527381957 -0.429220408 0.381699651
1403638629177829376.000000 0.118324287 2.306161642 -5.728992462 -0.619403481 -0.535701096 -0.438940585 0.369722724
1403638629527829504.000000 0.100038975 2.283139706 -5.746921539 -0.627691567 -0.541486323 -0.428259492 0.359707743
1403638630027829504.000000 0.083947770 2.293339968 -5.748332024 -0.619076550 -0.520376861 -0.443173438 0.386716306
1403638630327829504.000000 0.091889024 2.278639078 -5.820393562 -0.620381594 -0.533160090 -0.442660570 0.367312819
1403638630527829504.000000 0.084383883 2.285042286 -5.792097569 -0.617593944 -0.531009436 -0.442159861 0.375634760
1403638630927829504.000000 0.076958276 2.292978525 -5.812417507 -0.628285587 -0.558305800 -0.413714200 0.349846303
1403638631077829376.000000 0.073403656 2.296597004 -5.820799828 -0.628189802 -0.558525801 -0.413860023 0.349494487
1403638631177829376.000000 0.071547382 2.300229073 -5.825056553 -0.628383815 -0.558326721 -0.413819045 0.349512577
1403638631277829376.000000 0.071079582 2.302840948 -5.827348709 -0.628073514 -0.558806598 -0.414523482 0.348466873
1403638631477829376.000000 0.070206940 2.309693575 -5.828306675 -0.628453434 -0.558420539 -0.414199531 0.348785788
1403638631577829376.000000 0.069794476 2.314013243 -5.827558517 -0.628530264 -0.558319807 -0.414161325 0.348854005
