#LBA time[ms],KF opt[#],KF fixed[#],MP[#],Edges[#]
0.008305,3,1,0,777
0.002069,4,1,0,742
0.329801,5,1,0,1359
0.277828,6,1,0,1873
0.637382,7,1,0,2292
0.404655,8,1,0,2627
0.896409,9,1,0,2887
0.871332,10,1,0,2848
1.169377,0,0,0,0
58.495931,0,0,0,0
1.157395,0,0,0,0
1.340753,0,0,0,0
1.294929,0,0,0,0
1.331552,0,0,0,0
1.645886,0,0,0,0
2.152436,0,0,0,0
2.545122,0,0,0,0
2.092904,0,0,0,0
2.644435,0,0,0,0
2.746855,0,0,0,0
2.770787,0,0,0,0
3.430887,0,0,0,0
3.524144,0,0,0,0
3.328053,0,0,0,0
3.325140,0,0,0,0
4.064209,0,0,0,0
3.657014,0,0,0,0
3.283657,0,0,0,0
3.304367,0,0,0,0
3.591464,0,0,0,0
3.501385,0,0,0,0
3.481902,3,1,0,1120
3.643233,4,1,0,1511
0.001568,5,1,0,1941
0.001945,6,1,0,2269
0.229720,7,1,0,2771
0.504177,8,1,0,3051
2.293694,9,1,0,3295
0.964378,10,1,0,3656
0.833777,0,0,0,0
1.548861,0,0,0,0
1.332052,0,0,0,0
59.265111,0,0,0,0
1.035024,0,0,0,0
1.182464,0,0,0,0
1.381996,0,0,0,0
1.444109,0,0,0,0
2.608625,0,0,0,0
2.357938,0,0,0,0
2.230001,0,0,0,0
2.232242,0,0,0,0
2.351931,0,0,0,0
2.311678,0,0,0,0
3.033959,0,0,0,0
2.946224,0,0,0,0
3.551274,0,0,0,0
3.109115,0,0,0,0
4.982014,0,0,0,0
4.170101,0,0,0,0
2.662631,0,0,0,0
3.515934,0,0,0,0
3.117810,0,0,0,0
2.709127,0,0,0,0
3.221230,0,0,0,0
2.780229,0,0,0,0
2.288343,0,0,0,0
3.192013,0,0,0,0
3.198721,0,0,0,0
2.165700,0,0,0,0
2.885048,0,0,0,0
3.287937,0,0,0,0
1.945354,0,0,0,0
3.194975,0,0,0,0
2.297904,0,0,0,0
3.654526,0,0,0,0
2.211363,0,0,0,0
2.295206,0,0,0,0
2.325928,0,0,0,0
2.236802,0,0,0,0
2.264430,0,0,0,0
2.319196,0,0,0,0
1.957526,0,0,0,0
3.330299,0,0,0,0
3.047518,0,0,0,0
2.005588,0,0,0,0
3.468750,0,0,0,0
4.595209,0,0,0,0
2.428349,0,0,0,0
2.313429,0,0,0,0
2.476241,0,0,0,0
2.797385,0,0,0,0
2.872448,0,0,0,0
2.836074,0,0,0,0
2.466621,0,0,0,0
3.337646,0,0,0,0
2.895282,0,0,0,0
2.461359,0,0,0,0
2.563392,0,0,0,0
3.100006,0,0,0,0
2.272308,0,0,0,0
2.636712,0,0,0,0
1.975418,0,0,0,0
4.025800,0,0,0,0
1.823049,0,0,0,0
2.162469,0,0,0,0
2.247435,0,0,0,0
2.352039,0,0,0,0
2.920851,0,0,0,0
2.459350,0,0,0,0
3.495425,0,0,0,0
2.655280,0,0,0,0
4.160938,0,0,0,0
2.934964,0,0,0,0
2.759665,0,0,0,0
4.553862,0,0,0,0
2.491984,0,0,0,0
3.254838,0,0,0,0
2.602384,0,0,0,0
3.168496,0,0,0,0
3.081614,0,0,0,0
1.839261,0,0,0,0
4.292267,0,0,0,0
3.012616,0,0,0,0
2.613674,0,0,0,0
1.789412,0,0,0,0
2.819957,0,0,0,0
1.935347,0,0,0,0
2.694748,0,0,0,0
3.120565,0,0,0,0
2.328851,0,0,0,0
1.806652,0,0,0,0
2.845214,0,0,0,0
2.340278,0,0,0,0
2.763322,0,0,0,0
2.821879,0,0,0,0
2.966778,0,0,0,0
2.886548,0,0,0,0
2.942614,0,0,0,0
3.622218,0,0,0,0
4.788807,0,0,0,0
2.978236,0,0,0,0
2.885388,0,0,0,0
5.548351,0,0,0,0
3.022404,0,0,0,0
4.569784,0,0,0,0
3.039567,0,0,0,0
3.856356,0,0,0,0
2.985766,0,0,0,0
3.156927,0,0,0,0
2.071425,0,0,0,0
3.312109,0,0,0,0
3.336287,0,0,0,0
3.092193,0,0,0,0
3.677416,0,0,0,0
3.530141,0,0,0,0
3.522239,0,0,0,0
3.914100,0,0,0,0
4.612430,0,0,0,0
3.644334,0,0,0,0
3.807279,0,0,0,0
4.530272,0,0,0,0
4.654948,0,0,0,0
4.225616,0,0,0,0
5.100197,0,0,0,0
2.210905,0,0,0,0
3.836746,0,0,0,0
4.198171,0,0,0,0
3.516568,0,0,0,0
5.595770,0,0,0,0
3.367246,0,0,0,0
5.157091,0,0,0,0
4.497061,0,0,0,0
3.561634,0,0,0,0
3.224538,0,0,0,0
3.530081,0,0,0,0
4.644348,0,0,0,0
4.012165,0,0,0,0
3.058338,0,0,0,0
5.637222,0,0,0,0
3.074743,0,0,0,0
4.200584,0,0,0,0
5.243639,0,0,0,0
4.920149,0,0,0,0
4.299757,0,0,0,0
3.065439,0,0,0,0
3.796026,0,0,0,0
3.180101,0,0,0,0
4.340319,0,0,0,0
3.526062,0,0,0,0
3.564982,0,0,0,0
3.170928,0,0,0,0
4.188793,0,0,0,0
5.279167,0,0,0,0
3.736772,0,0,0,0
2.840852,0,0,0,0
3.236459,0,0,0,0
3.260962,0,0,0,0
4.688114,0,0,0,0
3.973303,0,0,0,0
3.511974,0,0,0,0
5.188534,0,0,0,0
3.239523,0,0,0,0
3.404120,0,0,0,0
4.145385,0,0,0,0
5.256357,0,0,0,0
5.820301,0,0,0,0
3.953436,0,0,0,0
6.020162,0,0,0,0
4.952062,0,0,0,0
3.983992,0,0,0,0
4.386553,0,0,0,0
4.467852,0,0,0,0
4.286499,0,0,0,0
4.725303,0,0,0,0
4.687943,0,0,0,0
5.080553,0,0,0,0
3.575738,0,0,0,0
4.780697,0,0,0,0
5.878639,0,0,0,0
5.810540,0,0,0,0
4.825120,0,0,0,0
4.917838,0,0,0,0
5.505601,0,0,0,0
6.089502,0,0,0,0
6.274876,0,0,0,0
6.434529,0,0,0,0
7.966512,0,0,0,0
5.417315,0,0,0,0
7.147463,0,0,0,0
5.112866,0,0,0,0
5.470754,0,0,0,0
6.436449,0,0,0,0
8.353590,0,0,0,0
6.477314,0,0,0,0
6.494596,0,0,0,0
6.529894,0,0,0,0
6.555979,0,0,0,0
7.435600,0,0,0,0
6.957547,0,0,0,0
5.919825,0,0,0,0
6.845913,0,0,0,0
10.369328,0,0,0,0
5.836464,0,0,0,0
9.130173,0,0,0,0
8.517064,0,0,0,0
7.216682,0,0,0,0
6.527600,0,0,0,0
6.033415,0,0,0,0
8.581697,0,0,0,0
6.328297,0,0,0,0
8.710234,0,0,0,0
6.664422,0,0,0,0
5.899876,0,0,0,0
7.082721,0,0,0,0
6.685104,0,0,0,0
9.258582,0,0,0,0
5.450167,0,0,0,0
5.141700,0,0,0,0
6.411719,0,0,0,0
8.956187,0,0,0,0
7.833096,0,0,0,0
9.693671,0,0,0,0
11.216295,0,0,0,0
6.518759,0,0,0,0
5.541702,0,0,0,0
6.393676,0,0,0,0
7.314688,0,0,0,0
7.903579,0,0,0,0
9.053303,0,0,0,0
8.037303,0,0,0,0
6.887624,0,0,0,0
9.067277,0,0,0,0
5.431011,0,0,0,0
8.056598,0,0,0,0
9.260353,0,0,0,0
6.822985,0,0,0,0
7.681835,0,0,0,0
11.814551,0,0,0,0
8.079359,0,0,0,0
7.128655,0,0,0,0
8.223036,0,0,0,0
7.047113,0,0,0,0
5.725429,0,0,0,0
6.030355,0,0,0,0
5.353263,0,0,0,0
4.720418,0,0,0,0
7.055050,0,0,0,0
3.518573,0,0,0,0
5.430321,0,0,0,0
5.913381,0,0,0,0
4.342409,0,0,0,0
3.137514,0,0,0,0
4.139074,0,0,0,0
3.613054,0,0,0,0
3.930770,0,0,0,0
3.066626,0,0,0,0
4.609207,0,0,0,0
4.388158,0,0,0,0
4.083447,0,0,0,0
3.204702,0,0,0,0
5.491585,0,0,0,0
5.213371,0,0,0,0
3.316403,0,0,0,0
3.705549,0,0,0,0
2.783318,0,0,0,0
4.732103,0,0,0,0
3.787128,0,0,0,0
3.242176,0,0,0,0
2.838040,0,0,0,0
4.070441,0,0,0,0
4.503215,0,0,0,0
3.741463,0,0,0,0
3.839491,0,0,0,0
4.890559,0,0,0,0
4.974037,0,0,0,0
4.663840,0,0,0,0
4.770065,0,0,0,0
4.072304,0,0,0,0
4.575718,0,0,0,0
4.008060,0,0,0,0
3.895572,0,0,0,0
4.802759,0,0,0,0
2.950325,0,0,0,0
5.738056,0,0,0,0
4.934711,0,0,0,0
4.493812,0,0,0,0
5.074916,0,0,0,0
4.804523,0,0,0,0
4.101262,0,0,0,0
4.401256,0,0,0,0
4.429691,0,0,0,0
3.699428,0,0,0,0
3.846222,0,0,0,0
4.264362,0,0,0,0
3.968410,0,0,0,0
5.137926,0,0,0,0
6.872725,0,0,0,0
3.611020,0,0,0,0
4.282419,0,0,0,0
6.138932,0,0,0,0
4.450744,0,0,0,0
5.314804,0,0,0,0
4.937495,0,0,0,0
4.649507,0,0,0,0
4.013242,0,0,0,0
3.630602,0,0,0,0
3.076616,0,0,0,0
3.962838,0,0,0,0
5.715851,0,0,0,0
4.574683,0,0,0,0
4.968780,0,0,0,0
4.072338,0,0,0,0
3.474188,0,0,0,0
3.940812,0,0,0,0
3.510077,0,0,0,0
7.605346,0,0,0,0
3.996082,0,0,0,0
5.233106,0,0,0,0
6.511044,0,0,0,0
5.293604,0,0,0,0
4.955641,0,0,0,0
4.772372,0,0,0,0
6.974407,0,0,0,0
6.984710,0,0,0,0
4.421204,0,0,0,0
6.453387,0,0,0,0
5.136139,0,0,0,0
6.526475,0,0,0,0
4.744403,0,0,0,0
5.306009,0,0,0,0
5.563428,0,0,0,0
5.532359,0,0,0,0
5.753355,0,0,0,0
6.494710,0,0,0,0
4.434840,0,0,0,0
3.966263,0,0,0,0
5.671371,0,0,0,0
3.516458,0,0,0,0
5.232812,0,0,0,0
5.281327,0,0,0,0
4.494071,0,0,0,0
4.782364,0,0,0,0
7.800225,0,0,0,0
4.341695,0,0,0,0
7.177213,0,0,0,0
5.574521,0,0,0,0
5.873985,0,0,0,0
6.526861,0,0,0,0
6.600019,0,0,0,0
6.573335,0,0,0,0
7.103877,0,0,0,0
6.182665,0,0,0,0
6.283338,0,0,0,0
6.231010,0,0,0,0
5.695026,0,0,0,0
6.655964,0,0,0,0
8.542114,0,0,0,0
7.090500,0,0,0,0
8.004999,0,0,0,0
8.133603,0,0,0,0
7.280026,0,0,0,0
9.078350,0,0,0,0
8.787744,0,0,0,0
7.311797,0,0,0,0
7.050162,0,0,0,0
9.321616,0,0,0,0
6.601590,0,0,0,0
8.442717,0,0,0,0
11.676279,0,0,0,0
9.476798,0,0,0,0
10.083151,0,0,0,0
10.099937,0,0,0,0
11.250872,0,0,0,0
10.753244,0,0,0,0
9.786942,0,0,0,0
11.732788,0,0,0,0
9.469641,0,0,0,0
9.252459,0,0,0,0
9.671522,0,0,0,0
10.336981,0,0,0,0
11.153879,0,0,0,0
10.931549,0,0,0,0
10.022658,0,0,0,0
7.569643,0,0,0,0
7.600738,0,0,0,0
8.128784,0,0,0,0
7.818599,0,0,0,0
9.236720,0,0,0,0
9.202236,0,0,0,0
7.906981,0,0,0,0
8.260130,0,0,0,0
11.775021,0,0,0,0
8.225467,0,0,0,0
10.751036,0,0,0,0
6.471396,0,0,0,0
7.377466,0,0,0,0
7.904240,0,0,0,0
11.503968,0,0,0,0
7.496645,0,0,0,0
7.687959,0,0,0,0
8.786357,0,0,0,0
7.756911,0,0,0,0
10.531562,0,0,0,0
6.730694,0,0,0,0
6.824041,0,0,0,0
9.418073,0,0,0,0
8.739778,0,0,0,0
8.234134,0,0,0,0
9.377876,0,0,0,0
10.945814,0,0,0,0
7.141277,0,0,0,0
8.852345,0,0,0,0
10.760823,0,0,0,0
10.686301,0,0,0,0
9.517101,0,0,0,0
12.643320,0,0,0,0
11.226658,0,0,0,0
12.550787,0,0,0,0
11.592845,0,0,0,0
9.161198,0,0,0,0
12.088974,0,0,0,0
11.806457,0,0,0,0
10.389867,0,0,0,0
11.267220,0,0,0,0
12.248571,0,0,0,0
12.039562,0,0,0,0
11.092679,0,0,0,0
10.736404,0,0,0,0
11.705614,0,0,0,0
7.857749,0,0,0,0
10.367769,0,0,0,0
9.735606,0,0,0,0
9.546266,0,0,0,0
9.539303,0,0,0,0
10.456519,0,0,0,0
11.245249,0,0,0,0
10.835874,0,0,0,0
9.104628,0,0,0,0
10.523456,0,0,0,0
9.217786,0,0,0,0
8.203189,0,0,0,0
10.600531,0,0,0,0
9.772571,0,0,0,0
10.500111,0,0,0,0
7.826180,0,0,0,0
9.012486,0,0,0,0
11.252900,0,0,0,0
7.598613,0,0,0,0
8.822148,0,0,0,0
7.816216,0,0,0,0
8.018392,0,0,0,0
8.556871,0,0,0,0
13.394845,0,0,0,0
9.768117,0,0,0,0
9.963622,0,0,0,0
9.564040,0,0,0,0
10.196921,0,0,0,0
10.864986,0,0,0,0
11.375308,0,0,0,0
9.302665,0,0,0,0
11.607982,0,0,0,0
8.826377,0,0,0,0
10.646469,0,0,0,0
10.223408,0,0,0,0
10.205748,0,0,0,0
10.094593,0,0,0,0
9.184717,0,0,0,0
8.502866,0,0,0,0
8.991813,0,0,0,0
11.019492,0,0,0,0
9.741781,0,0,0,0
10.432589,0,0,0,0
11.029506,0,0,0,0
13.904494,0,0,0,0
16.760566,0,0,0,0
23.044394,0,0,0,0
20.113506,0,0,0,0
13.748528,0,0,0,0
15.477995,0,0,0,0
18.884607,0,0,0,0
15.880443,0,0,0,0
17.149368,0,0,0,0
18.237227,0,0,0,0
14.520292,0,0,0,0
19.384233,0,0,0,0
16.511755,0,0,0,0
14.161879,0,0,0,0
18.943985,0,0,0,0
15.803057,0,0,0,0
15.451456,0,0,0,0
14.509820,0,0,0,0
13.332368,0,0,0,0
12.714076,0,0,0,0
14.243873,0,0,0,0
18.335387,0,0,0,0
15.940132,0,0,0,0
14.463214,0,0,0,0
15.708502,0,0,0,0
15.830481,0,0,0,0
14.482483,0,0,0,0
13.950677,0,0,0,0
15.354107,0,0,0,0
13.195574,0,0,0,0
13.663972,0,0,0,0
16.007620,0,0,0,0
14.661700,0,0,0,0
16.002739,0,0,0,0
14.602556,0,0,0,0
17.053811,0,0,0,0
18.399993,0,0,0,0
14.368074,0,0,0,0
14.114847,0,0,0,0
12.913061,0,0,0,0
15.457401,0,0,0,0
15.832565,0,0,0,0
14.738535,0,0,0,0
19.663614,0,0,0,0
11.537235,0,0,0,0
17.635627,0,0,0,0
16.466025,0,0,0,0
14.971403,0,0,0,0
14.364830,0,0,0,0
15.359835,0,0,0,0
17.225589,0,0,0,0
17.770911,0,0,0,0
14.528765,0,0,0,0
15.599269,0,0,0,0
17.763959,0,0,0,0
19.491027,0,0,0,0
18.840315,0,0,0,0
18.245167,0,0,0,0
17.695239,0,0,0,0
17.986427,0,0,0,0
23.989026,0,0,0,0
27.411284,0,0,0,0
23.214910,0,0,0,0
16.817832,0,0,0,0
16.362153,0,0,0,0
18.666569,0,0,0,0
20.370351,0,0,0,0
19.531216,0,0,0,0
16.996367,0,0,0,0
18.740204,0,0,0,0
19.842510,0,0,0,0
17.301483,0,0,0,0
17.298357,0,0,0,0
18.674284,0,0,0,0
11.198931,0,0,0,0
14.125000,0,0,0,0
13.380717,0,0,0,0
15.341294,0,0,0,0
11.557419,0,0,0,0
10.398630,0,0,0,0
11.221876,0,0,0,0
18.735926,0,0,0,0
22.200117,0,0,0,0
20.348278,0,0,0,0
19.141127,0,0,0,0
22.089323,0,0,0,0
16.847052,0,0,0,0
21.180726,0,0,0,0
22.000530,0,0,0,0
19.025556,0,0,0,0
19.965146,0,0,0,0
17.386797,0,0,0,0
21.015572,0,0,0,0
29.282803,0,0,0,0
23.070303,0,0,0,0
22.017815,0,0,0,0
23.424461,0,0,0,0
24.053729,0,0,0,0
24.186058,0,0,0,0
24.835713,0,0,0,0
21.233745,0,0,0,0
23.236836,0,0,0,0
20.709257,0,0,0,0
22.703413,0,0,0,0
25.284432,0,0,0,0
25.400233,0,0,0,0
24.429326,0,0,0,0
23.828236,0,0,0,0
20.590472,0,0,0,0
26.920595,0,0,0,0
24.999768,0,0,0,0
23.887270,0,0,0,0
21.320416,0,0,0,0
25.453372,0,0,0,0
26.615118,0,0,0,0
20.271270,0,0,0,0
21.427905,0,0,0,0
21.904649,0,0,0,0
22.501362,0,0,0,0
24.481870,0,0,0,0
22.940823,0,0,0,0
23.209935,0,0,0,0
19.393087,0,0,0,0
20.899002,0,0,0,0
22.966022,0,0,0,0
27.232182,0,0,0,0
24.761682,0,0,0,0
24.964865,0,0,0,0
24.758370,0,0,0,0
27.153290,0,0,0,0
22.061915,0,0,0,0
26.806975,0,0,0,0
24.100595,0,0,0,0
25.147708,0,0,0,0
20.112784,0,0,0,0
22.803568,0,0,0,0
24.905269,0,0,0,0
19.637406,0,0,0,0
25.790826,0,0,0,0
20.007128,0,0,0,0
22.723556,0,0,0,0
19.686795,0,0,0,0
18.983632,0,0,0,0
21.006708,0,0,0,0
22.997503,0,0,0,0
15.624962,0,0,0,0
21.813306,0,0,0,0
21.385739,0,0,0,0
22.789975,0,0,0,0
21.137596,0,0,0,0
24.446228,0,0,0,0
18.222148,0,0,0,0
17.308830,0,0,0,0
18.463383,0,0,0,0
16.179873,0,0,0,0
18.993968,0,0,0,0
17.850362,0,0,0,0
20.772428,0,0,0,0
23.406955,0,0,0,0
20.275015,0,0,0,0
21.335370,0,0,0,0
22.584834,0,0,0,0
21.623042,0,0,0,0
21.408973,0,0,0,0
22.573008,0,0,0,0
21.340690,0,0,0,0
23.997860,0,0,0,0
22.902624,0,0,0,0
22.230255,0,0,0,0
16.859171,0,0,0,0
19.095817,0,0,0,0
24.952335,0,0,0,0
17.697496,0,0,0,0
24.844507,0,0,0,0
18.037685,0,0,0,0
20.055958,0,0,0,0
20.497323,0,0,0,0
18.316263,0,0,0,0
20.547916,0,0,0,0
20.566275,0,0,0,0
19.334074,0,0,0,0
17.823928,0,0,0,0
18.672058,0,0,0,0
19.284210,0,0,0,0
26.562333,0,0,0,0
21.593941,0,0,0,0
24.432677,0,0,0,0
21.154489,0,0,0,0
20.812968,0,0,0,0
25.023649,0,0,0,0
23.556383,0,0,0,0
18.138430,0,0,0,0
19.227985,0,0,0,0
14.497693,0,0,0,0
20.196332,0,0,0,0
16.815536,0,0,0,0
20.614982,0,0,0,0
17.695342,0,0,0,0
13.660766,0,0,0,0
16.321611,0,0,0,0
15.555429,0,0,0,0
17.917370,0,0,0,0
14.638163,0,0,0,0
15.698504,0,0,0,0
16.520577,0,0,0,0
14.086465,0,0,0,0
15.267737,0,0,0,0
16.401170,0,0,0,0
15.176393,0,0,0,0
16.904991,0,0,0,0
8.297053,0,0,0,0
15.365906,0,0,0,0
10.010992,0,0,0,0
8.880610,0,0,0,0
11.747722,0,0,0,0
11.249595,0,0,0,0
13.622267,0,0,0,0
12.210337,0,-674257808,65,-1679229134
15.154815,0,29769,0,1078991156
11.880608,0,-1,-1049378208,108301895
10.526436,0,9,29769,1079215174
