#LBA time[ms],KF opt[#],KF fixed[#],MP[#],Edges[#]
0.014912,3,1,0,780
0.004320,4,1,0,1109
0.448166,5,1,0,1369
0.306692,6,1,0,1737
0.886891,7,1,0,1818
1.024396,8,1,0,1821
0.801642,9,1,0,2263
1.367057,10,1,0,2762
1.466706,0,0,0,0
52.465377,0,0,0,0
1.946968,0,0,0,0
1.909463,0,0,0,0
2.523071,0,0,0,0
2.052537,0,0,0,0
2.369853,0,0,0,0
2.748098,0,0,0,0
2.824770,0,0,0,0
3.002789,0,0,0,0
4.105202,0,0,0,0
3.778350,0,0,0,0
3.988240,0,0,0,0
4.912508,0,0,0,0
5.325569,0,0,0,0
6.087082,0,0,0,0
5.193183,0,0,0,0
5.102558,0,0,0,0
5.208320,0,0,0,0
5.324161,0,0,0,0
4.452790,0,0,0,0
4.710106,0,0,0,0
7.613853,0,0,0,0
6.355213,0,0,0,0
8.410854,0,0,0,0
5.229728,0,0,0,0
7.437627,0,0,0,0
4.789275,0,0,0,0
6.705234,0,0,0,0
7.255449,0,0,0,0
4.704730,3,1,0,1086
7.927169,4,1,0,1378
0.006144,5,1,0,1618
0.005248,6,1,0,1930
0.393220,7,1,0,2304
1.219855,6,3,0,1949
1.576659,3,6,0,852
1.502418,4,6,0,1010
1.372880,0,0,0,0
1.531155,0,0,0,0
1.626644,0,0,0,0
61.056874,0,0,0,0
1.278288,0,0,0,0
1.350193,0,0,0,0
1.607540,0,0,0,0
2.026201,0,0,0,0
2.370589,0,0,0,0
2.617568,0,0,0,0
2.457054,0,0,0,0
2.828771,0,0,0,0
2.667264,0,0,0,0
3.117894,0,0,0,0
3.423753,0,0,0,0
5.020413,0,0,0,0
4.472599,0,0,0,0
4.319893,0,0,0,0
4.468311,0,0,0,0
4.247860,0,0,0,0
3.727086,0,0,0,0
4.104882,0,0,0,0
4.127922,0,0,0,0
4.050642,0,0,0,0
3.997937,0,0,0,0
4.245171,0,0,0,0
3.891695,0,0,0,0
4.750138,0,0,0,0
3.829487,0,0,0,0
3.820463,0,0,0,0
2.894883,0,0,0,0
2.924355,0,0,0,0
4.180467,0,0,0,0
4.544055,0,0,0,0
3.192423,0,0,0,0
4.061202,0,0,0,0
5.656165,0,0,0,0
4.054257,0,0,0,0
3.437034,0,0,0,0
4.442423,0,0,0,0
4.050642,0,0,0,0
4.086738,0,0,0,0
4.727226,0,0,0,0
3.643373,0,0,0,0
4.712570,0,0,0,0
3.479563,0,0,0,0
3.126086,0,0,0,0
4.582264,0,0,0,0
4.713210,0,0,0,0
4.479126,0,0,0,0
4.083602,0,0,0,0
5.663269,0,0,0,0
4.086226,0,0,0,0
4.160243,0,0,0,0
3.368617,0,0,0,0
3.692109,0,0,0,0
5.600068,0,0,0,0
5.583652,0,0,0,0
4.895068,0,0,0,0
5.416642,0,0,0,0
5.006141,0,0,0,0
6.091019,0,0,0,0
4.834235,0,0,0,0
6.417199,0,0,0,0
6.825587,0,0,0,0
5.231456,0,0,0,0
5.224351,0,0,0,0
5.358913,0,0,0,0
5.080062,0,0,0,0
5.955592,0,0,0,0
4.336245,0,0,0,0
6.134731,0,0,0,0
6.568944,0,0,0,0
5.973833,0,0,0,0
4.967197,0,0,0,0
7.614621,0,0,0,0
4.613945,0,0,0,0
4.848540,0,0,0,0
6.365966,0,0,0,0
4.167635,0,0,0,0
7.535868,0,0,0,0
4.994365,0,0,0,0
4.151699,0,0,0,0
7.039797,0,0,0,0
4.506455,0,0,0,0
4.292788,0,0,0,0
4.866204,0,0,0,0
4.991997,0,0,0,0
5.027870,0,0,0,0
4.523064,0,0,0,0
5.991017,0,0,0,0
5.239968,0,0,0,0
5.306721,0,0,0,0
3.908464,0,0,0,0
5.229248,0,0,0,0
5.439075,0,0,0,0
5.586981,0,0,0,0
5.789767,0,0,0,0
4.180435,0,0,0,0
4.736922,0,0,0,0
5.568388,0,0,0,0
6.542640,0,0,0,0
5.678694,0,0,0,0
3.888592,0,0,0,0
5.247488,0,0,0,0
5.433346,0,0,0,0
5.114559,0,0,0,0
5.003069,0,0,0,0
4.198259,0,0,0,0
5.597092,0,0,0,0
5.525348,0,0,0,0
5.651013,0,0,0,0
5.905256,0,0,0,0
6.312270,0,0,0,0
4.764731,0,0,0,0
10.053242,0,0,0,0
6.862228,0,0,0,0
4.968029,0,0,0,0
9.539541,0,0,0,0
6.224812,0,0,0,0
8.049858,0,0,0,0
5.830343,0,0,0,0
8.276773,0,0,0,0
6.690546,0,0,0,0
6.423950,0,0,0,0
6.930292,0,0,0,0
6.617809,0,0,0,0
6.210764,0,0,0,0
8.165347,0,0,0,0
6.400366,0,0,0,0
7.377946,0,0,0,0
7.631005,0,0,0,0
9.315666,0,0,0,0
9.122383,0,0,0,0
8.269861,0,0,0,0
8.725386,0,0,0,0
6.365966,0,0,0,0
9.533716,0,0,0,0
8.773355,0,0,0,0
9.899993,0,0,0,0
9.302514,0,0,0,0
9.116239,0,0,0,0
10.929990,0,0,0,0
9.560245,0,0,0,0
8.144963,0,0,0,0
10.059290,0,0,0,0
8.758859,0,0,0,0
11.549453,0,0,0,0
10.687010,0,0,0,0
8.495048,0,0,0,0
9.773048,0,0,0,0
12.439800,0,0,0,0
9.278962,0,0,0,0
9.781431,0,0,0,0
11.220297,0,0,0,0
9.875001,0,0,0,0
9.239953,0,0,0,0
11.667055,0,0,0,0
11.880113,0,0,0,0
8.784780,0,0,0,0
11.834609,0,0,0,0
10.586562,0,0,0,0
10.707874,0,0,0,0
9.340306,0,0,0,0
11.679439,0,0,0,0
10.737923,0,0,0,0
11.016230,0,0,0,0
14.696819,0,0,0,0
13.041119,0,0,0,0
15.412445,0,0,0,0
12.896189,0,0,0,0
14.002091,0,0,0,0
10.038587,0,0,0,0
12.466520,0,0,0,0
13.155297,0,0,0,0
14.282894,0,0,0,0
14.263630,0,0,0,0
13.739752,0,0,0,0
16.464873,0,0,0,0
15.089241,0,0,0,0
15.054904,0,0,0,0
14.312911,0,0,0,0
17.517366,0,0,0,0
14.972855,0,0,0,0
19.183402,0,0,0,0
19.172682,0,0,0,0
14.519730,0,0,0,0
19.333229,0,0,0,0
15.456221,0,0,0,0
19.660849,0,0,0,0
14.615827,0,0,0,0
18.969864,0,0,0,0
15.340987,0,0,0,0
13.119873,0,0,0,0
15.099737,0,0,0,0
14.737716,0,0,0,0
13.835369,0,0,0,0
11.183049,0,0,0,0
11.527533,0,0,0,0
11.281674,0,0,0,0
10.210301,0,0,0,0
9.401427,0,0,0,0
12.303383,0,0,0,0
12.023443,0,0,0,0
15.830018,0,0,0,0
12.719771,0,0,0,0
16.144582,0,0,0,0
12.455641,0,0,0,0
11.215561,0,0,0,0
13.245602,0,0,0,0
12.042324,0,0,0,0
12.811356,0,0,0,0
14.197677,0,0,0,0
12.221973,0,0,0,0
13.318723,0,0,0,0
18.017340,0,0,0,0
13.496677,0,0,0,0
13.131201,0,0,0,0
13.890249,0,0,0,0
16.108645,0,0,0,0
9.635350,0,0,0,0
12.331702,0,0,0,0
11.627182,0,0,0,0
15.493181,0,0,0,0
17.182130,0,0,0,0
16.070276,0,0,0,0
16.534315,0,0,0,0
16.149829,0,0,0,0
14.804981,0,0,0,0
16.052740,0,0,0,0
16.266182,0,0,0,0
14.486193,0,0,0,0
12.164725,0,0,0,0
14.494449,0,0,0,0
15.240090,0,0,0,0
13.188289,0,0,0,0
13.826313,0,0,0,0
14.429136,0,0,0,0
8.997774,0,0,0,0
13.950154,0,0,0,0
9.947834,0,0,0,0
10.344191,0,0,0,0
13.621991,0,0,0,0
13.076191,0,0,0,0
13.684999,0,0,0,0
9.538900,0,0,0,0
11.268458,0,0,0,0
11.324683,0,0,0,0
14.089676,0,0,0,0
11.435596,0,0,0,0
13.364164,0,0,0,0
12.531225,0,0,0,0
14.810997,0,0,0,0
12.706908,0,0,0,0
10.747332,0,0,0,0
9.917626,0,0,0,0
12.370487,0,0,0,0
14.196366,0,0,0,0
15.483357,0,0,0,0
13.644903,0,0,0,0
12.467128,0,0,0,0
10.970822,0,0,0,0
17.416501,0,0,0,0
12.238806,0,0,0,0
12.027507,0,0,0,0
12.132692,0,0,0,0
13.196257,0,0,0,0
13.484805,0,0,0,0
16.437417,0,0,0,0
14.293391,0,0,0,0
13.615142,0,0,0,0
15.403996,0,0,0,0
19.019113,0,0,0,0
21.356549,0,0,0,0
20.422842,0,0,0,0
19.185387,0,0,0,0
21.552359,0,0,0,0
14.569042,0,0,0,0
19.225387,0,0,0,0
17.860762,0,0,0,0
21.343045,0,0,0,0
15.659551,0,0,0,0
14.074124,0,0,0,0
13.897226,0,0,0,0
13.600614,0,0,0,0
17.587031,0,0,0,0
15.197274,0,0,0,0
18.354464,0,0,0,0
20.210007,0,0,0,0
13.241346,0,0,0,0
16.737581,0,0,0,0
20.018133,0,0,0,0
15.713056,0,0,0,0
20.338905,0,0,0,0
19.267788,0,0,0,0
17.296499,0,0,0,0
12.916382,0,0,0,0
16.366313,0,0,0,0
14.688884,0,0,0,0
19.298796,0,0,0,0
14.135853,0,0,0,0
17.817850,0,0,0,0
17.063472,0,0,0,0
11.361835,0,0,0,0
13.599174,0,0,0,0
18.901511,0,0,0,0
12.954974,0,0,0,0
11.034791,0,0,0,0
11.569901,0,0,0,0
12.326550,0,0,0,0
19.920467,0,0,0,0
20.612540,0,0,0,0
20.591259,0,0,0,0
15.218874,0,0,0,0
21.283684,0,0,0,0
17.033105,0,0,0,0
18.568580,0,0,0,0
18.830311,0,0,0,0
17.984732,0,0,0,0
18.619524,0,0,0,0
20.337752,0,0,0,0
18.651941,0,0,0,0
20.979040,0,0,0,0
20.373849,0,0,0,0
21.721098,0,0,0,0
20.961601,0,0,0,0
14.552338,0,0,0,0
22.828279,0,0,0,0
19.767314,0,0,0,0
23.111579,0,0,0,0
22.359441,0,0,0,0
15.864002,0,0,0,0
17.497398,0,0,0,0
20.483194,0,0,0,0
15.082648,0,0,0,0
20.474075,0,0,0,0
16.781485,0,0,0,0
16.052868,0,0,0,0
23.570912,0,0,0,0
22.736630,0,0,0,0
23.402334,0,0,0,0
18.818534,0,0,0,0
22.540660,0,0,0,0
22.180879,0,0,0,0
20.631708,0,0,0,0
28.675263,0,0,0,0
32.571854,0,0,0,0
23.353406,0,0,0,0
36.123705,0,0,0,0
32.972755,0,0,0,0
35.396145,0,0,0,0
34.610024,0,0,0,0
37.072069,0,0,0,0
33.785853,0,0,0,0
37.104166,0,0,0,0
32.045480,0,0,0,0
33.273911,0,0,0,0
30.160913,0,0,0,0
34.436645,0,0,0,0
33.147318,0,0,0,0
29.437288,0,0,0,0
32.847794,0,0,0,0
32.158025,0,0,0,0
26.581445,0,0,0,0
27.526737,0,0,0,0
26.342018,0,0,0,0
32.951251,0,0,0,0
33.566523,0,0,0,0
31.107485,0,0,0,0
23.180379,0,0,0,0
30.567798,0,0,0,0
32.183817,0,0,0,0
28.930594,0,0,0,0
28.292090,0,0,0,0
30.058960,0,0,0,0
26.430403,0,0,0,0
31.681604,0,0,0,0
29.321671,0,0,0,0
25.978045,0,0,0,0
25.309462,0,0,0,0
30.041839,0,0,0,0
26.490788,0,0,0,0
32.532654,0,0,0,0
26.015743,0,0,0,0
21.375910,0,0,0,0
30.482613,0,0,0,0
26.230497,0,0,0,0
25.373110,0,0,0,0
31.969191,0,0,0,0
34.495494,0,0,0,0
31.168221,0,0,0,0
33.278295,0,0,0,0
30.557557,0,0,0,0
34.163810,0,0,0,0
33.313719,0,0,0,0
33.523162,0,0,0,0
35.282384,0,0,0,0
45.044935,0,0,0,0
40.024361,0,0,0,0
43.441939,0,0,0,0
40.541584,0,0,0,0
39.413570,0,0,0,0
35.609491,0,0,0,0
39.307873,0,0,0,0
38.879228,0,0,0,0
36.547103,0,0,0,0
33.180662,0,0,0,0
36.569280,0,0,0,0
33.738108,0,0,0,0
30.382452,0,0,0,0
37.929904,0,0,0,0
32.888914,0,0,0,0
35.094702,0,0,0,0
34.517030,0,0,0,0
33.430905,0,0,0,0
36.762946,0,0,0,0
33.482682,0,0,0,0
32.810866,0,0,0,0
36.976548,0,0,0,0
31.689668,0,0,0,0
41.950849,0,0,0,0
37.817263,0,0,0,0
41.746975,0,0,0,0
42.600073,0,0,0,0
36.931332,0,0,0,0
38.892732,0,0,0,0
40.617105,0,0,0,0
42.176005,0,0,0,0
39.995497,0,0,0,0
38.669498,0,0,0,0
36.819106,0,0,0,0
38.926237,0,0,0,0
28.799808,0,0,0,0
35.167566,0,0,0,0
23.473535,0,0,0,0
31.034364,0,0,0,0
32.172810,0,0,0,0
26.510148,0,0,0,0
24.456011,0,0,0,0
15.369916,0,0,0,0
28.191801,0,0,0,0
17.014672,65535,65535,1087806951,1080501752
17.538903,14,17,1468219382,-1467848023
20.306840,0,1062633677,1085426013,1080551931
26.483300,1177750048,1195495984,-216393024,1836734174
