#LBA time[ms],KF opt[#],KF fixed[#],MP[#],Edges[#]
0.015872,3,1,0,733
0.004352,4,1,0,959
0.421285,5,1,0,1213
0.717001,6,1,0,1434
0.995468,7,1,0,1666
1.294448,8,1,0,1861
1.999351,9,1,0,2075
2.196763,10,1,0,2289
2.371932,0,0,0,0
63.141648,3,1,0,852
2.965668,4,1,0,1191
0.005760,5,1,0,1514
0.004736,6,1,0,1835
0.561702,7,1,0,1776
0.801545,8,1,0,1905
0.893451,9,1,0,2398
1.263055,10,1,0,2760
1.144525,0,0,0,0
1.394097,0,0,0,0
1.288271,0,0,0,0
63.339155,0,0,0,0
1.510066,0,0,0,0
1.714452,0,0,0,0
1.802710,0,0,0,0
1.960023,0,0,0,0
3.078436,0,0,0,0
2.335260,0,0,0,0
2.634751,0,0,0,0
2.717985,0,0,0,0
3.177126,0,0,0,0
3.236551,0,0,0,0
3.616779,0,0,0,0
4.818458,0,0,0,0
4.992412,0,0,0,0
4.230770,0,0,0,0
4.866938,3,1,0,802
3.922222,4,1,0,1021
4.469589,5,1,0,1263
4.301363,6,1,0,1517
0.005760,7,1,0,1759
0.004672,8,1,0,2004
0.636231,9,1,0,2212
0.917707,10,1,0,2474
1.275408,0,0,0,0
1.500306,3,1,0,855
1.770646,4,1,0,1079
2.272955,5,1,0,1320
2.635072,6,1,0,1573
71.202928,7,1,0,1833
2.376028,8,1,0,2105
0.006208,9,1,0,2319
0.004608,10,1,0,2575
0.607463,0,0,0,0
0.912746,3,1,0,592
1.241839,4,1,0,884
1.573491,5,1,0,1193
1.933591,6,1,0,1517
2.279323,7,1,0,1927
2.469918,8,1,0,2370
50.147990,9,1,0,2730
3.508042,10,1,0,3067
0.006048,0,0,0,0
0.004672,0,0,0,0
0.483878,0,0,0,0
0.810250,0,0,0,0
0.959947,0,0,0,0
1.197390,0,0,0,0
1.234223,0,0,0,0
1.297359,0,0,0,0
1.581683,0,0,0,0
72.228221,0,0,0,0
1.695476,0,0,0,0
1.654771,0,0,0,0
1.765461,0,0,0,0
1.832214,0,0,0,0
2.279739,0,0,0,0
2.815297,0,0,0,0
2.666592,0,0,0,0
2.852898,0,0,0,0
2.773441,0,0,0,0
3.232391,0,0,0,0
3.717933,0,0,0,0
3.711564,0,0,0,0
5.354272,0,0,0,0
3.400296,0,0,0,0
4.277939,0,0,0,0
5.520002,0,0,0,0
4.287668,0,0,0,0
5.729828,0,0,0,0
5.928071,0,0,0,0
5.949830,0,0,0,0
4.622487,0,0,0,0
6.723601,0,0,0,0
5.024252,0,0,0,0
4.039024,0,0,0,0
5.631683,0,0,0,0
3.702220,0,0,0,0
3.659820,0,0,0,0
3.801101,0,0,0,0
5.227870,0,0,0,0
4.359764,0,0,0,0
3.843310,0,0,0,0
6.022759,0,0,0,0
6.838386,0,0,0,0
7.355320,0,0,0,0
6.149130,0,0,0,0
8.361732,0,0,0,0
7.315863,0,0,0,0
5.770276,0,0,0,0
5.327488,0,0,0,0
5.659620,0,0,0,0
4.961819,0,0,0,0
6.639855,0,0,0,0
6.255595,0,0,0,0
6.276362,0,0,0,0
3.653739,0,0,0,0
6.098153,0,0,0,0
6.360044,0,0,0,0
2.519550,0,0,0,0
6.148617,0,0,0,0
4.675672,0,0,0,0
4.775513,0,0,0,0
3.482313,0,0,0,0
4.573239,0,0,0,0
4.354132,0,0,0,0
4.690872,0,0,0,0
4.946075,0,0,0,0
7.114165,0,0,0,0
4.691544,0,0,0,0
3.643788,0,0,0,0
7.467577,0,0,0,0
7.908702,0,0,0,0
3.941615,0,0,0,0
4.123026,0,0,0,0
8.371843,0,0,0,0
8.622983,0,0,0,0
8.147137,0,0,0,0
8.798505,0,0,0,0
11.111109,0,0,0,0
9.905238,0,0,0,0
7.238838,0,0,0,0
13.219645,0,0,0,0
11.993327,0,0,0,0
9.227982,0,0,0,0
9.272431,0,0,0,0
6.785457,0,0,0,0
12.245298,0,0,0,0
10.068920,0,0,0,0
7.997151,0,0,0,0
6.447885,0,0,0,0
9.946774,0,0,0,0
15.827005,0,0,0,0
11.638090,0,0,0,0
10.906914,0,0,0,0
14.882514,0,0,0,0
10.137497,0,0,0,0
11.355496,0,0,0,0
12.703415,0,0,0,0
10.742976,0,0,0,0
15.420632,0,0,0,0
16.644422,0,0,0,0
14.896050,0,0,0,0
12.665303,0,0,0,0
18.692479,0,0,0,0
18.705472,0,0,0,0
18.371740,0,0,0,0
20.165553,0,0,0,0
14.908530,0,0,0,0
22.288266,0,0,0,0
18.083703,0,0,0,0
16.579494,0,0,0,0
11.937582,0,0,0,0
17.362223,0,0,0,0
15.829277,0,0,0,0
15.274038,0,0,0,0
11.470697,0,0,0,0
11.554218,0,0,0,0
15.527930,0,0,0,0
17.377424,0,0,0,0
19.162405,0,0,0,0
17.066796,0,0,0,0
12.880666,0,0,0,0
18.906369,0,0,0,0
17.498065,0,0,0,0
14.514445,0,0,0,0
16.758535,0,0,0,0
17.684307,0,0,0,0
17.001739,0,0,0,0
22.513132,0,0,0,0
26.148824,0,0,0,0
20.417139,0,0,0,0
24.077183,0,0,0,0
24.884969,0,0,0,0
19.233221,0,0,0,0
23.496792,0,0,0,0
21.625794,0,0,0,0
23.870685,0,0,0,0
23.606330,0,0,0,0
22.594445,0,0,0,0
24.221089,0,0,0,0
23.782331,0,0,0,0
27.475687,0,0,0,0
26.570269,0,0,0,0
29.626689,0,0,0,0
27.567785,0,0,0,0
20.704087,0,0,0,0
19.990031,0,0,0,0
17.837492,0,0,0,0
19.237349,0,0,0,0
18.257562,0,0,0,0
15.508857,0,0,0,0
16.251970,0,0,0,0
19.339462,0,0,0,0
23.034515,0,0,0,0
19.340103,0,0,0,0
13.147325,0,0,0,0
11.137252,0,0,0,0
16.032543,0,0,0,0
14.676399,0,0,0,0
11.585034,0,0,0,0
19.167781,0,0,0,0
19.341030,0,0,0,0
13.554818,0,0,0,0
15.593434,0,0,0,0
19.545673,0,0,0,0
18.951746,0,0,0,0
15.420952,0,0,0,0
16.621287,0,0,0,0
18.803201,0,0,0,0
20.726040,0,0,0,0
21.566337,0,0,0,0
23.778460,0,0,0,0
21.607618,0,0,0,0
22.980914,0,0,0,0
22.111783,0,0,0,0
25.256941,0,0,0,0
23.595481,0,0,0,0
21.929669,0,0,0,0
20.531125,0,0,0,0
17.240174,0,0,0,0
18.403036,0,0,0,0
13.476673,0,0,0,0
11.932110,0,0,0,0
11.569034,0,0,0,0
9.303182,0,0,0,0
13.674819,0,0,0,0
11.668876,0,0,0,0
14.159497,0,0,0,0
12.040560,0,0,0,0
11.658699,0,0,0,0
9.937527,0,0,0,0
17.333551,0,0,0,0
15.957246,0,0,0,0
13.454849,0,0,0,0
14.553038,0,0,0,0
11.493897,0,0,0,0
17.212750,0,0,0,0
15.435064,0,0,0,0
12.715736,0,0,0,0
17.288782,0,0,0,0
14.967986,0,0,0,0
18.254649,0,0,0,0
19.022499,0,0,0,0
19.008611,0,0,0,0
16.386467,0,0,0,0
16.382819,0,0,0,0
14.311659,0,0,0,0
15.235958,0,0,0,0
15.537433,0,0,0,0
17.797492,0,0,0,0
18.016087,0,0,0,0
17.099916,0,0,0,0
18.388764,0,0,0,0
15.766524,0,0,0,0
13.829989,0,0,0,0
14.580142,0,0,0,0
16.011679,0,0,0,0
14.545358,0,0,0,0
17.270286,0,0,0,0
15.226037,0,0,0,0
15.322038,0,0,0,0
15.235510,0,0,0,0
13.489889,0,0,0,0
12.899289,0,0,0,0
14.794544,0,0,0,0
10.851617,0,0,0,0
9.666515,0,0,0,0
12.743000,0,0,0,0
16.068288,0,0,0,0
9.111629,0,0,0,0
9.978871,0,0,0,0
11.411336,0,0,0,0
10.224442,0,0,0,0
11.977135,0,0,0,0
13.040188,0,0,0,0
15.814365,0,0,0,0
11.547946,0,0,0,0
18.219257,0,0,0,0
16.136704,0,0,0,0
16.108064,0,0,0,0
13.802213,0,0,0,0
12.220274,0,0,0,0
14.690671,0,0,0,0
15.776189,0,0,0,0
16.878857,0,0,0,0
16.785257,0,0,0,0
17.628818,0,0,0,0
17.111020,0,0,0,0
14.616495,0,0,0,0
15.327703,0,0,0,0
19.615242,0,0,0,0
13.701796,0,0,0,0
13.430816,0,0,0,0
13.126556,0,0,0,0
23.606841,0,0,0,0
16.608166,0,0,0,0
23.162901,0,0,0,0
22.304362,0,0,0,0
18.730335,0,0,0,0
14.234442,0,0,0,0
21.496608,0,0,0,0
18.749408,0,0,0,0
20.441748,0,0,0,0
19.025380,0,0,0,0
14.953747,0,0,0,0
15.752284,0,0,0,0
15.693947,0,0,0,0
21.288958,0,0,0,0
21.017659,0,0,0,0
19.398087,0,0,0,0
18.364795,0,0,0,0
18.084759,0,0,0,0
21.634274,0,0,0,0
21.117340,0,0,0,0
24.699527,0,0,0,0
26.052087,0,0,0,0
25.691571,0,0,0,0
26.723807,0,0,0,0
25.993270,0,0,0,0
23.966142,0,0,0,0
26.440828,0,0,0,0
17.089196,0,0,0,0
23.252758,0,0,0,0
27.814476,0,0,0,0
34.469628,0,0,0,0
30.525004,0,0,0,0
30.014054,0,0,0,0
31.431063,0,0,0,0
37.583393,0,0,0,0
22.746447,0,0,0,0
22.913393,0,0,0,0
24.018111,0,0,0,0
21.906694,0,0,0,0
18.065655,0,0,0,0
18.874977,0,0,0,0
17.321743,0,0,0,0
19.919918,0,0,0,0
29.600257,0,0,0,0
21.486304,0,0,0,0
26.931905,0,0,0,0
30.726415,0,0,0,0
19.264102,0,0,0,0
18.710463,0,0,0,0
17.713748,0,0,0,0
26.144728,0,0,0,0
25.898133,0,0,0,0
28.241585,0,0,0,0
33.918485,0,0,0,0
29.369758,0,0,0,0
29.734818,0,0,0,0
29.942406,0,0,0,0
22.814865,0,0,0,0
25.323439,0,0,0,0
25.176972,0,0,0,0
27.894445,0,0,0,0
31.439704,0,0,0,0
26.540605,0,0,0,0
19.256166,0,0,0,0
29.403455,0,0,0,0
22.055143,0,0,0,0
25.054443,0,0,0,0
24.648710,0,0,0,0
24.432771,0,0,0,0
23.899837,0,0,0,0
30.564973,0,0,0,0
27.268869,0,0,0,0
31.929277,0,0,0,0
27.934382,0,0,0,0
34.379802,0,0,0,0
39.160436,0,0,0,0
26.125880,0,0,0,0
29.186557,0,0,0,0
19.983951,0,0,0,0
27.884813,0,0,0,0
43.793675,0,0,0,0
25.691059,0,0,0,0
24.585669,0,0,0,0
26.064311,0,0,0,0
18.629982,0,0,0,0
23.643354,0,0,0,0
30.085319,0,0,0,0
30.902161,0,0,0,0
27.558313,0,0,0,0
27.351430,0,0,0,0
27.220357,0,0,0,0
22.071592,0,0,0,0
17.685651,0,0,0,0
26.493564,0,0,0,0
25.682131,0,0,0,0
24.107040,0,0,0,0
25.880245,0,0,0,0
31.099091,0,0,0,0
27.378726,0,0,0,0
31.299285,0,0,0,0
26.980130,0,0,0,0
19.585674,0,0,0,0
26.428604,0,0,0,0
35.108995,0,0,0,0
22.003559,0,0,0,0
26.511644,0,0,0,0
27.821452,0,0,0,0
21.107740,0,0,0,0
31.482040,0,0,0,0
21.356383,0,0,0,0
26.119672,0,0,0,0
29.947237,0,0,0,0
23.503640,0,0,0,0
17.635059,0,0,0,0
17.848661,0,0,0,0
19.732844,0,0,0,0
17.097325,0,0,0,0
11.532938,0,0,0,0
20.278482,0,0,0,0
25.687314,0,0,0,0
20.024207,0,0,0,0
19.288166,0,0,0,0
14.489293,0,0,0,0
17.569778,0,0,0,0
18.354715,0,0,0,0
13.754532,0,0,0,0
16.066944,0,0,0,0
13.111133,65535,1093829065,1087610015,1080439358
15.999935,846769520,496917116,-104688109,959598773
10.052184,65535,1079980275,-1072387438,1080506293
14.390603,704,859848661,320184520,1269935930
15.998495,0,-1053698297,-1059135383,1079458900
10.061241,68,958230105,-1046472582,-1170705006
10.710112,0,-1069120300,1073782635,1080428234
8.786921,-846568300,-210939213,1319845582,-1599239663
11.728012,65520,-1066080975,1077066385,1080467817
5.827494,846807504,-1781401081,-1284203871,650086250
