1403638539227829504.000000 2.191508532 0.471109271 -1.587987542 -0.590279639 -0.568826377 -0.409225851 0.400675446
1403638539477829376.000000 2.190936804 0.495510936 -1.526983500 -0.590224385 -0.571470320 -0.406950384 0.399309635
1403638539727829504.000000 2.191105127 0.521015525 -1.456717134 -0.589679718 -0.574675858 -0.403964281 0.398545414
1403638539977829376.000000 2.188759327 0.553428948 -1.433224082 -0.593655467 -0.581778288 -0.394520223 0.391740948
1403638542327829504.000000 1.448793769 1.571748137 -1.161577582 -0.376836061 -0.735979617 -0.260350317 0.498544186
1403638543127829504.000000 0.848247945 1.749645948 -1.029321313 -0.331108898 -0.754783452 -0.231453240 0.516815424
1403638543527829504.000000 0.517369509 1.771116972 -0.969813883 -0.327214897 -0.757777750 -0.225470781 0.517557919
1403638543677829376.000000 0.388646483 1.777293205 -0.963448048 -0.303695440 -0.768399596 -0.215179041 0.520604670
1403638545177829376.000000 -1.042277217 1.854648232 -0.762997329 -0.207429409 -0.795624197 -0.140219525 0.551628172
1403638545627829504.000000 -1.454116940 1.888948083 -0.817148328 -0.192692697 -0.798394620 -0.128053322 0.555911660
1403638545877829376.000000 -1.680359364 1.902339339 -0.811738610 -0.146598473 -0.810395718 -0.098399445 0.558645904
1403638546327829504.000000 -2.083899498 1.920048237 -0.757158935 -0.074367382 -0.822602749 -0.056264184 0.560917675
1403638546777829376.000000 -2.508351803 1.923295379 -0.755609095 -0.053848006 -0.824654520 -0.040598296 0.561602354
1403638546877829376.000000 -2.607652903 1.921215057 -0.736876428 -0.047940798 -0.825415492 -0.039611511 0.561090052
1403638547227829504.000000 -2.963242292 1.899576902 -0.700814903 -0.033915501 -0.827406645 -0.047785394 0.558537781
1403638548627829504.000000 -4.577866077 1.502340198 -0.771919429 0.020062868 -0.828788400 0.009370399 0.559123993
1403638549077829376.000000 -5.164591312 1.319902658 -0.692344368 0.034017466 -0.828587294 0.021112883 0.558426619
1403638549227829504.000000 -5.360510826 1.257571697 -0.640238345 0.032877132 -0.827867091 0.022330198 0.559514642
1403638549527829504.000000 -5.764350891 1.132992744 -0.521387577 0.026327241 -0.826446891 0.027302008 0.561735809
1403638549977829376.000000 -6.375212669 0.962996066 -0.371599585 0.023759142 -0.826281428 0.026701948 0.562122405
1403638550277829376.000000 -6.802810192 0.864499569 -0.201837599 0.023989467 -0.827010870 0.028252177 0.560962915
1403638550477829376.000000 -7.089150906 0.806495190 -0.075809002 0.023563940 -0.826169193 0.030452637 0.562104762
1403638550927829504.000000 -7.728090286 0.714918971 0.130257085 0.018164366 -0.811079741 0.037411813 0.583455265
1403638551227829504.000000 -8.109756470 0.693088233 0.233868361 0.014299737 -0.803173304 0.043938730 0.593950808
1403638551377829376.000000 -8.273303032 0.700126171 0.295004606 0.005387397 -0.807442546 0.042527653 0.588386834
1403638554327829504.000000 -8.910946846 2.933521509 0.955548584 -0.084872469 -0.810240865 -0.060852546 0.576717854
1403638556327829504.000000 -7.455122948 4.401717186 1.168712139 -0.137204051 -0.817696750 -0.077449903 0.553668439
1403638558877829376.000000 -6.720094204 7.090768814 1.598721504 -0.148809046 -0.824107587 -0.070475943 0.541973889
1403638561827829504.000000 -7.205200195 9.854196548 1.255869269 -0.400354385 -0.707052290 -0.280276448 0.511115134
1403638563227829504.000000 -6.484767914 10.315906525 1.184229493 -0.578728676 -0.565985143 -0.383401543 0.444676489
1403638563677829376.000000 -6.114331722 10.323882103 1.104368567 -0.587079287 -0.544075549 -0.406001121 0.441002041
1403638563927829504.000000 -5.864604473 10.267483711 1.101124644 -0.587800920 -0.546203494 -0.398174167 0.444532633
1403638564177829376.000000 -5.580471516 10.177008629 1.110731721 -0.581737339 -0.551316619 -0.393356442 0.450446963
1403638566927829504.000000 -0.997361422 7.440940857 0.040811755 -0.587228954 -0.603375316 -0.371205598 0.391544282
1403638567177829376.000000 -0.620296776 7.188975334 -0.173373252 -0.571142972 -0.592167020 -0.391286731 0.412345320
1403638567477829376.000000 -0.196861356 6.913664818 -0.452666163 -0.563293874 -0.586057007 -0.406183690 0.417435169
1403638567827829504.000000 0.249233842 6.591510296 -0.713597298 -0.573661983 -0.592997313 -0.399931371 0.399150342
1403638569477829376.000000 1.467551231 5.739953518 -1.197602987 -0.574945331 -0.599213421 -0.404123306 0.383491129
1403638572227829504.000000 2.504256964 5.130358219 -1.702715755 -0.755866528 -0.328339875 -0.500083327 0.266036779
1403638573127829504.000000 3.553164244 4.594102859 -1.668476701 -0.787388563 -0.288916409 -0.511452615 0.186983779
1403638573577829376.000000 4.148641586 4.468108654 -1.622048736 -0.787007928 -0.292767614 -0.510906160 0.184066981
1403638573727829504.000000 4.357359409 4.455097198 -1.580658913 -0.788007557 -0.290638596 -0.512646973 0.178231090
1403638574177829376.000000 4.985480309 4.477649689 -1.484485626 -0.789343119 -0.193044335 -0.558467031 0.166690841
1403638574327829504.000000 5.183539867 4.477868080 -1.476581097 -0.795836926 -0.152027622 -0.565998077 0.152240664
1403638574577829376.000000 5.499022961 4.445801735 -1.475085974 -0.807555199 -0.102730654 -0.569938540 0.111674204
1403638574927829504.000000 5.916390896 4.362905025 -1.422223330 -0.817197919 -0.089673072 -0.564782798 0.071879230
1403638575377829376.000000 6.438499451 4.244718552 -1.410757899 -0.824443758 -0.081784673 -0.552846134 0.089246050
1403638575677829376.000000 6.808960438 4.142373562 -1.433554530 -0.828795373 -0.100535072 -0.544795692 0.078668654
1403638576127829504.000000 7.429166317 4.012856483 -1.344005823 -0.830871165 -0.113687329 -0.540099919 0.070855059
1403638576427829504.000000 7.882110596 3.968107700 -1.252513766 -0.827073932 -0.120090105 -0.545756400 0.060637571
1403638576777829376.000000 8.433165550 3.982114315 -1.200828791 -0.822114587 -0.130518451 -0.552326977 0.045028035
1403638576927829504.000000 8.669073105 4.017467022 -1.195909977 -0.815672040 -0.125158921 -0.562351108 0.052685317
1403638577327829504.000000 9.271926880 4.163271904 -1.170100808 -0.813894570 -0.116210476 -0.565621734 0.064365000
1403638577477829376.000000 9.488070488 4.231336594 -1.133749723 -0.812787533 -0.124277510 -0.566650808 0.053276181
1403638577927829504.000000 10.105229378 4.495545387 -1.082809210 -0.815678656 -0.120141990 -0.562382936 0.062926881
1403638578077829376.000000 10.301538467 4.600436687 -1.075256348 -0.814612329 -0.120462708 -0.563658178 0.064691760
1403638578527829504.000000 10.880049706 4.934972763 -1.008254766 -0.815205336 -0.105547607 -0.562845945 0.086628005
1403638578677829376.000000 11.066886902 5.036347866 -1.002932906 -0.814165413 -0.105936386 -0.564608097 0.084438950
1403638579127829504.000000 11.604740143 5.338108540 -1.002537489 -0.811207712 -0.119020976 -0.568468571 0.067968309
1403638579477829376.000000 11.993021965 5.597887993 -0.936913192 -0.812058508 -0.107244715 -0.567013264 0.086922720
1403638579777829376.000000 12.303688049 5.811693192 -0.912500381 -0.793137550 -0.136557251 -0.583836317 0.106865361
1403638579977829376.000000 12.484996796 5.951179981 -0.924120009 -0.786355078 -0.197204143 -0.570115268 0.133135140
1403638580427829504.000000 12.788394928 6.248823166 -1.006152630 -0.728855073 -0.342775404 -0.535913050 0.253125668
1403638583377829376.000000 13.349677086 7.056381226 -0.524387598 -0.710815668 -0.409399122 -0.500969231 0.275977165
1403638586327829504.000000 11.592935562 7.201954365 -0.059685163 -0.709220648 -0.405208588 -0.503635049 0.281360656
1403638589077829376.000000 9.209598541 7.172204971 -0.271262079 -0.708053648 -0.400840104 -0.506601810 0.285205156
1403638590927829504.000000 7.488331318 6.903995037 -0.426062495 -0.716720164 -0.400065780 -0.497628599 0.280402124
1403638591927829504.000000 6.827062607 6.919843197 -0.469608933 -0.734978139 -0.404487163 -0.472296268 0.270431995
1403638594027829504.000000 6.805732727 7.900910378 0.231881455 -0.657269001 -0.458407760 -0.490799904 0.342016578
1403638594527829504.000000 6.767497063 8.053340912 0.415157020 -0.649157643 -0.478777051 -0.484313399 0.338832647
1403638594877829376.000000 6.696111202 8.107477188 0.569726288 -0.655953348 -0.474527836 -0.474527121 0.345503479
1403638595377829376.000000 6.580756664 8.127790451 0.656608939 -0.661664248 -0.474294990 -0.469932884 0.341185838
1403638596227829504.000000 6.356341362 8.083134651 0.618335307 -0.647452831 -0.494588912 -0.489218652 0.311210215
1403638597377829376.000000 4.964477062 8.189839363 0.844143331 -0.621190846 -0.508533955 -0.523193002 0.285979301
1403638597527829504.000000 4.631054401 8.226436615 0.854123056 -0.626085222 -0.496334702 -0.518938601 0.303927600
1403638597827829504.000000 3.905355215 8.284121513 0.841701329 -0.623702407 -0.496675521 -0.518007159 0.309802026
1403638597977829376.000000 3.515182734 8.303307533 0.820825219 -0.614474118 -0.509222031 -0.518998861 0.306193858
1403638598277829376.000000 2.667224169 8.325091362 0.807379603 -0.627865613 -0.502058089 -0.487611026 0.340526164
1403638598427829504.000000 2.231768370 8.325469017 0.800542295 -0.634725928 -0.499627501 -0.475821495 0.347978860
1403638598577829376.000000 1.799346805 8.320050240 0.779690802 -0.635772049 -0.503213644 -0.468897849 0.350292414
1403638598727829504.000000 1.372045159 8.311434746 0.746778846 -0.627822936 -0.515083611 -0.462572962 0.355743498
1403638599027829504.000000 0.532936931 8.284502983 0.708249807 -0.599317908 -0.548660040 -0.442578822 0.379360408
1403638599177829376.000000 0.118713513 8.265274048 0.708055079 -0.580729544 -0.568015397 -0.431417972 0.392416090
1403638599327829504.000000 -0.292888969 8.240623474 0.720086157 -0.562533557 -0.589004636 -0.416907758 0.403506547
1403638599477829376.000000 -0.700017273 8.211181641 0.746631265 -0.549268484 -0.606786311 -0.403183073 0.409338564
1403638599627829504.000000 -1.101803660 8.181882858 0.770163655 -0.543320417 -0.616080344 -0.394496173 0.411850393
1403638599927829504.000000 -1.887944579 8.129113197 0.768013656 -0.546535492 -0.617421806 -0.386792034 0.412893623
1403638600677829376.000000 -3.621062279 8.136734962 0.674535871 -0.590799749 -0.589905322 -0.341808856 0.431432724
1403638600827829504.000000 -3.883100986 8.176721573 0.691744566 -0.591866016 -0.596971095 -0.339565188 0.421918929
1403638600977829376.000000 -4.118445396 8.233294487 0.714236617 -0.580506980 -0.612401187 -0.354111761 0.403213680
1403638601127829504.000000 -4.341176510 8.307826996 0.725615263 -0.572133124 -0.619025946 -0.364328563 0.395898104
1403638601277829376.000000 -4.558242321 8.398818016 0.728096366 -0.559055269 -0.621820390 -0.381642073 0.393885761
1403638601577829376.000000 -5.003043175 8.612140656 0.741396189 -0.532425880 -0.626470506 -0.376189053 0.427245915
1403638601727829504.000000 -5.227177143 8.721215248 0.766643763 -0.506332219 -0.645227671 -0.364705622 0.440793425
1403638601877829376.000000 -5.453822136 8.824656487 0.807802737 -0.470101416 -0.668696225 -0.351991355 0.456017703
1403638602677829376.000000 -6.670765400 9.201587677 1.001548171 -0.333739817 -0.682890415 -0.268865794 0.591599286
1403638602977829376.000000 -6.969617844 9.161732674 1.139787436 -0.288883805 -0.714091182 -0.219361171 0.598749340
1403638603777829376.000000 -7.194570541 8.791407585 1.289802790 -0.227254346 -0.766828656 -0.174314871 0.574407220
1403638604077829376.000000 -7.176777840 8.610727310 1.241673946 -0.206697181 -0.760703743 -0.202946380 0.580877662
1403638604377829376.000000 -7.127455235 8.341444016 1.213052273 -0.218640611 -0.764918149 -0.185196951 0.576887071
1403638604777829376.000000 -7.014847279 7.900994301 1.224886775 -0.232239991 -0.777139485 -0.167703241 0.560351968
1403638605827829504.000000 -6.784399033 6.827296257 1.314388275 -0.206820890 -0.788773835 -0.201861173 0.542506337
1403638606277829376.000000 -6.832479477 6.255389214 1.379031062 -0.202743083 -0.792444706 -0.213046208 0.534357607
1403638606727829504.000000 -6.987406254 5.578714848 1.313500524 -0.231098354 -0.809277833 -0.159416318 0.515993714
1403638606877829376.000000 -7.068336010 5.364029884 1.271237016 -0.215143487 -0.817718625 -0.142204389 0.514613986
1403638607277829376.000000 -7.375340462 4.864449501 1.227692485 -0.158403292 -0.816568196 -0.096992649 0.546550333
1403638607627829504.000000 -7.678482533 4.504278660 1.156297207 -0.147404596 -0.808558762 -0.083005063 0.563573182
1403638607827829504.000000 -7.841576576 4.325276852 1.088672519 -0.145953536 -0.807319701 -0.086035483 0.565270305
1403638609027829504.000000 -8.569595337 3.531977415 0.407930255 -0.153046921 -0.799524307 -0.091208301 0.573601425
1403638609477829376.000000 -8.676335335 3.315337181 0.216424942 -0.157082900 -0.798177898 -0.086255789 0.575149477
1403638609877829376.000000 -8.715007782 3.178575277 -0.026313452 -0.153421715 -0.800267220 -0.092007644 0.572336197
1403638610277829376.000000 -8.711066246 3.080461979 -0.194810301 -0.153288469 -0.790845394 -0.093250431 0.585124373
1403638610627829504.000000 -8.648407936 3.014634848 -0.380967498 -0.149825215 -0.779103816 -0.098420516 0.600718796
1403638610827829504.000000 -8.569543839 2.975555658 -0.490546882 -0.152574703 -0.787437499 -0.092462122 0.590011895
1403638611127829504.000000 -8.414292336 2.929263830 -0.612515450 -0.152195886 -0.786781669 -0.088838935 0.591539323
1403638611527829504.000000 -8.132024765 2.884368896 -0.772035897 -0.133325934 -0.792077601 -0.115153082 0.584445894
1403638611927829504.000000 -7.798742294 2.795001268 -0.881609082 -0.150310919 -0.799086869 -0.096363597 0.574091434
1403638612177829376.000000 -7.584430695 2.737435818 -0.960778654 -0.155582085 -0.800637305 -0.091244034 0.571356773
1403638612527829504.000000 -7.287106514 2.683258533 -1.014071584 -0.154053047 -0.798410118 -0.097987987 0.573765814
1403638612777829376.000000 -7.070160389 2.651000738 -1.086178780 -0.149606213 -0.797317326 -0.111757517 0.573945284
1403638613027829504.000000 -6.849083900 2.605027437 -1.160771847 -0.154096842 -0.795373023 -0.111884035 0.575428367
1403638613377829376.000000 -6.536482334 2.519084692 -1.190208793 -0.156758279 -0.797686636 -0.110467792 0.571768939
1403638613877829376.000000 -6.084660053 2.378964424 -1.260411382 -0.179193363 -0.781157911 -0.117957167 0.586317480
1403638614277829376.000000 -5.658886433 2.261894941 -1.392644763 -0.237630650 -0.773591101 -0.160254538 0.565160990
1403638614427829504.000000 -5.491549492 2.213949442 -1.424247026 -0.254616171 -0.770796716 -0.168738723 0.559079885
1403638614627829504.000000 -5.265109539 2.149858475 -1.437862754 -0.273975581 -0.765194058 -0.174531534 0.555836618
1403638615027829504.000000 -4.790484905 2.059079885 -1.372076988 -0.350548446 -0.745889843 -0.196587980 0.531147182
1403638615377829376.000000 -4.343258381 2.047267675 -1.254488230 -0.417871714 -0.701897562 -0.278066456 0.505373359
1403638615527829504.000000 -4.152499199 2.047511578 -1.216908336 -0.449827462 -0.679698467 -0.305951416 0.491995066
1403638615677829376.000000 -3.965516567 2.045815468 -1.189526200 -0.473633826 -0.662537575 -0.324556202 0.481017917
1403638615827829504.000000 -3.782712221 2.041069031 -1.153049946 -0.487979233 -0.652047396 -0.333789051 0.474653006
1403638616027829504.000000 -3.538610458 2.029039860 -1.097902060 -0.507773697 -0.637443066 -0.344081312 0.466304868
1403638616227829504.000000 -3.293251276 2.011740208 -1.078406334 -0.530631185 -0.619507909 -0.358811736 0.453756243
1403638616427829504.000000 -3.044450760 1.991119862 -1.121326566 -0.559459984 -0.595068932 -0.377205998 0.436592698
1403638616777829376.000000 -2.613132954 1.951846361 -1.250522494 -0.600026608 -0.578490138 -0.373182237 0.407495201
1403638617327829504.000000 -1.908760071 2.008941174 -1.373061538 -0.590982854 -0.588907659 -0.382815510 0.396710724
1403638617677829376.000000 -1.478037834 2.130171537 -1.328719497 -0.585336030 -0.600427270 -0.379519761 0.390939504
1403638617977829376.000000 -1.142644286 2.293618679 -1.218338490 -0.578878760 -0.602953076 -0.381780952 0.394449443
1403638618427829504.000000 -0.697304308 2.607543468 -1.099338174 -0.574637175 -0.605500340 -0.380833954 0.397651821
1403638618677829376.000000 -0.478125155 2.812642097 -1.058227897 -0.575128675 -0.603651822 -0.385042787 0.395693719
1403638619127829504.000000 -0.133393258 3.226814508 -0.963789701 -0.594254315 -0.569284379 -0.417028248 0.385829717
1403638619527829504.000000 0.127534419 3.595391750 -0.982685268 -0.648287117 -0.498004884 -0.455454320 0.352528483
1403638622327829504.000000 1.935861468 4.786718845 -1.333267927 -0.647151411 -0.476803780 -0.474742562 0.358430922
1403638623227829504.000000 2.147215843 4.464511395 -1.269440055 -0.648378074 -0.471724898 -0.478874654 0.357436210
1403638623727829504.000000 2.170334101 4.086887360 -1.262356043 -0.654087126 -0.476102054 -0.472627968 0.349456340
1403638624227829504.000000 2.167438745 3.633233309 -1.209325790 -0.661993206 -0.473669052 -0.467140824 0.345227718
1403638624727829504.000000 2.160012484 3.151476622 -1.252614141 -0.655370176 -0.464283884 -0.477297485 0.356535375
1403638625177829376.000000 2.143601656 2.663034201 -1.251464725 -0.653262734 -0.485936254 -0.456174821 0.359191388
1403638625577829376.000000 2.139019251 2.226566553 -1.253651142 -0.651186407 -0.489062488 -0.453881621 0.361615241
1403638625977829376.000000 2.157570362 1.804516315 -1.210071206 -0.658543050 -0.494777143 -0.445017695 0.351391345
1403638626227829504.000000 2.182825804 1.559930682 -1.217939734 -0.660764456 -0.494366616 -0.443232089 0.350053370
1403638626627829504.000000 2.231601000 1.199663520 -1.275549769 -0.653890908 -0.499826849 -0.452943087 0.342698783
1403638626977829376.000000 2.260526896 0.931858301 -1.297376871 -0.660513759 -0.505041718 -0.441976309 0.336617768
1403638627377829376.000000 2.291682959 0.705751061 -1.312618852 -0.657469332 -0.507219851 -0.444304854 0.336237103
1403638627827829504.000000 2.318608284 0.537778616 -1.372765183 -0.651568651 -0.504057586 -0.454196304 0.339249164
1403638628227829504.000000 2.314933300 0.438490331 -1.428316236 -0.654950559 -0.506176651 -0.451922804 0.332552046
1403638628627829504.000000 2.283562183 0.394032896 -1.446541667 -0.657028079 -0.487550080 -0.450630665 0.357128739
1403638629027829504.000000 2.269986391 0.355936438 -1.474987030 -0.653841972 -0.493220568 -0.456263691 0.347918957
1403638629277829376.000000 2.264374733 0.334001392 -1.489002705 -0.651851594 -0.498035312 -0.458272427 0.342106253
1403638629477829376.000000 2.252346992 0.320461035 -1.492081761 -0.658331037 -0.502378583 -0.450123429 0.334073335
1403638629977829376.000000 2.231270313 0.338293791 -1.496720791 -0.655569255 -0.482457519 -0.456688136 0.359026104
1403638630427829504.000000 2.233168364 0.344316512 -1.592734814 -0.662081480 -0.495887429 -0.444700360 0.343490124
1403638630627829504.000000 2.227900982 0.364722490 -1.590723038 -0.649959862 -0.493005723 -0.462054342 0.347855389
1403638630777829376.000000 2.231314898 0.366481364 -1.605263233 -0.661898077 -0.517449677 -0.436071903 0.322456539
1403638631277829376.000000 2.225351572 0.334156215 -1.604281902 -0.661771238 -0.515821576 -0.434741497 0.327088535
