1403636859051666432.000000 -0.367023259 -0.324168652 1.900098205 -0.607776761 -0.538329422 -0.409624100 0.415953130
1403636862001666560.000000 -0.291693866 -0.332634509 2.066295624 -0.638666928 -0.542988122 -0.403752029 0.366405308
1403636864551666432.000000 -0.291119546 -0.329719514 2.334863186 -0.642777383 -0.522540510 -0.422545701 0.367755055
1403636866201666560.000000 -0.303253412 -0.317114323 2.370232105 -0.623602569 -0.502464175 -0.450525820 0.394558072
1403636868851666432.000000 -0.354335487 -0.453120947 2.108251095 -0.727222681 -0.587119818 -0.262034744 0.240365133
1403636871751666432.000000 -0.061056316 -0.414443791 2.094849348 -0.752999604 -0.545323968 -0.279267013 0.240048736
1403636873351666432.000000 -0.153511956 -0.383766592 2.076904535 -0.741880834 -0.560247064 -0.270269185 0.250381052
1403636876101666560.000000 -0.319249213 -0.599797130 2.038076878 -0.834090531 -0.397798836 -0.314278007 0.217436045
1403636876251666432.000000 -0.249897242 -0.629815400 2.043699741 -0.844582856 -0.368736386 -0.332069159 0.201105386
1403636876451666432.000000 -0.135038063 -0.622354448 2.041317701 -0.857111692 -0.348021001 -0.334601253 0.179674476
1403636876601666560.000000 -0.042257346 -0.580873668 2.041515350 -0.851201713 -0.350132674 -0.350863159 0.172504440
1403636878151666432.000000 -0.427974582 -0.417782813 2.021989822 -0.731630981 -0.567812562 -0.256095946 0.276983678
1403636878551666432.000000 -0.262834370 -0.562767923 2.011608601 -0.789764941 -0.479473829 -0.297512591 0.240546405
1403636878651666432.000000 -0.200208217 -0.572269857 2.017894745 -0.799561858 -0.461148351 -0.310382068 0.227389440
1403636878851666432.000000 -0.075444818 -0.554274738 2.034594774 -0.806991994 -0.438224047 -0.336293340 0.208878696
1403636878951666432.000000 -0.021336399 -0.531584859 2.039369822 -0.809137642 -0.433558941 -0.338251412 0.207144529
1403636879101666560.000000 0.040750455 -0.482742906 2.045864105 -0.809095562 -0.432419062 -0.338415891 0.209410667
1403636879201666560.000000 0.066618010 -0.440194130 2.053107977 -0.802415967 -0.433121681 -0.346911669 0.219514683
1403636880751666432.000000 -0.275389850 -0.607101679 2.128140450 -0.774698973 -0.480180740 -0.338271201 0.234180421
1403636881101666560.000000 -0.402372777 -0.620407581 2.136086941 -0.752346337 -0.502044320 -0.334495127 0.264650017
1403636881251666432.000000 -0.445810378 -0.579576194 2.138198853 -0.728990138 -0.525077283 -0.328952819 0.290959328
1403636881401666560.000000 -0.460685253 -0.521913946 2.142246962 -0.708133042 -0.548390806 -0.322521806 0.306259394
1403636882301666560.000000 -0.099661604 -0.324416250 2.081895828 -0.705783367 -0.538970351 -0.359615147 0.286457181
1403636885151666432.000000 -0.220277041 -0.192774311 1.857334852 -0.527410209 -0.596813917 -0.375915945 0.473644376
1403636887651666432.000000 -0.220206529 -0.193064034 1.857149839 -0.527324438 -0.596685231 -0.376050591 0.473795027
1403636890151666432.000000 -0.220192105 -0.192417696 1.857010245 -0.527257740 -0.595936418 -0.376871943 0.474158823
1403636892651666432.000000 -0.220259756 -0.192449629 1.856838942 -0.527037501 -0.596280932 -0.376619220 0.474171311
1403636895151666432.000000 -0.220257789 -0.192745626 1.857337713 -0.527273595 -0.596282005 -0.376387119 0.474091977
1403636898001666560.000000 -0.146159470 -0.275244594 1.913664818 -0.547634661 -0.627762139 -0.368522495 0.412555695
1403636900801666560.000000 0.174923092 0.107902437 2.276108503 -0.607809484 -0.565409303 -0.400543660 0.387872159
1403636901251666432.000000 0.313308954 0.202085584 2.272641897 -0.607670069 -0.554147959 -0.397136420 0.407357067
1403636903951666432.000000 1.497631311 0.827498734 2.258008003 -0.602167189 -0.564709544 -0.399527580 0.398591965
1403636905801666560.000000 2.307531357 1.337980390 2.501758337 -0.592977107 -0.573094785 -0.413976789 0.385439694
1403636908151666432.000000 2.842867374 2.477679968 2.529896736 -0.582069099 -0.578811884 -0.400912464 0.406745136
1403636908751666432.000000 3.037443638 2.862031460 2.526190758 -0.576370537 -0.589789689 -0.392593086 0.407204807
1403636909201666560.000000 3.174311399 3.170817852 2.600076199 -0.583151221 -0.590570986 -0.380476326 0.407919556
1403636910751666432.000000 3.632364750 4.312496185 2.461357117 -0.572298765 -0.590134025 -0.398007035 0.407193273
1403636911601666560.000000 3.775129795 4.820815563 2.439913511 -0.572010040 -0.588703573 -0.398990631 0.408704251
1403636913001666560.000000 4.108531475 5.578910351 2.339898825 -0.580529571 -0.574335814 -0.396466106 0.419450283
1403636913801666560.000000 4.450128078 5.943075180 2.251562595 -0.578620136 -0.579258263 -0.399726599 0.412161767
1403636916451666432.000000 5.515028477 6.869466305 2.369035482 -0.575202286 -0.581167340 -0.409914583 0.404174477
1403636919301666560.000000 5.844800472 7.465479851 2.408738375 -0.679748714 -0.443819404 -0.464543074 0.353787929
1403636921901666560.000000 6.177270412 7.003938675 2.454542637 -0.697895885 -0.451793879 -0.459964454 0.311859637
1403636924501666560.000000 6.496387482 6.875180721 2.202885866 -0.742596030 -0.366461784 -0.497740656 0.257897705
1403636925301666560.000000 6.818192959 7.069358826 2.121539116 -0.742415965 -0.350853592 -0.515942633 0.243974596
1403636928251666432.000000 8.400283813 7.859651089 1.790149331 -0.790691733 -0.234389544 -0.540596902 0.166202456
1403636931151666432.000000 10.033708572 8.274379730 1.941209674 -0.782604873 -0.205350250 -0.557819664 0.184927136
1403636932901666560.000000 9.966366768 7.707104206 2.083095312 -0.791943967 -0.152170211 -0.580969930 0.110195197
1403636935751666432.000000 8.700615883 6.969871044 2.151866198 0.815404356 -0.044035245 0.577095866 0.011706779
1403636938401666560.000000 8.350416183 6.113638878 1.834858060 0.796056092 -0.082609229 0.598998308 0.025915092
1403636938751666432.000000 8.211924553 6.047219276 1.812582970 0.808040559 -0.103637166 0.579790592 0.013141687
1403636939701666560.000000 7.782958031 5.612988949 1.806029081 0.800783813 -0.072790928 0.593305945 0.037879664
1403636940001666560.000000 7.611496925 5.473704338 1.808251381 0.801974773 -0.079892531 0.590868175 0.036448821
1403636941201666560.000000 6.798725605 4.811238766 1.739471674 0.814836860 -0.105366170 0.566360593 0.064611211
1403636941501666560.000000 6.631069183 4.637343407 1.785289645 0.808986604 -0.097731553 0.576264858 0.062514253
1403636942651666432.000000 5.989936352 4.039295197 1.836710691 0.814740241 -0.108239792 0.567966342 0.043553069
1403636945501666560.000000 4.835244179 2.815635681 1.720896840 0.810623527 -0.048565630 0.582100511 0.041109286
1403636947751666432.000000 4.483303547 2.809321404 1.201628447 0.828222334 -0.077515580 0.552750885 0.050054796
1403636948251666432.000000 4.621776581 2.730453491 1.153543830 0.830445349 -0.062671654 0.550187826 0.061041657
1403636948951666432.000000 4.961879730 2.846520662 1.030832648 0.813247979 -0.054581225 0.577607870 0.044918511
1403636949651666432.000000 5.248801231 3.136101007 0.921191156 0.809807181 -0.063524187 0.582960784 0.018266514
1403636950051666432.000000 5.352485180 3.255997658 0.906874180 0.828919291 -0.062244419 0.555503368 0.020847503
1403636950501666560.000000 5.524493694 3.342312813 0.888563037 0.823045671 -0.050915353 0.564220905 0.040723246
1403636952951666432.000000 6.691734314 4.050369263 0.753735363 0.819971919 -0.052780703 0.569058895 0.032127734
1403636953151666432.000000 6.778151512 4.119298458 0.709474802 0.824223459 -0.063680701 0.562368929 0.018482370
1403636953901666560.000000 7.142361641 4.298429966 0.631945908 0.825106025 -0.036834586 0.562022150 0.044434801
1403636955101666560.000000 7.925769806 4.806506157 0.665062606 0.814851105 -0.062232163 0.574144721 0.050027259
1403636955501666560.000000 8.199086189 5.025166035 0.635106146 0.813311160 -0.074199170 0.573690593 0.062438603
1403636955701666560.000000 8.330281258 5.145471573 0.612998843 0.813074946 -0.077965036 0.573173761 0.065592811
1403636956551666432.000000 8.828085899 5.643149853 0.629535377 0.809310317 -0.088307709 0.577240050 0.063344389
1403636959451666432.000000 9.526370049 6.477670670 0.541293621 -0.773858011 -0.270194441 -0.545864105 0.173698336
1403636962251666432.000000 9.374003410 7.413420677 0.599592865 -0.645282865 -0.498395354 -0.459949523 0.351651400
1403636963701666560.000000 8.765972137 7.593494892 0.856547236 -0.573208630 -0.576196671 -0.414826632 0.409081966
1403636964051666432.000000 8.584307671 7.560545921 0.935454011 -0.576703072 -0.571037233 -0.420385540 0.405716717
1403636964301666560.000000 8.447685242 7.518613815 1.011477113 -0.573461115 -0.572446167 -0.423470080 0.405118465
1403636964601666560.000000 8.268669128 7.449635983 1.055038810 -0.562601388 -0.581829965 -0.427254826 0.402997583
1403636967351666432.000000 6.051440239 6.461283207 1.485738039 -0.499803126 -0.632564068 -0.369381845 0.462186903
1403636968151666432.000000 5.631315231 5.913019657 1.365734220 -0.500264406 -0.628770232 -0.372989029 0.463964224
1403636968451666432.000000 5.481519699 5.648153305 1.287122846 -0.502583861 -0.630333960 -0.369713426 0.461953044
1403636969201666560.000000 5.117984295 4.882567406 1.301608682 -0.507426620 -0.633894026 -0.364905924 0.455565870
1403636969451666432.000000 4.993066311 4.611371040 1.366778851 -0.516102433 -0.642670214 -0.354671538 0.441385746
1403636969801666560.000000 4.814119339 4.270458698 1.431493282 -0.518968701 -0.643656194 -0.354865462 0.436404318
1403636970201666560.000000 4.599706650 3.940111160 1.428502679 -0.510510087 -0.633588254 -0.365831971 0.451788008
1403636972301666560.000000 3.746492386 3.135596991 1.235465884 -0.516763031 -0.633980691 -0.342505097 0.462292850
1403636972801666560.000000 3.745490551 3.070995331 1.305528522 -0.511036515 -0.636557400 -0.354466677 0.456059098
1403636973301666560.000000 3.767519474 3.019752979 1.283227563 -0.538004994 -0.620329261 -0.368130237 0.436145008
1403636974051666432.000000 3.775992155 2.970227003 1.145284772 -0.545289516 -0.606806934 -0.381210804 0.434882790
1403636976851666432.000000 4.034975529 2.863296986 0.873662353 -0.772164822 -0.278529763 -0.532388330 0.206749484
1403636978651666432.000000 4.740496635 2.653405428 0.636180520 -0.788819790 -0.278888196 -0.514882982 0.186762810
1403636979351666432.000000 5.127922058 2.690605640 0.528131843 -0.777920842 -0.276332945 -0.531487465 0.189737871
1403636979601666560.000000 5.267622948 2.739427328 0.501751125 -0.787011743 -0.279157728 -0.518113971 0.185044512
1403636981651666432.000000 6.344340324 3.557672739 0.339566380 -0.777910054 -0.261845618 -0.540828347 0.183841109
1403636981951666432.000000 6.467133045 3.658038855 0.347582817 -0.789887369 -0.265069693 -0.527387798 0.166367769
1403636982201666560.000000 6.577517033 3.771275520 0.364943206 -0.802987278 -0.260588735 -0.509510994 0.166443884
1403636984851666432.000000 8.428754807 5.454315186 0.333768785 -0.781091094 -0.247737110 -0.547090292 0.170924932
1403636987801666560.000000 8.812633514 7.656888008 0.471163511 -0.751000583 -0.282505095 -0.558979511 0.209119394
1403636990451666432.000000 7.678549290 6.619455814 0.828803897 -0.760388970 -0.286514819 -0.545828342 0.204424053
1403636992601666560.000000 6.472126961 5.151958466 0.976903439 -0.774704576 -0.274026781 -0.538679600 0.185920238
1403636993101666560.000000 6.241773129 4.902986526 1.029425263 -0.773534536 -0.267649591 -0.544473112 0.183185816
1403636993551666432.000000 6.024125576 4.733355045 1.098703146 -0.751092732 -0.311398566 -0.535053551 0.229364902
1403636993851666432.000000 5.873034477 4.613023758 1.172758222 -0.739318073 -0.347255141 -0.520722330 0.248336479
1403636996701666560.000000 4.062348843 2.750300646 1.530302525 -0.720195115 -0.395246863 -0.498844415 0.276139677
1403636999201666560.000000 3.206160545 1.939839005 1.994975924 -0.658476651 -0.473630995 -0.486284465 0.324976474
1403636999701666560.000000 3.023007870 1.871467471 2.015509844 -0.662712872 -0.464117020 -0.482491314 0.335573047
1403637001101666560.000000 2.295730829 1.472111464 2.061641693 -0.664793551 -0.462890923 -0.483305275 0.331960291
1403637002501666560.000000 1.464099288 0.860725999 2.098673820 -0.673973203 -0.463206321 -0.476501912 0.322716713
1403637003001666560.000000 1.177728057 0.667828202 2.140615940 -0.676012635 -0.459507078 -0.477626026 0.322077036
1403637003451666432.000000 0.918058932 0.507842600 2.103514194 -0.676998496 -0.452445388 -0.481546104 0.324159861
1403637003751666432.000000 0.748810351 0.401542693 2.130323172 -0.679185629 -0.450000793 -0.480486810 0.324559033
1403637004051666432.000000 0.585360706 0.290958107 2.133419752 -0.680594683 -0.458540529 -0.474728942 0.318062901
1403637004351666432.000000 0.428070068 0.194012105 2.109598637 -0.680944026 -0.461454540 -0.470719039 0.319058746
1403637004751666432.000000 0.233874783 0.086665846 2.186629534 -0.685027182 -0.440959305 -0.472260833 0.336544693
1403637005051666432.000000 0.116623744 -0.006263785 2.180738688 -0.694566131 -0.440920264 -0.464714080 0.327426314
1403637005351666432.000000 0.036104310 -0.093651943 2.120021343 -0.690324664 -0.448585510 -0.472822934 0.314104110
1403637005851666432.000000 -0.084538795 -0.205455571 2.073061943 -0.688327670 -0.453228027 -0.467481822 0.319765747
1403637006351666432.000000 -0.178949893 -0.278158188 2.098227024 -0.690865636 -0.454075724 -0.462912381 0.319737673
1403637006851666432.000000 -0.222754836 -0.305474520 2.079007864 -0.666992009 -0.472701401 -0.459377438 0.347343445
1403637007201666560.000000 -0.227567434 -0.312917173 2.046557188 -0.627024770 -0.522740006 -0.441894591 0.371903390
1403637007551666432.000000 -0.233602852 -0.333698452 2.010764599 -0.609125257 -0.536808670 -0.444069743 0.378952444
1403637007901666560.000000 -0.262330890 -0.363222569 1.967107892 -0.621034980 -0.538316607 -0.431625009 0.371793926
1403637008201666560.000000 -0.291389525 -0.377673119 1.942616820 -0.629550755 -0.534610152 -0.428412884 0.366497397
1403637008701666560.000000 -0.336118072 -0.359741151 1.948249817 -0.630770743 -0.517664492 -0.438039422 0.377191186
1403637009001666560.000000 -0.346038669 -0.343583971 1.926833987 -0.646920383 -0.509958684 -0.418271601 0.382733673
1403637009251666432.000000 -0.316187292 -0.330470890 1.888878465 -0.633404553 -0.523941517 -0.440932125 0.360364825
1403637009501666560.000000 -0.287278712 -0.316138417 1.863393784 -0.610285938 -0.532839239 -0.442157179 0.384877294
1403637009751666432.000000 -0.274994045 -0.325361311 1.850852609 -0.614585519 -0.501712084 -0.438855022 0.421871930
1403637010201666560.000000 -0.276208520 -0.325272858 1.851502180 -0.612929821 -0.501222730 -0.439993620 0.423672527
1403637010451666432.000000 -0.277003497 -0.330570221 1.852383256 -0.613231301 -0.501177669 -0.439568758 0.423730791
