1403638147795097088.000000 -2.241397619 6.068700790 -2.807894945 -0.574526906 -0.610424519 -0.369629025 0.400843054
1403638148095097088.000000 -2.243133545 6.098090649 -2.772516966 -0.566299140 -0.592981577 -0.389832437 0.419176340
1403638149845096960.000000 -2.372080803 6.402067184 -2.368305683 -0.539341629 -0.616511524 -0.376709253 0.432567120
1403638151945096960.000000 -3.339111328 6.924019814 -2.340566635 -0.387559563 -0.727975011 -0.273061961 0.495264709
1403638152345096960.000000 -3.629710913 7.020495892 -2.257242441 -0.384047329 -0.730469227 -0.276949495 0.492159873
1403638152945096960.000000 -4.160078526 7.141396046 -2.242178440 -0.371457905 -0.733817577 -0.259363085 0.506222844
1403638153295097088.000000 -4.500726223 7.214438438 -2.167738676 -0.343145877 -0.755259395 -0.233228624 0.507384062
1403638153595097088.000000 -4.805237293 7.286019325 -2.122887373 -0.302059412 -0.776142716 -0.219868675 0.507957101
1403638153995097088.000000 -5.265242100 7.373742104 -2.054058313 -0.254106671 -0.785167694 -0.186677784 0.533003807
1403638154995097088.000000 -6.390886307 7.391830921 -2.060508251 -0.215473682 -0.788747847 -0.175428167 0.548336565
1403638155195097088.000000 -6.599702835 7.338963985 -2.010726213 -0.195445985 -0.791352630 -0.162986204 0.555875421
1403638155595097088.000000 -7.002611637 7.175477505 -1.974335313 -0.157595724 -0.789669514 -0.139393777 0.576328933
1403638155795097088.000000 -7.185455322 7.058804035 -1.988580704 -0.131239325 -0.789970696 -0.107238054 0.589255989
1403638156195097088.000000 -7.487779140 6.789371490 -2.011327982 -0.058131322 -0.819542825 -0.033791602 0.569059372
1403638156395097088.000000 -7.628807068 6.657993793 -1.988470912 -0.029449597 -0.828073084 -0.007905484 0.559790194
1403638156595097088.000000 -7.774561405 6.538864136 -1.984286308 -0.016921358 -0.831064403 0.004188468 0.555902958
1403638156995097088.000000 -8.105063438 6.336819649 -2.029701710 -0.016778681 -0.832592666 0.002492507 0.553626060
1403638157395097088.000000 -8.500946999 6.175307751 -2.012296915 -0.017796643 -0.835370421 -0.002985117 0.549391270
1403638158195097088.000000 -9.401043892 5.836365700 -1.935241342 0.079318926 -0.818541169 0.066282198 0.565071344
1403638158395097088.000000 -9.621889114 5.751583576 -1.926887989 0.090362340 -0.817372918 0.069830798 0.564676642
1403638158645096960.000000 -9.890006065 5.651996136 -1.938634396 0.098317362 -0.813920200 0.060843073 0.569355607
1403638159095097088.000000 -10.351892471 5.461014748 -1.930660129 0.082777396 -0.830749393 0.070062198 0.545980513
1403638159895097088.000000 -11.252295494 5.240534306 -1.784856558 0.062312026 -0.791067302 0.093418404 0.601334214
1403638160295097088.000000 -11.563385010 5.292883396 -1.560341835 0.084123842 -0.814369023 0.069310583 0.570019603
1403638160495097088.000000 -11.700292587 5.327615738 -1.412181973 0.086793080 -0.824122131 0.066707261 0.555733681
1403638160895097088.000000 -12.000693321 5.391076565 -1.162330985 0.068903618 -0.812967181 0.075745903 0.573235750
1403638161095097088.000000 -12.147314072 5.440120220 -1.058278680 0.038984384 -0.805044472 0.060825035 0.588798702
1403638161295097088.000000 -12.274093628 5.508345127 -0.969472170 0.001917625 -0.810574830 0.027066628 0.585006297
1403638162095097088.000000 -12.732838631 5.862263203 -0.745769262 -0.081782311 -0.816721737 -0.029577646 0.570440650
1403638163745096960.000000 -13.533655167 7.234007835 -0.356528759 -0.164137498 -0.799312830 -0.099014349 0.569521010
1403638166045096960.000000 -13.195052147 9.767212868 -0.080677457 -0.206804767 -0.786061466 -0.135504365 0.566549003
1403638166295097088.000000 -13.030171394 10.013563156 -0.057561904 -0.198929518 -0.795556784 -0.139008254 0.555151463
1403638166495097088.000000 -12.903887749 10.196904182 0.035023749 -0.193432093 -0.798162341 -0.140527457 0.552967310
1403638166895097088.000000 -12.672815323 10.534761429 0.163534254 -0.208864167 -0.804628074 -0.109035827 0.545032680
1403638167295097088.000000 -12.502260208 10.919152260 0.238477394 -0.203220576 -0.817456484 -0.115432166 0.526442409
1403638167895097088.000000 -12.429032326 11.618893623 0.371732712 -0.240456790 -0.789794743 -0.114915341 0.552448571
1403638169095097088.000000 -12.270554543 13.388615608 0.544964552 -0.303556770 -0.775576115 -0.213046148 0.510829210
1403638169295097088.000000 -12.300830841 13.685602188 0.516524792 -0.310757965 -0.762256384 -0.198375642 0.532016635
1403638169695097088.000000 -12.313699722 14.290812492 0.443294555 -0.361742675 -0.722372591 -0.219400734 0.546976566
1403638169895097088.000000 -12.267168045 14.589931488 0.445035517 -0.382302701 -0.714047194 -0.267081231 0.522158027
1403638170495097088.000000 -12.074407578 15.317979813 0.470047295 -0.493279010 -0.635112107 -0.336304367 0.490110099
1403638170895097088.000000 -11.853693008 15.680197716 0.495286524 -0.553143024 -0.577255309 -0.372885436 0.470919907
1403638171295097088.000000 -11.526344299 15.932276726 0.501112521 -0.589829683 -0.535867512 -0.404237449 0.448930949
1403638171895097088.000000 -10.848033905 16.056945801 0.459090054 -0.617111921 -0.489186525 -0.422390491 0.448838115
1403638172095097088.000000 -10.555715561 16.009042740 0.467911184 -0.618078172 -0.482670844 -0.436799705 0.440697581
1403638172495097088.000000 -9.906850815 15.774118423 0.430438936 -0.617798924 -0.481797934 -0.442330271 0.436508000
1403638172895097088.000000 -9.189534187 15.383217812 0.256573319 -0.614276409 -0.482287675 -0.435015321 0.448134691
1403638173095097088.000000 -8.796808243 15.119226456 0.140528277 -0.620244622 -0.487331212 -0.417880654 0.450755805
1403638174195097088.000000 -6.416834831 13.328132629 -0.821537673 -0.614340365 -0.523716569 -0.432052195 0.402042031
1403638174395097088.000000 -6.008389950 12.967615128 -0.999506056 -0.620482862 -0.530677557 -0.422567129 0.393470943
1403638174595097088.000000 -5.609075069 12.622689247 -1.178375959 -0.622807682 -0.537621677 -0.417372614 0.385841608
1403638174795097088.000000 -5.217008114 12.297630310 -1.331590891 -0.626578152 -0.545678496 -0.411301196 0.374788046
1403638175045096960.000000 -4.748145580 11.931427002 -1.483530879 -0.626768291 -0.548306286 -0.412279487 0.369523138
1403638176795097088.000000 -2.342542410 11.250560760 -1.828010201 -0.609778225 -0.552693605 -0.440136075 0.359138519
1403638177145096960.000000 -2.124071121 11.342143059 -1.791395307 -0.611661375 -0.553675413 -0.438397080 0.356541753
1403638177495097088.000000 -1.985531569 11.457398415 -1.831029534 -0.613547564 -0.552427173 -0.437613964 0.356198967
1403638178095097088.000000 -1.833429217 11.691046715 -1.973843098 -0.626323044 -0.510235727 -0.438536733 0.393782318
1403638179745096960.000000 -0.900235057 11.689044952 -2.221702576 -0.764767051 -0.298749566 -0.522949457 0.228919014
1403638180145096960.000000 -0.587550640 11.670615196 -2.270809889 -0.794297457 -0.240746647 -0.525891244 0.185932890
1403638180495097088.000000 -0.284824848 11.656804085 -2.311351538 -0.798317909 -0.234736025 -0.526910126 0.173070058
1403638180895097088.000000 0.106974743 11.662047386 -2.362075090 -0.801397860 -0.247871354 -0.517402172 0.169163212
1403638181745096960.000000 1.108466744 11.709681511 -2.506419659 -0.792896152 -0.159382567 -0.564885080 0.163760856
1403638181945096960.000000 1.342183352 11.657699585 -2.516532183 -0.805948973 -0.133803815 -0.564123809 0.119612761
1403638182345096960.000000 1.795300364 11.532573700 -2.479246140 -0.827922046 -0.098051608 -0.543288589 0.098835878
1403638182745096960.000000 2.297732115 11.394540787 -2.403101206 -0.832058072 -0.115329117 -0.536482811 0.081022985
1403638183345096960.000000 3.145196438 11.236009598 -2.311517239 -0.820325971 -0.127923056 -0.551174521 0.083112396
1403638183645096960.000000 3.579026461 11.192601204 -2.325158834 -0.828356087 -0.131902382 -0.538816869 0.078131080
1403638184045096960.000000 4.170440197 11.195739746 -2.288129091 -0.811289728 -0.130937517 -0.564346373 0.078597136
1403638184845096960.000000 5.282067776 11.374042511 -2.195902348 -0.815444529 -0.125885025 -0.559603751 0.077762336
1403638185095097088.000000 5.612720490 11.467268944 -2.169731140 -0.814320922 -0.126402691 -0.561355591 0.076051399
1403638185295097088.000000 5.869304657 11.553223610 -2.143524170 -0.813941181 -0.131380886 -0.561506867 0.070347868
1403638185695097088.000000 6.348334312 11.781824112 -2.083894968 -0.797379494 -0.166143537 -0.574070275 0.083818920
1403638186095097088.000000 6.760409832 12.060565948 -2.039557219 -0.808156073 -0.163828090 -0.549988270 0.132502809
1403638186295097088.000000 6.964403152 12.186606407 -2.032044888 -0.807179570 -0.173200250 -0.550968468 0.122051388
1403638186495097088.000000 7.166967392 12.311032295 -2.002732992 -0.806169450 -0.174968600 -0.552738070 0.118141480
1403638186695097088.000000 7.364999771 12.437594414 -1.973707318 -0.805710673 -0.179206967 -0.553996801 0.108640678
1403638189445096960.000000 8.047292709 14.134634972 -1.544176102 -0.720476985 -0.373820931 -0.516969740 0.271869630
1403638190695097088.000000 7.296973228 14.265995979 -1.460558176 -0.685272098 -0.429047823 -0.516736507 0.281608790
1403638190845096960.000000 7.175716400 14.291743279 -1.475590467 -0.687726378 -0.427472562 -0.507908762 0.293816775
1403638193395097088.000000 4.777051926 14.576889992 -0.953307152 -0.666507661 -0.428903222 -0.506363869 0.339713514
1403638196045096960.000000 2.327293634 13.075721741 -0.729071379 -0.701720655 -0.458917052 -0.452400535 0.303837359
1403638196695097088.000000 2.035658360 13.127195358 -0.666850328 -0.702193916 -0.455762982 -0.452944666 0.306667477
1403638197895097088.000000 1.696215272 13.539579391 -0.518766224 -0.675231457 -0.449781954 -0.491312921 0.316812575
1403638198295097088.000000 1.526267886 13.660490990 -0.545990467 -0.673968971 -0.443647236 -0.492284536 0.326494813
1403638198695097088.000000 1.321529627 13.722010612 -0.708836198 -0.659029603 -0.468292862 -0.511100113 0.291819483
1403638199145096960.000000 0.906498432 13.778190613 -0.806175113 -0.653098524 -0.472031832 -0.518276572 0.286422342
1403638199545096960.000000 0.327838331 13.820490837 -0.730377913 -0.651030242 -0.473115444 -0.521696627 0.283114821
1403638199945096960.000000 -0.422406346 13.859123230 -0.583912671 -0.657166839 -0.480949819 -0.485275537 0.318318665
1403638200145096960.000000 -0.822402120 13.876663208 -0.533125401 -0.645876288 -0.495325536 -0.480013728 0.327235848
1403638200345096960.000000 -1.234662533 13.891016006 -0.475319326 -0.617602527 -0.513862133 -0.482640445 0.348670542
1403638200545096960.000000 -1.665907502 13.896349907 -0.393559456 -0.594104111 -0.539154887 -0.480921715 0.353647590
1403638200745096960.000000 -2.124409437 13.890110016 -0.288952559 -0.573633850 -0.565437913 -0.474773258 0.354703397
1403638201145096960.000000 -3.128518581 13.851984978 -0.123354442 -0.579739690 -0.568415880 -0.442220330 0.381112337
1403638201345096960.000000 -3.646704197 13.825670242 -0.085613847 -0.583464801 -0.564027369 -0.439854354 0.384668857
1403638201545096960.000000 -4.164510250 13.794556618 -0.076139830 -0.583414853 -0.561429441 -0.444444567 0.383266568
1403638201745096960.000000 -4.682968140 13.756790161 -0.096478894 -0.584242344 -0.557649136 -0.447535425 0.383927733
1403638201945096960.000000 -5.202534676 13.707750320 -0.144990847 -0.584418297 -0.558014750 -0.446231186 0.384646147
1403638202145096960.000000 -5.725419998 13.639416695 -0.186994106 -0.582791567 -0.565062821 -0.430324197 0.394815236
1403638202545096960.000000 -6.736441612 13.481160164 -0.223314762 -0.586931288 -0.573512733 -0.406662524 0.401522696
1403638202745096960.000000 -7.212887764 13.416855812 -0.268117130 -0.588796616 -0.573630571 -0.403765857 0.401546657
1403638203145096960.000000 -8.100371361 13.301210403 -0.373992980 -0.586285770 -0.570051193 -0.409974366 0.404019505
1403638203345096960.000000 -8.515335083 13.242837906 -0.390635073 -0.581869841 -0.567212164 -0.416309178 0.407902628
1403638203545096960.000000 -8.912351608 13.177064896 -0.414376140 -0.582743049 -0.565058589 -0.414476544 0.411495566
1403638203945096960.000000 -9.643080711 13.025494576 -0.436645508 -0.582790017 -0.566590488 -0.412585020 0.411223441
1403638204145096960.000000 -9.978453636 12.937851906 -0.409075916 -0.585628808 -0.568982601 -0.405429631 0.411004424
1403638204345096960.000000 -10.292206764 12.849856377 -0.356641829 -0.599622309 -0.565591693 -0.384731889 0.415380090
1403638204545096960.000000 -10.570470810 12.772729874 -0.301792026 -0.608555138 -0.562169552 -0.373758405 0.417049974
1403638204745096960.000000 -10.810824394 12.710478783 -0.269126415 -0.596293092 -0.571858883 -0.375913799 0.419643641
1403638204945096960.000000 -11.023648262 12.658116341 -0.263029724 -0.557511330 -0.604721904 -0.381287783 0.422033548
1403638205145096960.000000 -11.233415604 12.610735893 -0.278262794 -0.504952669 -0.647655904 -0.359345824 0.443210155
1403638205345096960.000000 -11.449007034 12.562284470 -0.277825952 -0.437709659 -0.690815151 -0.317807406 0.479774058
1403638205545096960.000000 -11.663763046 12.510179520 -0.245159686 -0.366476387 -0.724311471 -0.292251706 0.505625367
1403638205745096960.000000 -11.875765800 12.436221123 -0.184910953 -0.316599160 -0.738069832 -0.294093937 0.518195570
1403638205945096960.000000 -12.101402283 12.320750237 -0.107465498 -0.285699546 -0.751989543 -0.271756798 0.528238356
1403638206195097088.000000 -12.401141167 12.117423058 0.016682215 -0.244727626 -0.767904639 -0.229806229 0.545545459
1403638206445096960.000000 -12.697982788 11.865059853 0.126494393 -0.219940588 -0.772122145 -0.187720597 0.565875113
1403638207195097088.000000 -13.386238098 10.976902008 0.205151469 -0.189568594 -0.769510746 -0.149375588 0.591273069
1403638207445096960.000000 -13.526544571 10.648600578 0.147854283 -0.164606079 -0.770450115 -0.132953838 0.601360857
1403638207695097088.000000 -13.603511810 10.300595284 0.107632764 -0.132077858 -0.787717164 -0.099030465 0.593506634
1403638207945096960.000000 -13.629541397 9.961327553 0.115053624 -0.123814583 -0.803378701 -0.076090552 0.577462494
1403638208195097088.000000 -13.631810188 9.647061348 0.139896736 -0.122628443 -0.799067914 -0.074681014 0.583845556
1403638208445096960.000000 -13.611239433 9.352880478 0.121699557 -0.124048226 -0.801931441 -0.078393117 0.579113662
1403638208695097088.000000 -13.572098732 9.070981979 0.106751874 -0.105945893 -0.807354271 -0.063377820 0.577007771
1403638208945096960.000000 -13.519831657 8.809998512 0.122002959 -0.087309085 -0.807325780 -0.050542351 0.581418812
1403638209295097088.000000 -13.418386459 8.478943825 0.084589489 -0.080033146 -0.807979763 -0.042464159 0.582202852
1403638209645096960.000000 -13.296640396 8.186741829 -0.043066565 -0.082393326 -0.804811656 -0.039345589 0.586465120
1403638209945096960.000000 -13.175869942 7.967353821 -0.300999969 -0.078908265 -0.802603662 -0.048116285 0.589309573
1403638210245096960.000000 -13.022585869 7.763346672 -0.590130329 -0.078242660 -0.790797532 -0.049465835 0.605037630
1403638210595097088.000000 -12.756838799 7.535217762 -0.900368273 -0.079158477 -0.790464103 -0.050057784 0.605305374
1403638210895097088.000000 -12.460177422 7.349477291 -1.179311037 -0.083075054 -0.791588485 -0.045707233 0.603653073
1403638211145096960.000000 -12.167621613 7.207473278 -1.363859296 -0.084820516 -0.800121605 -0.041855030 0.592333555
1403638211395097088.000000 -11.863000870 7.086559772 -1.502897978 -0.091206335 -0.802269697 -0.044511519 0.588271677
1403638211645096960.000000 -11.542046547 6.988655567 -1.654472947 -0.126981437 -0.797806978 -0.062521316 0.586063921
1403638211895097088.000000 -11.203992844 6.916339874 -1.829921246 -0.189269975 -0.787014842 -0.090089299 0.580231428
1403638212195097088.000000 -10.777286530 6.877274036 -1.990667343 -0.253516853 -0.769912660 -0.140578806 0.568508029
1403638212445096960.000000 -10.401254654 6.870834827 -2.066876888 -0.302155703 -0.753295541 -0.182717100 0.554853499
1403638212695097088.000000 -10.005710602 6.875608444 -2.093662739 -0.353967309 -0.731383622 -0.216607630 0.541171253
1403638212945096960.000000 -9.591448784 6.885918617 -2.079153538 -0.406876713 -0.705315709 -0.254116416 0.521925330
1403638213195097088.000000 -9.162809372 6.906016827 -2.039212465 -0.467901796 -0.672866642 -0.285730600 0.496665269
1403638213495097088.000000 -8.628950119 6.955366135 -2.030411243 -0.552698374 -0.627561688 -0.295931727 0.461644053
1403638213745096960.000000 -8.149498940 7.041948795 -2.039691448 -0.563741207 -0.598166108 -0.352167964 0.447628051
1403638213895097088.000000 -7.855545521 7.102814198 -2.030695915 -0.560515940 -0.593208194 -0.372897059 0.441445082
1403638214145096960.000000 -7.371628761 7.200771809 -1.992203712 -0.564566970 -0.602356791 -0.369051844 0.426885426
1403638214495097088.000000 -6.722189903 7.364642143 -1.940616608 -0.561995387 -0.618795991 -0.355255187 0.418385655
1403638216395097088.000000 -3.832064390 8.163651466 -2.240916491 -0.542125165 -0.602926254 -0.389960021 0.436476141
1403638216695097088.000000 -3.498747587 8.203931808 -2.258415461 -0.542325377 -0.605504990 -0.392428398 0.430403084
1403638219645096960.000000 -2.422684193 7.705122471 -2.349574804 -0.596850634 -0.534644961 -0.440254390 0.405092716
1403638220745096960.000000 -2.373688459 7.117799759 -2.348501444 -0.606331885 -0.548613071 -0.430797040 0.381836712
1403638221045096960.000000 -2.363101482 6.958971024 -2.367894650 -0.610030293 -0.546488523 -0.429007024 0.381007046
1403638221395097088.000000 -2.369462013 6.783426285 -2.393133640 -0.616751075 -0.546035409 -0.422243625 0.378382981
1403638221845096960.000000 -2.378886938 6.585989952 -2.423102140 -0.617697239 -0.538991213 -0.421846747 0.387277603
1403638222345096960.000000 -2.376522303 6.390090466 -2.397746801 -0.619332969 -0.549820840 -0.419016331 0.372221917
1403638222845096960.000000 -2.383346796 6.262827873 -2.449384689 -0.612977743 -0.542852402 -0.428118557 0.382471114
1403638223195097088.000000 -2.397342682 6.180757046 -2.491897821 -0.615983784 -0.544517756 -0.423311830 0.380619973
1403638223495097088.000000 -2.409406185 6.108118534 -2.506995440 -0.626884282 -0.535880327 -0.407957315 0.391687691
1403638223795097088.000000 -2.390990734 6.051214218 -2.537111998 -0.615655243 -0.543586195 -0.425184220 0.380395830
1403638224095097088.000000 -2.372359514 6.000231266 -2.579868317 -0.614160120 -0.551585376 -0.426663429 0.369485021
1403638224395097088.000000 -2.374406576 5.972649097 -2.624150753 -0.617013574 -0.548452973 -0.423004478 0.373578280
1403638224695097088.000000 -2.387280941 5.963774681 -2.662524223 -0.615852237 -0.544962883 -0.424341828 0.379045576
1403638224995097088.000000 -2.405619383 5.963572502 -2.678108454 -0.619680822 -0.537537456 -0.417885005 0.390411705
1403638225295097088.000000 -2.410284042 5.972129822 -2.668467522 -0.618010402 -0.548262537 -0.417790174 0.378051311
1403638225595097088.000000 -2.411511183 5.988534451 -2.671718597 -0.601005375 -0.537174046 -0.441649735 0.393931717
1403638225895097088.000000 -2.423139572 5.980004787 -2.750110865 -0.610672176 -0.548250914 -0.427852809 0.378737897
1403638226145096960.000000 -2.447010994 5.982927799 -2.786306381 -0.630148232 -0.547983944 -0.394193292 0.383716732
1403638226445096960.000000 -2.458916426 5.993705750 -2.788510084 -0.619451940 -0.558407068 -0.411557645 0.367533982
1403638226845096960.000000 -2.454825401 5.997542858 -2.771354198 -0.619372308 -0.558182180 -0.411293000 0.368305236
1403638227345096960.000000 -2.452201366 5.998087883 -2.759424925 -0.619746625 -0.558463335 -0.410753340 0.367851347
1403638227845096960.000000 -2.452320337 5.996977806 -2.756598949 -0.619869411 -0.558708906 -0.410446554 0.367613792
1403638228345096960.000000 -2.451804876 5.998315334 -2.758234501 -0.620132446 -0.558632672 -0.410106838 0.367665261
1403638228845096960.000000 -2.451529503 6.000247955 -2.758513212 0.620210886 0.558673024 0.409912080 -0.367688924
