1403636868051666432.000000 -0.757897794 0.028499488 0.625170469 -0.769245923 -0.545696914 -0.255201876 0.212949976
1403636870751666432.000000 -0.353318751 -0.039041646 0.629853308 -0.790975332 -0.491577834 -0.303787142 0.201054096
1403636872851666432.000000 -0.848445177 0.081608646 0.618893325 -0.758184731 -0.534141183 -0.276274890 0.252034366
1403636874801666560.000000 -0.637031257 0.055493422 0.592179954 -0.779245853 -0.513963461 -0.274021149 0.231365576
1403636876151666432.000000 -0.772960544 -0.170797497 0.575778008 -0.862693965 -0.328614473 -0.335143924 0.188282415
1403636876251666432.000000 -0.727982044 -0.194085330 0.578835607 -0.868340492 -0.309844643 -0.344284296 0.177339911
1403636876401666560.000000 -0.644811749 -0.205121443 0.577409804 -0.877473474 -0.292464077 -0.344136804 0.161477864
1403636876501666560.000000 -0.580377042 -0.196698800 0.575782180 -0.879021049 -0.287841082 -0.349005401 0.150548413
1403636876651666432.000000 -0.484766424 -0.157492995 0.578125000 -0.869210482 -0.295520306 -0.367578298 0.148415968
1403636877001666560.000000 -0.391817093 0.026659895 0.586277425 -0.827041864 -0.369755477 -0.378939986 0.188910097
1403636878501666560.000000 -0.759504020 -0.111631691 0.544080913 -0.815548599 -0.435165644 -0.307711840 0.225443736
1403636878901666560.000000 -0.515417218 -0.135939121 0.571194351 -0.836441040 -0.378556341 -0.351301670 0.183435723
1403636879151666432.000000 -0.402768821 -0.069183424 0.583855629 -0.834719837 -0.375614882 -0.355236322 0.189640626
1403636879451666432.000000 -0.379111707 0.061858870 0.605167449 -0.801064551 -0.409697026 -0.375347853 0.222615749
1403636879551666432.000000 -0.406081319 0.101752825 0.610592484 -0.786850393 -0.434080064 -0.369634271 0.236244440
1403636881001666560.000000 -0.846590281 -0.181983218 0.668665707 -0.798784971 -0.437012374 -0.345885694 0.226551846
1403636881151666432.000000 -0.893742025 -0.149257109 0.671342731 -0.778720200 -0.455950648 -0.352335036 0.248120472
1403636881251666432.000000 -0.916480124 -0.116396017 0.672927856 -0.763970673 -0.473307312 -0.348212004 0.266603678
1403636881351666432.000000 -0.925102592 -0.078303337 0.675768614 -0.750347555 -0.491012484 -0.343717843 0.278825104
1403636883901666560.000000 -0.640198231 0.234854788 0.394302577 -0.583328187 -0.560976148 -0.397963762 0.432040334
1403636886801666560.000000 -0.638943493 0.235072762 0.391376048 -0.568182170 -0.558667421 -0.407944113 0.445692122
1403636889301666560.000000 -0.639102101 0.234952867 0.391182423 -0.568350613 -0.558212817 -0.407890141 0.446096003
1403636891801666560.000000 -0.639084697 0.234749183 0.391298622 -0.567938507 -0.558335781 -0.408376455 0.446022034
1403636894301666560.000000 -0.639102340 0.235036224 0.391163975 -0.567769647 -0.558305681 -0.408651471 0.446022838
1403636896801666560.000000 -0.638537586 0.235294059 0.391393185 -0.568544447 -0.559298515 -0.406877846 0.445413202
1403636899401666560.000000 -0.520993054 0.310434014 0.655787766 -0.601740301 -0.542223334 -0.427101851 0.401853949
1403636901351666432.000000 -0.012506440 0.578493059 0.801983654 -0.642847836 -0.511417508 -0.428969324 0.375744879
1403636904101666560.000000 1.263258457 1.040379047 0.816827178 -0.639874935 -0.516259313 -0.428967267 0.374197304
1403636906601666560.000000 2.289453030 1.696448326 1.013651371 -0.635453641 -0.519321263 -0.424424767 0.382580400
1403636907101666560.000000 2.434513569 1.898561716 1.003941536 -0.624725282 -0.534572423 -0.435248941 0.366754889
1403636907851666432.000000 2.647762060 2.266323090 1.054311156 -0.636432707 -0.530365348 -0.411776930 0.379612803
1403636908651666432.000000 2.984022856 2.747362137 1.059782624 -0.614985585 -0.545115888 -0.425371051 0.379078925
1403636909101666560.000000 3.159760475 3.024579287 1.119052887 -0.622735858 -0.548002183 -0.409672409 0.379555374
1403636909501666560.000000 3.339463949 3.309430838 1.152840853 -0.620294034 -0.545204282 -0.416994661 0.379609197
1403636911601666560.000000 4.037841320 4.643729210 0.974091709 -0.611941397 -0.546399534 -0.427655429 0.379586846
1403636912951666432.000000 4.451525211 5.327274799 0.890671134 -0.622289956 -0.530949950 -0.421569705 0.391313553
1403636913201666560.000000 4.570312500 5.434116840 0.830063701 -0.611632407 -0.532778144 -0.436479181 0.389280319
1403636915801666560.000000 5.763776779 6.250166416 0.814273894 -0.625124693 -0.526990652 -0.423780650 0.389756382
1403636916351666432.000000 6.009941578 6.409209728 0.892770588 -0.615154147 -0.538286984 -0.434564501 0.378135383
1403636919051666432.000000 6.443264008 6.928141117 0.848402858 -0.705799401 -0.405947000 -0.481919557 0.323740453
1403636921751666432.000000 6.733132362 6.509528637 1.030422926 -0.725927591 -0.396694362 -0.482310146 0.288166106
1403636924651666432.000000 7.092362881 6.340240002 0.760468841 -0.762000561 -0.304219216 -0.519496560 0.238598228
1403636925301666560.000000 7.384865284 6.439154148 0.668734848 -0.764957547 -0.298029423 -0.532175899 0.206899419
1403636927901666560.000000 8.780301094 6.926152229 0.371463120 -0.820973992 -0.182795748 -0.527947903 0.117722049
1403636930601666560.000000 10.550175667 7.267940998 0.511953294 -0.791895926 -0.185390115 -0.565653205 0.136263654
1403636933301666560.000000 10.373362541 6.547800064 0.648620903 -0.824786484 -0.067851327 -0.559487104 0.045799777
1403636934201666560.000000 9.966261864 6.439860344 0.609072208 -0.812412858 -0.028188620 -0.581641376 0.029736703
1403636936951666432.000000 8.921863556 5.638952732 0.571627915 0.811345339 -0.101485744 0.571491420 0.069405369
1403636939151666432.000000 8.396074295 5.104507446 0.377213448 0.806219459 -0.141933858 0.568121433 0.084278695
1403636939451666432.000000 8.247076035 4.982316494 0.348253965 0.802842677 -0.135420173 0.574688196 0.082694642
1403636939651666432.000000 8.143375397 4.900752068 0.351677477 0.794399023 -0.129506096 0.587670624 0.082471617
1403636939951666432.000000 7.960325718 4.786285400 0.361910015 0.793569267 -0.133614048 0.588394821 0.078654446
1403636941851666432.000000 6.613806248 3.929484367 0.341422915 0.802564859 -0.148660257 0.568968892 0.100320518
1403636942951666432.000000 5.932775974 3.414298296 0.354246587 0.803941965 -0.161540970 0.563711226 0.099054046
1403636943251666432.000000 5.762774944 3.247010231 0.380598783 0.797996998 -0.162724838 0.570776880 0.104572132
1403636946201666560.000000 4.623722076 2.554686785 0.169550329 0.811739683 -0.117662728 0.565153837 0.088518001
1403636947701666560.000000 4.441455364 2.580687761 -0.259292006 0.820595086 -0.139312565 0.547510087 0.086304918
1403636948201666560.000000 4.554536343 2.477043629 -0.295826286 0.823316514 -0.123521030 0.544821501 0.100309655
1403636948951666432.000000 4.921905041 2.538337708 -0.426530987 0.806538582 -0.112724058 0.573859453 0.086453348
1403636950151666432.000000 5.413856506 2.902072668 -0.554690361 0.823666930 -0.121822692 0.550429463 0.061314378
1403636951351666432.000000 5.945711136 3.123770475 -0.556278825 0.820079684 -0.117159404 0.556343198 0.065001830
1403636951651666432.000000 6.083721161 3.177542925 -0.573787928 0.825272202 -0.112543166 0.548514307 0.073430412
1403636953501666560.000000 7.081495285 3.602284431 -0.824117064 0.815171421 -0.113222815 0.563750982 0.069720976
1403636953951666432.000000 7.325163841 3.676772118 -0.810268223 0.819663048 -0.096896805 0.558449924 0.083049573
1403636954751666432.000000 7.871394157 3.922114134 -0.719464600 0.817495048 -0.109597109 0.559334755 0.082673244
1403636955151666432.000000 8.184518814 4.074620724 -0.793887198 0.807929754 -0.120974831 0.569002032 0.094082206
1403636955351666432.000000 8.335711479 4.160986900 -0.810140550 0.806270361 -0.127932653 0.568796575 0.100159436
1403636956151666432.000000 8.916564941 4.575734138 -0.824458838 0.800954342 -0.161910787 0.570680976 0.081119895
1403636956451666432.000000 9.101620674 4.706062794 -0.811623156 0.802641392 -0.153085902 0.567519426 0.101258747
1403636956651666432.000000 9.216124535 4.789391994 -0.830241978 0.797614574 -0.140279308 0.579259276 0.092690334
1403636959301666560.000000 9.948663712 5.439103603 -0.872372508 -0.792465627 -0.212574601 -0.553620279 0.142530337
1403636959801666560.000000 10.052797318 5.552636623 -0.991391420 -0.790933430 -0.203290910 -0.559310734 0.142368436
1403636962301666560.000000 9.952363014 6.440813541 -0.836367667 -0.672497332 -0.460909486 -0.480600625 0.323005855
1403636962651666432.000000 9.865634918 6.536450386 -0.704728723 -0.622111917 -0.527392387 -0.457460433 0.354350090
1403636963301666560.000000 9.591718674 6.671358109 -0.595016181 -0.600543857 -0.541364610 -0.441469252 0.389071196
1403636964101666560.000000 9.175971985 6.679641724 -0.502833545 -0.614686251 -0.529384553 -0.449304104 0.374217421
1403636964601666560.000000 8.875316620 6.620167255 -0.401133507 -0.602058470 -0.540779531 -0.455245852 0.371260613
1403636964851666432.000000 8.690577507 6.571017265 -0.396598995 -0.576636553 -0.567766011 -0.445908844 0.382488310
1403636967401666560.000000 6.503101826 5.918564320 0.026520684 -0.542965055 -0.595648408 -0.402655035 0.433890402
1403636968451666432.000000 5.850885391 5.220213890 -0.173964679 -0.545948446 -0.593096614 -0.401902288 0.434340030
1403636968901666560.000000 5.576089859 4.810346127 -0.190261468 -0.542720318 -0.596890092 -0.407957882 0.427489430
1403636969251666432.000000 5.344941139 4.464843273 -0.148727894 -0.554385960 -0.597884417 -0.392417610 0.425674766
1403636969501666560.000000 5.182725430 4.217430115 -0.079743817 -0.561379671 -0.605250478 -0.384977847 0.412694544
1403636969851666432.000000 4.955414772 3.912870169 -0.024293162 -0.564197958 -0.605156958 -0.384703398 0.409229696
1403636970151666432.000000 4.760085583 3.692460060 -0.026857182 -0.555493295 -0.596988678 -0.395966589 0.422187448
1403636971901666560.000000 3.829095125 3.049662590 -0.177014709 -0.552660882 -0.591248333 -0.386683762 0.442116439
1403636972301666560.000000 3.775753736 2.989766836 -0.232128426 -0.560432971 -0.595842957 -0.374816537 0.436346889
1403636973301666560.000000 3.776875973 2.872125149 -0.184301153 -0.580944300 -0.580394626 -0.398748457 0.408222288
1403636974001666560.000000 3.781504631 2.825668812 -0.319809407 -0.583607554 -0.568496108 -0.413057894 0.406936795
1403636976751666432.000000 3.998357773 2.690268993 -0.551772833 -0.784018457 -0.228488877 -0.550507426 0.173347622
1403636978151666432.000000 4.483642101 2.487590075 -0.837854087 -0.788053989 -0.215357408 -0.551184952 0.169668406
1403636978801666560.000000 4.765154362 2.358833313 -0.828399539 -0.809876919 -0.222475111 -0.522756815 0.146046683
1403636981201666560.000000 6.192859173 2.900488853 -1.046888590 -0.791051984 -0.209119692 -0.553724468 0.154579833
1403636981801666560.000000 6.477202415 3.073561907 -1.121023774 -0.798112094 -0.208692595 -0.549111187 0.133945554
1403636982201666560.000000 6.675601959 3.216166496 -1.092655778 -0.819023013 -0.203145444 -0.520741224 0.129467964
1403636982651666432.000000 6.990968704 3.432581186 -1.082119107 -0.800406158 -0.191546664 -0.547088444 0.152820379
1403636985401666560.000000 9.118311882 5.007949829 -1.123450398 -0.795538127 -0.195632398 -0.558709741 0.129192248
1403636988101666560.000000 9.352839470 6.878490925 -0.935011506 -0.779540479 -0.222380191 -0.555566669 0.184958205
1403636990851666432.000000 7.875513077 5.576852798 -0.586154521 -0.782327414 -0.239452109 -0.551025927 0.164307654
1403636992451666432.000000 6.842457771 4.663462639 -0.489312381 -0.788226247 -0.218819380 -0.554644883 0.152271688
1403636992751666432.000000 6.678027630 4.512777805 -0.452461600 -0.793512344 -0.217551619 -0.549722493 0.144272462
1403636993251666432.000000 6.421043396 4.326164246 -0.419561595 -0.785489619 -0.216790795 -0.557762444 0.157825127
1403636994151666432.000000 5.924874306 4.037031651 -0.257831663 -0.746567726 -0.302955151 -0.549969256 0.219974115
1403636995051666432.000000 5.254013062 3.630181074 -0.242347598 -0.760164976 -0.288541615 -0.532923937 0.234275818
1403636997701666560.000000 3.487463713 2.056091547 0.059186839 -0.700742900 -0.439046055 -0.474847078 0.301194668
1403636999701666560.000000 2.867823362 1.823736668 0.550249279 -0.693510413 -0.416006088 -0.505883396 0.300107032
1403637000201666560.000000 2.630793095 1.746003151 0.536260843 -0.693443775 -0.420350492 -0.507031143 0.292165607
1403637002651666432.000000 1.084369183 1.000530839 0.647910655 -0.703486025 -0.416069716 -0.500730813 0.285065264
1403637003151666432.000000 0.769498587 0.852786064 0.665502310 -0.707696319 -0.409060419 -0.499922723 0.286204189
1403637003501666560.000000 0.553162873 0.758511305 0.639462173 -0.707318127 -0.402508467 -0.503965080 0.289322108
1403637003801666560.000000 0.370163769 0.674674392 0.669099450 -0.709526420 -0.400817543 -0.501607537 0.290357441
1403637004101666560.000000 0.193579957 0.587544739 0.662682474 -0.711229205 -0.410319626 -0.495582312 0.283176899
1403637004401666560.000000 0.026318505 0.517451167 0.645468116 -0.711187184 -0.410774052 -0.493264407 0.286649227
1403637004901666560.000000 -0.224553794 0.411483228 0.732820690 -0.720676184 -0.386664093 -0.488864362 0.303526759
1403637005301666560.000000 -0.360340565 0.309149802 0.665824652 -0.719339013 -0.397973061 -0.495316893 0.280766964
1403637005651666432.000000 -0.456602633 0.236237466 0.597921014 -0.715291142 -0.403035700 -0.495677531 0.283239365
1403637006151666432.000000 -0.571268201 0.167934239 0.629062653 -0.712368608 -0.402728885 -0.497253120 0.288235754
1403637006651666432.000000 -0.648936987 0.127227828 0.625386298 -0.718461335 -0.405386657 -0.480725765 0.297283769
1403637007151666432.000000 -0.663684368 0.118551880 0.584742963 -0.666627169 -0.472930759 -0.467965901 0.336084515
1403637007401666560.000000 -0.665405273 0.109473713 0.562708974 -0.644840419 -0.488726377 -0.474498689 0.346667647
1403637007651666432.000000 -0.680380642 0.087798208 0.530283511 -0.651833475 -0.496904045 -0.460408837 0.340915471
1403637008151666432.000000 -0.730722189 0.063840151 0.480565041 -0.661477566 -0.487254649 -0.457644463 0.339988261
1403637008401666560.000000 -0.753577173 0.060851999 0.472405344 -0.670822024 -0.492852956 -0.450071037 0.323310673
1403637008701666560.000000 -0.777423441 0.085340075 0.482262939 -0.665416718 -0.472517431 -0.463706076 0.344854444
1403637009051666432.000000 -0.780308485 0.105850384 0.454381734 -0.678655148 -0.466136247 -0.448724389 0.347549438
1403637009301666560.000000 -0.745182931 0.116198987 0.414033800 -0.665422082 -0.483382732 -0.469858527 0.320605040
1403637009751666432.000000 -0.711145043 0.116045535 0.383370072 -0.648057401 -0.457626730 -0.467867732 0.389485806
1403637010051666432.000000 -0.711742997 0.119260624 0.381086171 -0.646648288 -0.456772804 -0.468688130 0.391836882
1403637010551666432.000000 -0.712682605 0.112462983 0.384491444 0.646690845 0.457188249 0.468713433 -0.391251177
