1403636870451666432.000000 -1.190512419 0.941530406 0.044444367 -0.706743598 -0.602263451 -0.271447182 0.253197163
1403636873351666432.000000 -1.347015858 0.965049088 0.017149998 -0.706158102 -0.606422186 -0.249740437 0.266875654
1403636876151666432.000000 -1.461020350 0.719742060 -0.019839860 -0.812280357 -0.439954966 -0.305147827 0.231354952
1403636876351666432.000000 -1.358346939 0.712368309 -0.017293010 -0.828745723 -0.409427792 -0.317933440 0.210873559
1403636876551666432.000000 -1.240653753 0.762530208 -0.019848036 -0.832511425 -0.400302619 -0.329888135 0.194566816
1403636876901666560.000000 -1.131099105 0.949932158 -0.010752875 -0.790980041 -0.450123459 -0.351114243 0.220132172
1403636878501666560.000000 -1.465000510 0.779782474 -0.051245127 -0.751879692 -0.538286448 -0.273736775 0.264561802
1403636878851666432.000000 -1.249988675 0.806364417 -0.027233843 -0.778629422 -0.488298833 -0.320748210 0.228956312
1403636879001666560.000000 -1.177985430 0.852702618 -0.020917831 -0.782050550 -0.483344465 -0.321597725 0.226605594
1403636879151666432.000000 -1.131788611 0.913783133 -0.012952043 -0.778334737 -0.482702076 -0.325770319 0.234664619
1403636879451666432.000000 -1.142408371 1.046427846 0.008816898 -0.740348697 -0.512363851 -0.340666324 0.270764858
1403636880901666560.000000 -1.491019368 0.694165349 0.071826331 -0.743724406 -0.532328427 -0.310551047 0.258956492
1403636881051666432.000000 -1.547435522 0.692900598 0.075323373 -0.727996230 -0.543100953 -0.313268036 0.277355462
1403636881201666560.000000 -1.598909855 0.720529079 0.077711925 -0.704044938 -0.561898112 -0.311596662 0.302487552
1403636881351666432.000000 -1.631762862 0.769594550 0.080827072 -0.680073738 -0.585074902 -0.301596403 0.322841525
1403636883851666432.000000 -1.440594316 1.145233631 -0.200708419 -0.506605983 -0.632286489 -0.337610245 0.479148686
1403636886701666560.000000 -1.439995885 1.146787405 -0.205557778 -0.489570767 -0.629848063 -0.345067203 0.494510472
1403636889201666560.000000 -1.440522313 1.146803975 -0.206010684 -0.490311474 -0.628719687 -0.345359921 0.495007902
1403636892051666432.000000 -1.439978957 1.146952391 -0.206210226 -0.489889503 -0.628399789 -0.345169276 0.495963931
1403636894551666432.000000 -1.439918280 1.146791697 -0.205678135 -0.489878684 -0.628981650 -0.345006973 0.495349586
1403636897451666432.000000 -1.424340248 1.130588055 -0.205855370 -0.494090796 -0.634947062 -0.344043046 0.484098136
1403636900201666560.000000 -1.220058203 1.415237069 0.078975923 -0.565145195 -0.579105675 -0.406149805 0.424605697
1403636900601666560.000000 -1.133709431 1.476500034 0.170273855 -0.566313148 -0.594566762 -0.390457958 0.416320115
1403636901101666560.000000 -1.020682096 1.584092379 0.192036405 -0.573350728 -0.590306699 -0.371015549 0.430295795
1403636903501666560.000000 -0.014713228 2.272131205 0.163595662 -0.557544529 -0.601537824 -0.391919285 0.416768193
1403636904001666560.000000 0.147340804 2.395299911 0.187098786 -0.566279829 -0.598557115 -0.375562072 0.424275577
1403636904351666432.000000 0.281679839 2.514982700 0.268956810 -0.566508114 -0.592276156 -0.377021670 0.431430429
1403636906101666560.000000 0.942636669 3.101652861 0.382055432 -0.555495203 -0.615009487 -0.382007241 0.408972889
1403636906401666560.000000 0.978824437 3.238597155 0.382616639 -0.550127387 -0.606383324 -0.385493875 0.425503939
1403636907451666432.000000 1.133381844 3.734249592 0.384690255 -0.554538012 -0.617060125 -0.368284702 0.419631749
1403636909151666432.000000 1.505684257 4.875200748 0.512289584 -0.545085847 -0.624283910 -0.355684519 0.432018012
1403636910401666560.000000 1.801762104 5.860521317 0.393000364 -0.536194861 -0.619183064 -0.374893099 0.434237927
1403636910651666432.000000 1.827041030 6.031376839 0.390122682 -0.534741819 -0.622543514 -0.373491675 0.432428956
1403636912351666432.000000 2.006112337 7.026079655 0.334165633 -0.539115906 -0.617489219 -0.371294796 0.436120749
1403636913551666432.000000 2.352407217 7.706174374 0.205167532 -0.542246461 -0.611829281 -0.370462298 0.440898389
1403636916351666432.000000 3.367123842 8.841214180 0.300468147 -0.538227737 -0.615429580 -0.379235148 0.433287621
1403636919051666432.000000 3.652864456 9.491822243 0.285773516 -0.646774173 -0.499462575 -0.431230813 0.382439941
1403636921751666432.000000 4.067965508 9.166753769 0.491190672 -0.668525636 -0.493218601 -0.433937103 0.348579288
1403636924651666432.000000 4.461358547 9.051707268 0.118962593 -0.711722195 -0.405812502 -0.482847571 0.309234530
1403636925401666560.000000 4.762655735 9.243472099 -0.019844934 -0.721846879 -0.404898494 -0.493743062 0.266855776
1403636928001666560.000000 5.988403320 10.128394127 -0.185959339 -0.789137423 -0.294700861 -0.504963994 0.188215360
1403636930901666560.000000 7.622717857 10.882876396 -0.024234403 -0.767311692 -0.281013608 -0.528937161 0.229106128
1403636932501666560.000000 7.891342163 10.418177605 0.001838520 -0.764301479 -0.257735968 -0.566707194 0.168102279
1403636935401666560.000000 6.708163261 9.485956192 0.085155226 -0.815656304 -0.008678333 -0.577998996 0.023382477
1403636938201666560.000000 5.476423264 9.066183090 0.092450693 0.796553969 -0.050584171 0.600613177 0.046978515
1403636939551666432.000000 4.945559502 8.625675201 -0.001411047 0.807638526 -0.071239576 0.584151745 0.037574366
1403636940051666432.000000 4.683107853 8.393448830 0.002146270 0.803439081 -0.082022585 0.588672221 0.034969985
1403636940301666560.000000 4.530039787 8.275141716 -0.033781387 0.806577742 -0.100302242 0.581154168 0.040395960
1403636941451666432.000000 3.761070967 7.621814251 0.008019041 0.810729086 -0.099609792 0.573745608 0.060102005
1403636941751666432.000000 3.585846901 7.456198692 0.011190562 0.812076330 -0.090220258 0.573545337 0.058636263
1403636942301666560.000000 3.285584211 7.173888683 0.065317117 0.812232375 -0.094718710 0.573678195 0.046907760
1403636945101666560.000000 2.034845114 5.779811859 -0.089855917 0.808637559 -0.050089829 0.584901392 0.038558893
1403636947801666560.000000 1.581559062 5.723375320 -0.590374231 0.828271568 -0.073332891 0.553125143 0.051392790
1403636948551666432.000000 1.843329191 5.657046318 -0.711851776 0.826880753 -0.041669108 0.555835903 0.074689150
1403636949701666560.000000 2.362406492 6.083065510 -0.860153377 0.814040720 -0.061378408 0.577306807 0.016948950
1403636949951666432.000000 2.431691885 6.158663273 -0.864523232 0.828779459 -0.060135603 0.556021929 0.018654589
1403636950351666432.000000 2.562357426 6.244624615 -0.879863739 0.830342591 -0.057175186 0.553609729 0.027899049
1403636953101666560.000000 3.854717731 7.040611267 -1.071888208 0.824501216 -0.060373779 0.562359393 0.017452920
1403636953401666560.000000 3.994406700 7.128273964 -1.153175354 0.824403703 -0.058872644 0.562609196 0.019062420
1403636953801666560.000000 4.187072754 7.219192982 -1.177899361 0.825712264 -0.035899129 0.561304629 0.042985544
1403636955601666560.000000 5.380875587 8.043660164 -1.180290937 0.813591838 -0.073727384 0.573372364 0.062264331
1403636955901666560.000000 5.580815792 8.234573364 -1.212783694 0.813571393 -0.080667742 0.572619498 0.060838062
1403636956151666432.000000 5.733615398 8.396429062 -1.193440080 0.810946882 -0.101992838 0.574933469 0.037605479
1403636956501666560.000000 5.919175625 8.576836586 -1.175209522 0.812203825 -0.088745169 0.573263466 0.061791755
1403636956751666432.000000 6.037773132 8.703353882 -1.212268472 0.806285024 -0.072596312 0.586453617 0.026579158
1403636958251666432.000000 6.403760433 9.210619926 -1.234151006 -0.787433088 -0.225788862 -0.545767844 0.176368624
1403636960651666432.000000 6.783551216 9.773100853 -1.347366810 -0.760500133 -0.283747077 -0.557024896 0.175643325
1403636963401666560.000000 6.067009926 10.531344414 -0.955481529 -0.561518252 -0.585074127 -0.403301299 0.423950046
1403636963751666432.000000 5.898973465 10.515585899 -0.951179087 -0.567937911 -0.580805123 -0.410924315 0.413827389
1403636964351666432.000000 5.593151569 10.429491997 -0.801785588 -0.566177011 -0.577653527 -0.418875903 0.412677824
1403636964601666560.000000 5.447623730 10.369941711 -0.764186263 -0.556457937 -0.586974263 -0.421814144 0.409742236
1403636964851666432.000000 5.279871464 10.290436745 -0.755001128 -0.528792024 -0.611901343 -0.411518127 0.420248389
1403636966951666432.000000 3.527577162 9.502865791 -0.305278629 -0.496172071 -0.635015905 -0.353154838 0.475236505
1403636967901666560.000000 3.035235405 8.925487518 -0.345482975 -0.491687685 -0.635837555 -0.370077938 0.465828389
1403636968401666560.000000 2.791297674 8.520663261 -0.522620380 -0.494210362 -0.634253383 -0.365232974 0.469130844
1403636969051666432.000000 2.490361691 7.870087624 -0.495394349 -0.494144768 -0.637977779 -0.366994262 0.462731749
1403636969401666560.000000 2.319750309 7.477498531 -0.426372677 -0.507818282 -0.648420095 -0.349831581 0.446418911
1403636969651666432.000000 2.200854778 7.222352982 -0.373144627 -0.511038721 -0.650092363 -0.348910213 0.440999985
1403636969951666432.000000 2.049452066 6.957238197 -0.359742552 -0.511472821 -0.648999453 -0.350205123 0.441080123
1403636970251666432.000000 1.893728733 6.720757484 -0.388493031 -0.500283182 -0.637715995 -0.363826901 0.458982736
1403636972201666560.000000 1.090842605 5.981372833 -0.618736744 -0.503311813 -0.635573685 -0.346731722 0.471699655
1403636972451666432.000000 1.079026937 5.944210052 -0.617261052 -0.508331597 -0.641837478 -0.340837002 0.462032378
1403636972951666432.000000 1.083729148 5.890291214 -0.555113494 -0.505185843 -0.640212655 -0.353843182 0.457941025
1403636975601666560.000000 1.178529859 5.775753975 -0.902595460 -0.698741496 -0.426937431 -0.489487052 0.299811959
1403636978501666560.000000 1.924380898 5.599341393 -1.189109683 -0.780817449 -0.280346096 -0.521846354 0.198511317
1403636978801666560.000000 2.060627460 5.573736668 -1.178854585 -0.792189360 -0.283534497 -0.506372273 0.188762441
1403636979601666560.000000 2.488351107 5.662802696 -1.328459859 -0.786273539 -0.281446248 -0.515477419 0.191950187
1403636981701666560.000000 3.556820869 6.500322819 -1.497037292 -0.777663171 -0.266088665 -0.538540661 0.185501724
1403636982051666432.000000 3.699264526 6.627256393 -1.477132559 -0.795002222 -0.267074674 -0.517182291 0.170778245
1403636982351666432.000000 3.853056669 6.781270504 -1.483091235 -0.799909353 -0.256686032 -0.510512352 0.183397084
1403636982651666432.000000 4.047056198 6.956676960 -1.467672944 -0.783235371 -0.250616819 -0.533175588 0.198638991
1403636985601666560.000000 5.983229637 8.990256310 -1.493054390 -0.772218943 -0.275169075 -0.543928623 0.179169223
1403636988351666432.000000 5.750137806 10.745586395 -1.281266332 -0.759123385 -0.272392333 -0.539716423 0.241330341
1403636991201666560.000000 4.395793438 8.902400970 -1.035531878 -0.759865940 -0.298201978 -0.538024426 0.210259855
1403636993551666432.000000 3.234795570 7.596614838 -0.760397196 -0.747441888 -0.316734344 -0.534078002 0.236158237
1403636994451666432.000000 2.788934946 7.213325977 -0.683504820 -0.709611058 -0.356237978 -0.543817759 0.271678030
1403636994751666432.000000 2.591346502 7.051583767 -0.683737636 -0.728397071 -0.351528674 -0.519767463 0.275149286
1403636997351666432.000000 1.082680464 5.207728863 -0.352988422 -0.665652692 -0.488295764 -0.449785560 0.340832561
1403636999551666432.000000 0.476245940 4.702637196 0.142913848 -0.658183038 -0.472001165 -0.476434976 0.342081338
1403637000401666560.000000 0.091900006 4.487404823 0.154672429 -0.658590257 -0.472589940 -0.477452368 0.339052886
1403637000851666432.000000 -0.157814071 4.341273308 0.182618991 -0.658023477 -0.470080316 -0.479441464 0.340830684
1403637001251666432.000000 -0.394025534 4.190386295 0.195705488 -0.659638524 -0.466194868 -0.479294926 0.343243033
1403637002001666560.000000 -0.839577556 3.833337069 0.277018517 -0.670454502 -0.465180546 -0.469241500 0.337506026
1403637002551666432.000000 -1.146842241 3.589534283 0.238469452 -0.667369723 -0.470373750 -0.474151134 0.329464495
1403637002851666432.000000 -1.307397723 3.460755110 0.287771076 -0.668362916 -0.468432128 -0.474556953 0.329633296
1403637003451666432.000000 -1.650626898 3.225006580 0.246960685 -0.671656430 -0.458681941 -0.476817816 0.333366603
1403637003801666560.000000 -1.848439813 3.086093903 0.286596686 -0.674218595 -0.456281871 -0.474680185 0.334536880
1403637004151666432.000000 -2.029887915 2.947854757 0.250392616 -0.673788548 -0.466679692 -0.470310628 0.327149898
1403637004451666432.000000 -2.174318790 2.858700991 0.238613948 -0.673651814 -0.463312477 -0.468876332 0.334200323
1403637004751666432.000000 -2.307104349 2.779189110 0.315379679 -0.678853869 -0.446217954 -0.467737943 0.348236054
1403637005051666432.000000 -2.416576385 2.683223724 0.318600357 -0.688502491 -0.446872175 -0.460117579 0.338469416
1403637005301666560.000000 -2.486796618 2.605489254 0.270110607 -0.683303058 -0.453894317 -0.469818085 0.326110184
1403637005551666432.000000 -2.549342632 2.538224936 0.213572755 -0.677835703 -0.456951737 -0.474061519 0.327107817
1403637005851666432.000000 -2.624145746 2.471588612 0.211644128 -0.682582915 -0.459103703 -0.462731808 0.330429643
1403637006351666432.000000 -2.715910673 2.396911383 0.235567898 -0.684917629 -0.460272253 -0.458442390 0.329951316
1403637006851666432.000000 -2.757483244 2.373785257 0.214816958 -0.660664141 -0.478726983 -0.454645991 0.357268065
1403637007151666432.000000 -2.762139082 2.367309093 0.188397884 -0.624742091 -0.523861706 -0.438408285 0.378238767
1403637007501666560.000000 -2.765511990 2.351943254 0.150497049 -0.600685656 -0.540724158 -0.441730082 0.389446497
1403637007801666560.000000 -2.782868862 2.330102682 0.122299373 -0.614409804 -0.549786627 -0.423913926 0.374876350
1403637008101666560.000000 -2.809060097 2.328058004 0.116112888 -0.615315974 -0.535431743 -0.430768728 0.386183172
1403637008551666432.000000 -2.849608660 2.353045702 0.116508260 -0.623251081 -0.532639444 -0.431458741 0.376426160
1403637008801666560.000000 -2.879016876 2.385934353 0.126966029 -0.634394765 -0.518106937 -0.420470864 0.390272766
1403637009251666432.000000 -2.855413437 2.460197687 0.106315829 -0.628863275 -0.529481173 -0.434789896 0.367611796
1403637009451666432.000000 -2.826755285 2.508388758 0.101407677 -0.613994181 -0.538805604 -0.436793685 0.376710892
1403637009651666432.000000 -2.798496723 2.557975531 0.094045162 -0.593706131 -0.513844311 -0.439683080 0.436068654
1403637009901666560.000000 -2.772586823 2.612757921 0.081928372 -0.587018609 -0.501153350 -0.453356892 0.445782423
1403637010401666560.000000 -2.763860464 2.608835220 0.065878034 -0.585582137 -0.501850128 -0.453758299 0.446478903
