1403636579963555584.000000 -0.112747677 1.453048468 0.066355973 -0.629547298 -0.521998882 -0.424587697 0.388474941
1403636582463555584.000000 -0.129965931 1.443483114 -0.034956984 -0.644654274 -0.534430623 -0.409710020 0.361859888
1403636585413555456.000000 -0.093689457 1.477815390 0.191682294 -0.637167871 -0.503867865 -0.466550201 0.349950403
1403636588313555456.000000 0.226854473 1.384764910 0.047852561 -0.740277112 -0.534705043 -0.313613653 0.260243684
1403636591263555584.000000 -0.030634537 1.368784904 0.064417988 -0.713345289 -0.565926313 -0.298742115 0.285690665
1403636592213555456.000000 0.123646565 1.428271532 0.029681582 -0.742341757 -0.496178180 -0.361715764 0.268137306
1403636594713555456.000000 0.180116430 1.428261638 0.001099579 -0.760811090 -0.461529374 -0.374822408 0.260125399
1403636596213555456.000000 -0.000220537 1.270325899 -0.040785860 -0.725887001 -0.533427179 -0.336050361 0.274979472
1403636596513555456.000000 -0.109538846 1.176578164 -0.008551201 -0.723616540 -0.526523530 -0.346782863 0.280880213
1403636597013555456.000000 -0.160621166 1.205935955 -0.000357136 -0.710874021 -0.539076090 -0.357345492 0.276331872
1403636598863555584.000000 -0.084985286 1.492971778 -0.116200499 -0.606707990 -0.630515754 -0.320927441 0.362437516
1403636601813555456.000000 -0.040028416 1.596829653 -0.228463113 -0.568423331 -0.558344364 -0.400985062 0.452059150
1403636604313555456.000000 -0.040010095 1.596866369 -0.228533685 -0.568472624 -0.558192968 -0.401001990 0.452169031
1403636606813555456.000000 -0.040003449 1.596800327 -0.228545398 -0.568456054 -0.558204591 -0.401003480 0.452174306
1403636609313555456.000000 -0.039956629 1.596966267 -0.228555530 -0.568456292 -0.558236837 -0.401023149 0.452116668
1403636611813555456.000000 -0.039685778 1.596560955 -0.228630126 -0.568725228 -0.557992518 -0.400828898 0.452252328
1403636614313555456.000000 -0.039324790 1.597004533 -0.228796929 -0.568322957 -0.558077991 -0.401395351 0.452150226
1403636616813555456.000000 -0.039305739 1.596946478 -0.228789017 -0.568385601 -0.558054686 -0.401265532 0.452215493
1403636619313555456.000000 -0.039333299 1.596980333 -0.228809610 -0.568525136 -0.557899654 -0.401202977 0.452286810
1403636621813555456.000000 -0.039241359 1.596853971 -0.228740633 -0.568366230 -0.558055699 -0.401344091 0.452168912
1403636624663555584.000000 -0.018759392 1.579594731 -0.228074998 -0.583720148 -0.563342214 -0.396349758 0.429910839
1403636627163555584.000000 0.077407137 1.598288894 0.089380026 -0.568108380 -0.592939973 -0.393123388 0.413677663
1403636628513555456.000000 0.231677026 1.580852866 0.238698840 -0.606761277 -0.541264236 -0.417355001 0.405818343
1403636631213555456.000000 1.290109634 2.114629745 0.256935745 -0.691369355 -0.438447326 -0.481086612 0.313573152
1403636633513555456.000000 1.999768376 3.023605108 0.056925196 -0.637487352 -0.526851535 -0.427754402 0.364778906
1403636635563555584.000000 2.717311144 4.335746765 0.037538957 -0.620667458 -0.545822680 -0.412865520 0.382611454
1403636635813555456.000000 2.802572012 4.512924194 0.077070497 -0.620765805 -0.536374211 -0.415552706 0.392770261
1403636637763555584.000000 3.380209446 5.624709606 0.319050074 -0.610354662 -0.552306354 -0.420536339 0.381541789
1403636638613555456.000000 3.455149651 6.017985821 0.309128016 -0.627437115 -0.555036128 -0.390836120 0.381450891
1403636641513555456.000000 4.315554619 7.556754112 0.124133021 -0.580967307 -0.569476485 -0.407815754 0.414559871
1403636643213555456.000000 4.617073059 7.851335526 0.121888489 -0.618063509 -0.534251690 -0.429555625 0.384778768
1403636643713555456.000000 4.717672825 7.938972950 0.144813612 -0.625586987 -0.546956420 -0.412894160 0.372824520
1403636644513555456.000000 4.936184883 8.289073944 0.162845165 -0.621849060 -0.522748470 -0.417108715 0.407502353
1403636646763555584.000000 6.095902920 9.761331558 -0.031575494 -0.685346425 -0.425412625 -0.494009227 0.324467599
1403636647013555456.000000 6.242007256 9.894465446 0.037966490 -0.690893352 -0.420588046 -0.495773196 0.316197813
1403636649413555456.000000 7.514911652 10.185176849 0.097137064 -0.765029788 -0.275644988 -0.545707881 0.202366367
1403636649813555456.000000 7.688298702 10.146349907 0.277548105 -0.762045979 -0.265446812 -0.553087175 0.207167462
1403636650113555456.000000 7.793008804 10.093476295 0.347346902 -0.764429152 -0.250919461 -0.561157346 0.194396079
1403636652163555584.000000 7.916894913 9.375319481 0.311864078 -0.803557038 -0.075275220 -0.585237741 0.078272909
1403636654713555456.000000 7.791325092 8.141113281 0.290019065 0.812679172 -0.093457550 0.572224736 0.058113717
1403636655063555584.000000 7.723028660 8.022557259 0.295526952 0.803839087 -0.113985024 0.578718245 0.077042177
1403636655413555456.000000 7.637680531 7.919287682 0.256642222 0.792147458 -0.130083591 0.590691030 0.081638135
1403636655663555584.000000 7.536300182 7.850887299 0.245511651 0.797052383 -0.160580784 0.574335814 0.095182724
1403636656463555584.000000 7.162645340 7.567985535 0.142946854 0.791515768 -0.238507941 0.543516457 0.145625189
1403636656863555584.000000 7.016724586 7.377471924 0.194517434 0.776694119 -0.223198339 0.568654776 0.153493971
1403636658713555456.000000 5.989168644 6.394072056 0.002472827 0.794211328 -0.226577401 0.537918210 0.168923229
1403636659163555584.000000 5.819093704 6.146240234 -0.098429807 0.777599633 -0.227206632 0.561296701 0.169298381
1403636659463555584.000000 5.711251259 6.027392864 -0.176250279 0.785651147 -0.228989109 0.550273776 0.165876627
1403636659863555584.000000 5.585934639 5.904177189 -0.247239575 0.781622767 -0.230404735 0.553810894 0.171093702
1403636662213555456.000000 5.656069756 5.979660988 -0.827150226 0.774689674 -0.233334526 0.564236462 0.164463088
1403636662563555584.000000 5.623971462 6.100547791 -0.826951146 0.788662612 -0.232757598 0.542533636 0.171733975
1403636663463555584.000000 5.594473362 6.272389889 -0.979236484 0.804377437 -0.242254868 0.515966892 0.167534381
1403636663813555456.000000 5.670019627 6.253869534 -1.082051039 0.810406804 -0.227056324 0.507178485 0.185623884
1403636664213555456.000000 5.908108234 6.275228977 -1.115261674 0.791549981 -0.209999695 0.540611565 0.192582607
1403636666963555584.000000 7.511039734 7.550277233 -1.087535858 0.804469526 -0.223662436 0.537495911 0.117906429
1403636668613555456.000000 8.179928780 7.995695114 -1.242441535 0.796130419 -0.214260206 0.545007706 0.152432367
1403636669613555456.000000 8.712878227 8.408768654 -1.364653707 0.772098601 -0.211486354 0.575852931 0.165924028
1403636669913555456.000000 8.818125725 8.612699509 -1.392146707 0.762561977 -0.229834840 0.590201259 0.131673098
1403636670263555584.000000 8.838680267 8.825654984 -1.357553720 0.760029793 -0.247283846 0.594846010 0.085812353
1403636670613555456.000000 8.718077660 8.913134575 -1.329840302 0.766795158 -0.225323141 0.599865735 0.037626486
1403636672713555456.000000 6.931595325 6.969723225 -0.710804045 -0.815400600 -0.058458172 -0.575814068 0.011945096
1403636674213555456.000000 7.177908897 7.014559746 -0.801015794 -0.812864602 -0.126482517 -0.564526021 0.067556590
1403636676713555456.000000 8.429369926 8.455466270 -1.286398768 -0.742089033 -0.358580291 -0.513879180 0.238017574
1403636677913555456.000000 8.757164955 9.372092247 -1.371347189 -0.687826574 -0.433068067 -0.474409550 0.338056743
1403636680513555456.000000 8.687812805 9.962373734 -1.037491679 -0.421988845 -0.690393329 -0.366682231 0.459158629
1403636683213555456.000000 7.063278198 8.799112320 -0.964594603 -0.450038284 -0.672555506 -0.336320460 0.481687784
1403636685913555456.000000 5.717863560 7.160179615 -1.003427744 -0.445585519 -0.681413829 -0.330750316 0.477213889
1403636688463555584.000000 4.821751595 5.854365349 -1.236425161 -0.446412623 -0.681001365 -0.317729563 0.485799253
1403636689963555584.000000 4.275027752 5.280387878 -1.263636470 -0.447201610 -0.699874997 -0.258954108 0.493080616
1403636690213555456.000000 4.202019215 5.285939693 -1.237216115 -0.441516131 -0.705135763 -0.272928327 0.483070701
1403636690463555584.000000 4.137215614 5.333205700 -1.190173388 -0.438373268 -0.705448687 -0.280056059 0.481393486
1403636690663555584.000000 4.086647034 5.393157005 -1.160952330 -0.446529061 -0.695987225 -0.268838882 0.493902206
1403636691313555456.000000 4.156557560 5.680785656 -1.197395205 -0.420652151 -0.659841359 -0.297866344 0.546751201
1403636691663555584.000000 4.393119812 5.767985344 -1.117047071 -0.417623997 -0.692492962 -0.291575640 0.510908306
1403636694413555456.000000 5.536829472 6.036198616 -0.438120872 -0.415661335 -0.702150583 -0.290354431 0.499904603
1403636694913555456.000000 5.561665058 6.154970646 -0.439416647 -0.423966676 -0.697295487 -0.284178108 0.503263414
1403636695413555456.000000 5.614926815 6.279567719 -0.456685781 -0.424197972 -0.697695255 -0.295820117 0.495749921
1403636698363555584.000000 5.335868359 6.164104939 -0.434254557 -0.511974752 -0.638382614 -0.363572270 0.445156902
1403636701063555584.000000 4.897038937 5.590502262 -0.907728195 -0.760512233 -0.316876948 -0.516452670 0.233423948
1403636703313555456.000000 5.545875072 5.344023228 -1.298946977 -0.787146866 -0.222558871 -0.542272687 0.191853642
1403636705263555584.000000 6.471331120 5.483148098 -1.473759413 -0.785424054 -0.262494445 -0.534292340 0.169520900
1403636705563555584.000000 6.676662922 5.620275497 -1.499864459 -0.787635565 -0.262603313 -0.531091154 0.169150978
1403636705863555584.000000 6.886794567 5.787628174 -1.553878427 -0.784009218 -0.256385833 -0.536952317 0.176855788
1403636706513555456.000000 7.353274345 6.123019695 -1.626441240 -0.776406586 -0.265701354 -0.543627620 0.176252097
1403636706913555456.000000 7.616018295 6.329304218 -1.643239498 -0.785380602 -0.265729725 -0.532720685 0.169628128
1403636707263555584.000000 7.840957642 6.547471046 -1.612623692 -0.783751428 -0.256787062 -0.540807247 0.165292189
1403636707613555456.000000 8.054467201 6.801233292 -1.524277091 -0.788880646 -0.251022786 -0.536733150 0.163010195
1403636710113555456.000000 9.394966125 8.454697609 -1.721643686 -0.776310265 -0.253847212 -0.554118395 0.160800457
1403636712763555584.000000 8.875385284 9.663100243 -1.643980861 -0.699979365 -0.378882289 -0.533949018 0.285264075
1403636715663555584.000000 7.343367577 8.809917450 -1.115428209 -0.665964484 -0.472982824 -0.450462520 0.360363990
1403636717413555456.000000 7.067628860 8.134140015 -1.087872148 -0.594233155 -0.557166278 -0.438759625 0.379397869
1403636720213555456.000000 5.901059151 6.934637547 -1.320968270 -0.524553776 -0.627173722 -0.358510673 0.450518101
1403636723163555584.000000 5.679312229 5.900582314 -1.416362762 -0.597364664 -0.553129137 -0.421906561 0.398996860
1403636725663555584.000000 5.301834106 5.106835365 -1.100898623 -0.677798688 -0.458947420 -0.471835017 0.327609569
1403636728163555584.000000 5.080471516 4.598683834 -0.613626242 -0.657459319 -0.476741523 -0.477681190 0.335090131
1403636731063555584.000000 4.072613716 3.631440401 -0.429809809 -0.645268023 -0.517186940 -0.417230964 0.376915246
1403636733963555584.000000 3.575942039 2.870532513 -0.409437925 -0.622344851 -0.531985462 -0.440828115 0.367898107
1403636736863555584.000000 2.642199755 2.166932821 -0.070630372 -0.586228311 -0.563103080 -0.433188498 0.389357328
1403636739163555584.000000 2.211966515 1.990787029 0.047895640 -0.680087864 -0.453247339 -0.456711859 0.351371169
1403636741913555456.000000 2.633896112 1.814772725 -0.696221709 -0.740360558 -0.357509077 -0.511406243 0.250034302
1403636744513555456.000000 3.172479391 2.218106031 -1.498898149 -0.751488209 -0.305210739 -0.527963877 0.251726478
1403636747363555584.000000 3.420024872 2.529907227 -1.865585446 -0.751714468 -0.318737686 -0.531692624 0.225021511
1403636749763555584.000000 3.510310173 2.977196217 -1.250079751 -0.755365193 -0.291984141 -0.549125612 0.206470087
1403636750263555584.000000 3.492619276 2.966150284 -1.195934653 -0.748709023 -0.296814144 -0.549364805 0.222563863
1403636751263555584.000000 3.289448500 2.882892370 -0.728769600 -0.758774340 -0.319610626 -0.524777114 0.216147348
1403636752213555456.000000 3.196338892 2.881092072 -0.367506772 -0.752383530 -0.333277553 -0.516644478 0.236481428
1403636754963555584.000000 2.696772099 2.809570789 -0.028363794 -0.577072799 -0.567589939 -0.428340435 0.401687890
1403636755913555456.000000 2.147591829 2.526792049 0.015509591 -0.575951159 -0.578910589 -0.412904441 0.403302401
1403636756413555456.000000 1.825774908 2.408545971 0.057286371 -0.571961880 -0.576462924 -0.416740447 0.408506423
1403636756863555584.000000 1.527657747 2.279450178 0.065740518 -0.568776906 -0.576502264 -0.415410221 0.414212942
1403636757263555584.000000 1.263505936 2.119457722 0.102583706 -0.568657041 -0.577503622 -0.412690938 0.415698141
1403636757713555456.000000 0.960548103 1.912131071 0.094898984 -0.567670643 -0.603274763 -0.392544210 0.399648339
1403636757913555456.000000 0.815630317 1.840638638 0.134630322 -0.566407919 -0.612990379 -0.378183305 0.400502622
1403636758263555584.000000 0.561830163 1.762680888 0.224262327 -0.549415648 -0.599942446 -0.390994281 0.430505425
1403636758513555456.000000 0.390013129 1.703859210 0.229948118 -0.566173196 -0.604313076 -0.366402149 0.424267709
1403636759013555456.000000 0.126488417 1.671994090 0.196769685 -0.556356430 -0.595881939 -0.384462208 0.433106393
1403636759313555456.000000 0.018637925 1.666509986 0.144280806 -0.570799351 -0.576035440 -0.360445946 0.460922956
1403636759663555584.000000 -0.019113339 1.644436836 0.053340573 -0.549249709 -0.596550286 -0.389628947 0.436625510
1403636760013555456.000000 -0.032930754 1.599205375 0.023055995 -0.553858757 -0.604514122 -0.382035494 0.426441133
1403636760513555456.000000 -0.044807270 1.546746373 -0.040097907 -0.547637999 -0.599332273 -0.392198980 0.432519704
1403636761013555456.000000 -0.066853225 1.488584518 -0.113108084 -0.546554565 -0.610375285 -0.390109539 0.420160323
1403636761263555584.000000 -0.098093361 1.467218518 -0.148173228 -0.560735404 -0.620449007 -0.368302464 0.406167656
1403636761563555584.000000 -0.145590454 1.481004834 -0.158917099 -0.549184799 -0.607812524 -0.386124909 0.424108058
1403636762063555584.000000 -0.204921871 1.506190538 -0.135970533 -0.548482418 -0.600955069 -0.391606599 0.429725915
1403636762513555456.000000 -0.261758178 1.519250631 -0.132691056 -0.566024184 -0.607195675 -0.369531184 0.417584598
1403636762963555584.000000 -0.284177065 1.545329332 -0.211177215 -0.553296089 -0.586551785 -0.394025952 0.441094041
1403636763363555584.000000 -0.256231725 1.511881590 -0.234752461 -0.586618662 -0.551555097 -0.398535341 0.439130127
1403636763513555456.000000 -0.254893094 1.503127337 -0.242009655 -0.587544560 -0.551453292 -0.397487223 0.438969880
1403636763663555584.000000 -0.253072411 1.492329359 -0.248839885 -0.587409317 -0.551497698 -0.397673160 0.438926816
1403636763813555456.000000 -0.250977963 1.480037808 -0.255413920 0.587715209 0.551196873 0.397305340 -0.439228058
