1403638147245096960.000000 -2.102234602 -0.243622839 1.729913354 -0.574958503 -0.614615142 -0.365733832 0.397378504
1403638147495097088.000000 -2.101130247 -0.245983750 1.727956414 -0.574336112 -0.614311218 -0.366360247 0.398170739
1403638147795097088.000000 -2.102165699 -0.242040455 1.729928017 -0.572698295 -0.612631977 -0.368439525 0.401187032
1403638148095097088.000000 -2.103538036 -0.212487072 1.765967131 -0.564491510 -0.595252812 -0.388589293 0.419549674
1403638150145096960.000000 -2.280193806 0.145041883 2.161183596 -0.525203645 -0.629298925 -0.380833656 0.427913338
1403638152895097088.000000 -3.973197937 0.816751599 2.271171808 -0.374279886 -0.734550595 -0.261080623 0.502182305
1403638153245096960.000000 -4.312322140 0.885519624 2.344136238 -0.344384402 -0.754607916 -0.233397007 0.507436752
1403638153445096960.000000 -4.510481834 0.930679858 2.371947289 -0.324581832 -0.765357077 -0.222841397 0.509133458
1403638153845096960.000000 -4.946918964 1.020494819 2.449227095 -0.262507081 -0.787823200 -0.194718122 0.522024572
1403638155095097088.000000 -6.354727745 1.036831379 2.480418444 -0.201247558 -0.792218745 -0.168003857 0.551056683
1403638155195097088.000000 -6.459051132 1.008140802 2.504411459 -0.192053542 -0.792693496 -0.161176831 0.555674791
1403638155595097088.000000 -6.862878323 0.845830202 2.536635160 -0.154166505 -0.790870845 -0.137632400 0.576032519
1403638156145096960.000000 -7.307596684 0.496789992 2.493007183 -0.062161352 -0.818625212 -0.040928856 0.569485307
1403638156495097088.000000 -7.552440643 0.272304624 2.522993326 -0.017979614 -0.831386089 0.001783215 0.555401564
1403638156645096960.000000 -7.663516998 0.187121511 2.518534660 -0.011833888 -0.831938624 0.006777792 0.554700136
1403638157345096960.000000 -8.293203354 -0.130014896 2.482746601 -0.016557466 -0.836530924 0.000611623 0.547669172
1403638157795097088.000000 -8.797238350 -0.306739599 2.506510496 0.035095636 -0.821714699 0.011929891 0.568692267
1403638158095097088.000000 -9.135306358 -0.446981400 2.554068804 0.078106329 -0.818993986 0.055502314 0.565745294
1403638158495097088.000000 -9.570866585 -0.618643224 2.567089558 0.099671274 -0.816037714 0.067531176 0.565320909
1403638158695097088.000000 -9.781494141 -0.700623274 2.552407265 0.100697003 -0.813908994 0.064126313 0.568594754
1403638159145096960.000000 -10.240902901 -0.892562509 2.568371058 0.085917979 -0.835241318 0.072294600 0.538296819
1403638159645096960.000000 -10.820949554 -1.071628094 2.623435497 0.062017202 -0.796937644 0.100053541 0.592480838
1403638159995097088.000000 -11.172627449 -1.089727879 2.743070602 0.075713791 -0.791665912 0.083519779 0.600463986
1403638160345096960.000000 -11.426807404 -1.038120985 2.959218264 0.089625522 -0.818221211 0.070397452 0.563493967
1403638160695097088.000000 -11.675051689 -0.982854247 3.201648474 0.090261586 -0.824935853 0.069173977 0.553668499
1403638161095097088.000000 -11.976176262 -0.902933598 3.422620296 0.042935748 -0.804948568 0.063734017 0.588347197
1403638161245096960.000000 -12.071780205 -0.854292333 3.490208149 0.016778776 -0.809316814 0.038706869 0.585855484
1403638162145096960.000000 -12.588364601 -0.458570063 3.748590946 -0.080711409 -0.818003953 -0.026797986 0.568891108
1403638162295097088.000000 -12.673597336 -0.373802722 3.791874170 -0.088756710 -0.820694327 -0.025181342 0.563869536
1403638164095097088.000000 -13.459300041 1.215022922 4.254570961 -0.171350673 -0.798426092 -0.087087810 0.570587754
1403638166095097088.000000 -13.012245178 3.451252699 4.393037319 -0.201535657 -0.790503621 -0.133673519 0.562688828
1403638166395097088.000000 -12.821099281 3.742165327 4.460348606 -0.191308290 -0.797913373 -0.137189880 0.554900229
1403638166845096960.000000 -12.559732437 4.130585194 4.631189823 -0.199943021 -0.802021325 -0.113537177 0.551265717
1403638166995097088.000000 -12.479937553 4.258416176 4.651647091 -0.209164381 -0.812736452 -0.098446682 0.534806550
1403638167295097088.000000 -12.363496780 4.555837631 4.715726852 -0.199065924 -0.818457186 -0.112064026 0.527202368
1403638168995097088.000000 -12.146247864 6.879983902 5.025695324 -0.302323222 -0.782078564 -0.210505456 0.502634406
1403638169445096960.000000 -12.216194153 7.551164150 4.959411144 -0.327565342 -0.743022263 -0.186834276 0.552912235
1403638169595097088.000000 -12.223478317 7.780512333 4.931618214 -0.346770048 -0.728226066 -0.198916942 0.556659222
1403638169895097088.000000 -12.171628952 8.232107162 4.922928333 -0.378612041 -0.715915859 -0.264356703 0.523672640
1403638170845096960.000000 -11.805963516 9.277271271 4.972948074 -0.543824971 -0.585712373 -0.364445359 0.477886051
1403638171045096960.000000 -11.660798073 9.423963547 4.989464760 -0.567983925 -0.562483132 -0.386749625 0.459817171
1403638171495097088.000000 -11.250413895 9.646892548 4.978676319 -0.593889177 -0.527608752 -0.408293813 0.449689746
1403638171945096960.000000 -10.702084541 9.687834740 4.949116707 -0.614059150 -0.489340901 -0.424606532 0.450761855
1403638172095097088.000000 -10.479912758 9.648021698 4.959050655 -0.615107775 -0.486487508 -0.434277862 0.443142384
1403638172445096960.000000 -9.915094376 9.453567505 4.938593388 -0.615463614 -0.486823916 -0.439659685 0.436928302
1403638172745096960.000000 -9.391292572 9.196070671 4.828331470 -0.612569153 -0.484817684 -0.435812533 0.446965694
1403638172895097088.000000 -9.111120224 9.028383255 4.754860878 -0.611533701 -0.486021876 -0.432248116 0.450522840
1403638174295097088.000000 -6.095066547 6.821114540 3.604005337 -0.614238024 -0.532601595 -0.423820883 0.399278164
1403638174445096960.000000 -5.786546707 6.558413982 3.467008352 -0.616697133 -0.537692964 -0.419381589 0.393306583
1403638174795097088.000000 -5.085349560 5.987461567 3.185078859 -0.622333109 -0.550604165 -0.408964723 0.377205998
1403638174995097088.000000 -4.703527927 5.695492744 3.061361313 -0.623833477 -0.553693712 -0.407631516 0.371606886
1403638175195097088.000000 -4.339143753 5.439519405 2.963140011 -0.623215079 -0.552308559 -0.411886692 0.370010227
1403638175645096960.000000 -3.581045389 5.004860878 2.841719151 -0.638217330 -0.572044373 -0.392369419 0.333901554
1403638175945096960.000000 -3.132496119 4.867943287 2.796845913 -0.640551150 -0.582141042 -0.384244144 0.321189225
1403638177145096960.000000 -1.988136768 5.082089901 2.731476545 -0.607088089 -0.558741689 -0.435781777 0.359647363
1403638177995097088.000000 -1.734522820 5.397924423 2.563266039 -0.623296916 -0.518836796 -0.427156597 0.399808168
1403638178345096960.000000 -1.609531641 5.493362904 2.544810772 -0.638299823 -0.487709969 -0.455597967 0.383591980
1403638179945096960.000000 -0.628738523 5.430707932 2.285912991 -0.777264237 -0.268984884 -0.530080557 0.206209108
1403638180195097088.000000 -0.431728750 5.419810772 2.266614676 -0.793010771 -0.244578525 -0.525939047 0.186288238
1403638180595097088.000000 -0.077587694 5.409858704 2.208223820 -0.795410693 -0.244368702 -0.526749730 0.173610464
1403638180995097088.000000 0.325858384 5.433323383 2.176774502 -0.798274875 -0.254711628 -0.516263902 0.177061886
1403638181645096960.000000 1.101630449 5.501449108 2.055787086 -0.786897421 -0.180071682 -0.559623897 0.187584341
1403638181945096960.000000 1.458723903 5.439645767 2.026464224 -0.804786205 -0.140125856 -0.563438237 0.123374343
1403638182295097088.000000 1.855452180 5.337054253 2.059942245 -0.825696886 -0.107734643 -0.544434965 0.101037487
1403638182495097088.000000 2.094711304 5.272682190 2.077711105 -0.830745816 -0.107199520 -0.537703931 0.096146777
1403638183245096960.000000 3.130114794 5.067419052 2.228909016 -0.814741850 -0.132403523 -0.557523370 0.088502280
1403638183495097088.000000 3.488347292 5.024608135 2.226304054 -0.826538622 -0.137699246 -0.539518237 0.082419343
1403638183945096960.000000 4.158064842 5.013149261 2.234766006 -0.808693409 -0.138492554 -0.565806925 0.081836969
1403638184145096960.000000 4.441734791 5.033889294 2.277111530 -0.815933049 -0.137909815 -0.555684388 0.080306038
1403638184995097088.000000 5.610489368 5.273316860 2.365156889 -0.812655687 -0.132496804 -0.561721444 0.080650747
1403638185145096960.000000 5.804260254 5.335907936 2.383208752 -0.813700914 -0.133536682 -0.560136616 0.079408027
1403638185445096960.000000 6.179438114 5.482457638 2.423750401 -0.808056653 -0.145153031 -0.566398978 0.071884550
1403638185895097088.000000 6.673881054 5.787162781 2.491121054 -0.801428437 -0.168180078 -0.560030937 0.125670895
1403638186045096960.000000 6.823202610 5.893168926 2.503363609 -0.806205392 -0.167096913 -0.550366223 0.138594955
1403638186495097088.000000 7.276446342 6.182812691 2.539173841 -0.804621637 -0.181362346 -0.552119017 0.121886857
1403638186645096960.000000 7.423920631 6.278996944 2.562311888 -0.804799259 -0.184045509 -0.552330434 0.115570664
1403638189545096960.000000 8.037590027 7.991180897 3.011858702 -0.719303489 -0.393269628 -0.501133382 0.277140617
1403638192245096960.000000 5.976832867 8.278697968 3.193319559 -0.694827139 -0.440838575 -0.489267170 0.288953841
1403638194995097088.000000 3.164068460 7.234025478 3.916512489 -0.692559958 -0.461269498 -0.460784674 0.308656216
1403638197295097088.000000 1.944689155 7.097957134 3.842413902 -0.683082700 -0.457736969 -0.475546211 0.312619328
1403638197995097088.000000 1.719305634 7.358858585 4.029209137 -0.666032910 -0.447436482 -0.497461855 0.329745948
1403638198295097088.000000 1.587779999 7.442179203 3.981131315 -0.670814872 -0.448267698 -0.490740061 0.328995049
1403638198645096960.000000 1.413187981 7.496228218 3.838299274 -0.660672665 -0.468949646 -0.503640294 0.299907446
1403638199095097088.000000 1.032051086 7.548874378 3.717987299 -0.649290442 -0.477461070 -0.517059863 0.288274050
1403638199545096960.000000 0.396004617 7.592113972 3.791106224 -0.647628844 -0.477624714 -0.520340443 0.285827637
1403638199845096960.000000 -0.154925689 7.614988327 3.904862165 -0.651486874 -0.484761298 -0.493075162 0.312167138
1403638200045096960.000000 -0.550069213 7.627575874 3.963151217 -0.651501238 -0.489093661 -0.478707314 0.327372700
1403638200245096960.000000 -0.952892303 7.638415337 4.011912823 -0.627903640 -0.509014010 -0.481453836 0.338886529
1403638200545096960.000000 -1.590295315 7.641678333 4.125109673 -0.590462148 -0.543375432 -0.478966922 0.355933100
1403638200845096960.000000 -2.287080050 7.617192745 4.280415058 -0.566106975 -0.577954173 -0.466132075 0.358068317
1403638201145096960.000000 -3.046575069 7.575604439 4.390898228 -0.576167166 -0.572394550 -0.440191448 0.382919639
1403638201295097088.000000 -3.433608532 7.550574780 4.421152592 -0.579332292 -0.567881048 -0.437965274 0.387390912
1403638201545096960.000000 -4.078670979 7.502617836 4.436458588 -0.579935610 -0.565272629 -0.442543864 0.385092944
1403638201695097088.000000 -4.466075897 7.470626354 4.423990250 -0.580176234 -0.562097192 -0.445564777 0.385894120
1403638201995097088.000000 -5.243529797 7.385540485 4.353648186 -0.579076707 -0.564105928 -0.442528963 0.388101578
1403638202445096960.000000 -6.396909714 7.191694736 4.297618389 -0.582763374 -0.576773286 -0.407458276 0.402115911
1403638202595097088.000000 -6.763731003 7.136409283 4.274665356 -0.584273577 -0.576862931 -0.402959943 0.404322654
1403638202745096960.000000 -7.117909431 7.086446285 4.237793922 -0.585371137 -0.577342689 -0.401562870 0.403439343
1403638203195097088.000000 -8.107701302 6.948977470 4.121799469 -0.580637217 -0.573194265 -0.411001235 0.406677783
1403638203495097088.000000 -8.713294029 6.850561619 4.093120098 -0.578755796 -0.569068551 -0.413165361 0.412913114
1403638203945096960.000000 -9.536280632 6.676280499 4.060870647 -0.579356968 -0.570271671 -0.410426974 0.413141042
1403638204095097088.000000 -9.787021637 6.609658241 4.077647209 -0.580630898 -0.572072089 -0.406544179 0.412702143
1403638204245096960.000000 -10.026924133 6.541034222 4.110319138 -0.587138891 -0.571924806 -0.395728827 0.414208591
1403638204595097088.000000 -10.518539429 6.402898312 4.202338219 -0.604040623 -0.564983189 -0.372333825 0.421065867
1403638204795097088.000000 -10.748062134 6.342859745 4.226482391 -0.586134493 -0.581896424 -0.375090003 0.420892537
1403638204945096960.000000 -10.904462814 6.303778172 4.227656364 -0.554003239 -0.607999444 -0.379212171 0.423810422
1403638205095097088.000000 -11.060041428 6.267760754 4.215837002 -0.515236616 -0.639583647 -0.366272926 0.437387854
1403638205245096960.000000 -11.219276428 6.230764389 4.206437588 -0.468736410 -0.673070490 -0.337312341 0.462041795
1403638205395097088.000000 -11.381022453 6.193134308 4.215303421 -0.414866805 -0.703081846 -0.305749506 0.489978254
1403638205595097088.000000 -11.592827797 6.136014462 4.253835201 -0.347445369 -0.731916130 -0.289067954 0.509921849
1403638205745096960.000000 -11.751856804 6.076662540 4.300580025 -0.312635243 -0.739965677 -0.291302443 0.519473851
1403638205895097088.000000 -11.918617249 5.992640972 4.356580734 -0.289370239 -0.750205398 -0.276728183 0.526192188
1403638206245096960.000000 -12.334310532 5.704192162 4.525214195 -0.232278705 -0.771367133 -0.219633251 0.550273180
1403638206395097088.000000 -12.511880875 5.550829411 4.590857029 -0.217837676 -0.773744106 -0.192034706 0.563018322
1403638206695097088.000000 -12.836291313 5.215520859 4.677522659 -0.206547245 -0.771184683 -0.166450754 0.578711212
1403638206995097088.000000 -13.105449677 4.853776932 4.703437805 -0.189915776 -0.773142755 -0.150547370 0.586103976
1403638207195097088.000000 -13.250174522 4.604160309 4.687021255 -0.185478896 -0.770621717 -0.146321654 0.591886520
1403638207345096960.000000 -13.338349342 4.409594059 4.654389858 -0.174393579 -0.770857990 -0.138558865 0.596796751
1403638207495097088.000000 -13.407637596 4.207540035 4.617400169 -0.151729286 -0.772487640 -0.124207184 0.603998065
1403638207795097088.000000 -13.475273132 3.790561199 4.583776951 -0.122723401 -0.794471145 -0.084095307 0.588797569
1403638208095097088.000000 -13.487635612 3.398771763 4.610876083 -0.117864951 -0.804356754 -0.072592564 0.577796221
1403638208545096960.000000 -13.448155403 2.868677855 4.586497784 -0.116604351 -0.805115521 -0.070949383 0.577199042
1403638208995097088.000000 -13.357497215 2.394616842 4.597668171 -0.080753349 -0.807779968 -0.046630669 0.582061946
1403638209295097088.000000 -13.267608643 2.114732981 4.561156273 -0.076039776 -0.808472216 -0.039570879 0.582258403
1403638209745096960.000000 -13.105070114 1.749837637 4.363881111 -0.079129636 -0.806346059 -0.037338741 0.584936082
1403638210145096960.000000 -12.924989700 1.471433282 3.981136560 -0.074086636 -0.793980837 -0.047184315 0.601563990
1403638210545096960.000000 -12.642598152 1.210545540 3.632092476 -0.075264297 -0.791513741 -0.046850305 0.604687095
1403638210995097088.000000 -12.186238289 0.938050091 3.230370760 -0.079993770 -0.796209097 -0.041623160 0.598263800
1403638211345096960.000000 -11.762307167 0.758242726 3.016490221 -0.084267929 -0.803627849 -0.039060153 0.587839603
1403638211495097088.000000 -11.573841095 0.695472240 2.934359550 -0.098192483 -0.802642345 -0.048161708 0.586348116
1403638211645096960.000000 -11.379008293 0.639856339 2.840554237 -0.123390183 -0.798761964 -0.059934292 0.585800409
1403638211945096960.000000 -10.970770836 0.559165955 2.635928154 -0.197931141 -0.785634696 -0.095044710 0.578418434
1403638212095097088.000000 -10.758682251 0.537858009 2.552630186 -0.231403917 -0.777443767 -0.118724979 0.572658479
1403638212495097088.000000 -10.160532951 0.528720379 2.425987720 -0.308497816 -0.750070512 -0.187776208 0.554042757
1403638212645096960.000000 -9.924251556 0.532885909 2.410688877 -0.340550750 -0.737557530 -0.206699610 0.545260847
1403638212795097088.000000 -9.680985451 0.539206266 2.412506819 -0.370257318 -0.724259079 -0.230225608 0.534185827
1403638213095097088.000000 -9.176761627 0.560031116 2.450390577 -0.438257307 -0.688940346 -0.273910671 0.508197546
1403638213245096960.000000 -8.917577744 0.575141132 2.472650290 -0.479043365 -0.669575095 -0.285722703 0.490458131
1403638213395097088.000000 -8.653540611 0.598045290 2.479851723 -0.523043096 -0.648110509 -0.289869368 0.471544743
1403638213545096960.000000 -8.379677773 0.635667622 2.475479603 -0.559338748 -0.622679710 -0.299253851 0.458101809
1403638213695097088.000000 -8.092662811 0.690295458 2.469434500 -0.562851369 -0.604712307 -0.337982655 0.450876027
1403638213845096960.000000 -7.800326347 0.751672804 2.475149632 -0.557648957 -0.597678483 -0.367167324 0.443842649
1403638214045096960.000000 -7.413011551 0.834037840 2.501555443 -0.558506012 -0.599534452 -0.372791022 0.435495555
1403638214245096960.000000 -7.034335136 0.916471183 2.544028044 -0.563236058 -0.612798393 -0.360058755 0.421427518
1403638216795097088.000000 -3.256544590 1.916363835 2.250693083 -0.537290692 -0.609067440 -0.394068062 0.430192828
1403638219545096960.000000 -2.260496616 1.454843044 2.167804003 -0.590371966 -0.538000762 -0.443632156 0.406456053
1403638220995097088.000000 -2.202774286 0.682241440 2.164983749 -0.606648088 -0.550141692 -0.427558988 0.382773578
1403638221195097088.000000 -2.201703072 0.578441560 2.138340473 -0.609027326 -0.550376713 -0.425989360 0.380400240
1403638221545096960.000000 -2.211038351 0.407530665 2.131214142 -0.616056323 -0.547739863 -0.418045759 0.381698161
1403638222045096960.000000 -2.210614681 0.197834253 2.115564346 -0.609385073 -0.545778871 -0.426969051 0.385321677
1403638222495097088.000000 -2.211653233 0.032905459 2.122301579 -0.618955195 -0.555724621 -0.413715601 0.370005399
1403638222895097088.000000 -2.217107534 -0.057055421 2.071192265 -0.606753767 -0.543911815 -0.430871338 0.387762487
1403638223345096960.000000 -2.236449242 -0.170347422 2.029029846 -0.621389687 -0.549830496 -0.410096973 0.378657937
1403638223745096960.000000 -2.225901842 -0.251858950 1.995104194 -0.614305317 -0.544726133 -0.421070695 0.385489076
1403638224145096960.000000 -2.200594664 -0.319619268 1.936210275 -0.613696158 -0.557153344 -0.421294630 0.368059784
1403638224345096960.000000 -2.201575041 -0.338176757 1.906793356 -0.614141524 -0.555650234 -0.420785218 0.370166063
1403638224745096960.000000 -2.218531847 -0.351790488 1.855370045 -0.616621196 -0.552281559 -0.417529106 0.374743730
1403638224945096960.000000 -2.231250048 -0.351609379 1.845773101 -0.617495537 -0.545688391 -0.415793270 0.384759009
1403638225345096960.000000 -2.239110708 -0.339269817 1.858401895 -0.614272058 -0.552667558 -0.417244226 0.378332704
1403638225645096960.000000 -2.241727352 -0.322366297 1.845655441 -0.594272971 -0.537349224 -0.444954038 0.400139064
1403638226045096960.000000 -2.265509367 -0.336554587 1.726073980 -0.617708087 -0.562248349 -0.408631980 0.367877096
1403638226145096960.000000 -2.276402712 -0.327508479 1.736520171 -0.627191007 -0.551546395 -0.392757982 0.384927511
1403638226345096960.000000 -2.289826155 -0.318014920 1.729143500 -0.616432428 -0.562200069 -0.410036057 0.368527681
1403638226495097088.000000 -2.288467407 -0.313599080 1.736461282 -0.616335154 -0.561950684 -0.409981936 0.369130433
1403638226895097088.000000 -2.284392834 -0.306848288 1.752042651 -0.616029501 -0.562170863 -0.410410941 0.368828535
1403638227395097088.000000 -2.281770706 -0.303741395 1.761166573 -0.616494477 -0.562153637 -0.409754127 0.368808270
1403638227895097088.000000 -2.281807184 -0.302613556 1.762431145 -0.616930306 -0.562107503 -0.409113765 0.368860573
1403638228395097088.000000 -2.283347368 -0.298885942 1.758482814 -0.617237628 -0.561984777 -0.408821523 0.368857473
