1403638538777829376.000000 -5.370711803 3.824329138 11.366438866 -0.584828496 -0.601444602 -0.376973093 0.392595738
1403638539027829504.000000 -5.372581005 3.835689068 11.367023468 -0.579494476 -0.595903635 -0.385160446 0.400919497
1403638539277829376.000000 -5.375481606 3.855681419 11.393219948 -0.571741939 -0.586180329 -0.396613866 0.414971381
1403638539527829504.000000 -5.378256321 3.877629280 11.464753151 -0.572377920 -0.590499699 -0.392647564 0.411730051
1403638539777829376.000000 -5.380289555 3.902100801 11.527569771 -0.571556509 -0.594043195 -0.389871657 0.410409629
1403638540027829504.000000 -5.385192394 3.936353207 11.550580978 -0.577609718 -0.602152586 -0.378087133 0.401035398
1403638541977829376.000000 -5.947293758 4.767024994 11.768520355 -0.416317701 -0.711738706 -0.292416364 0.484355569
1403638542427829504.000000 -6.260216236 4.932076931 11.836929321 -0.330708444 -0.752290189 -0.239473566 0.517053008
1403638543077829376.000000 -6.756599426 5.035759449 11.947021484 -0.305412680 -0.765570402 -0.215462610 0.523641884
1403638543377829376.000000 -7.000783920 5.035918713 12.005911827 -0.311102271 -0.763971806 -0.214493066 0.523024917
1403638543577829376.000000 -7.168305874 5.035167217 12.022208214 -0.296365589 -0.770920753 -0.205867603 0.524849594
1403638544677829376.000000 -8.196897507 4.994493961 12.182128906 -0.184622794 -0.797288299 -0.127617806 0.560320914
1403638544927829504.000000 -8.429559708 4.992932320 12.224786758 -0.184177130 -0.802387059 -0.123644717 0.554045022
1403638545377829376.000000 -8.839983940 5.003004551 12.217631340 -0.179780781 -0.800301790 -0.124134675 0.558378398
1403638545777829376.000000 -9.203233719 5.005209923 12.167484283 -0.142099738 -0.810281098 -0.094829060 0.560588777
1403638545977829376.000000 -9.393454552 5.008167267 12.184490204 -0.095449135 -0.819113314 -0.068401344 0.561483979
1403638546377829376.000000 -9.763616562 5.000242710 12.241835594 -0.047491636 -0.825308621 -0.035131030 0.561583638
1403638546827829504.000000 -10.192852974 4.972696781 12.251658440 -0.023134068 -0.826964080 -0.023286138 0.561295867
1403638547227829504.000000 -10.598369598 4.926810265 12.300128937 -0.007028801 -0.828838646 -0.030478528 0.558612645
1403638548477829376.000000 -11.977103233 4.515001297 12.202706337 0.031036170 -0.829318523 0.016991671 0.557654798
1403638548727829504.000000 -12.288081169 4.396424294 12.230702400 0.052754775 -0.827695847 0.033345394 0.557695806
1403638548977829376.000000 -12.609130859 4.273887634 12.274004936 0.059712783 -0.827423930 0.039230108 0.557014287
1403638549177829376.000000 -12.864495277 4.174490452 12.335026741 0.059525747 -0.826666534 0.040854372 0.558041334
1403638549577829376.000000 -13.390913010 3.975298882 12.489275932 0.051752284 -0.824711919 0.046588849 0.561249793
1403638550177829376.000000 -14.212354660 3.706356049 12.735005379 0.049891494 -0.826398194 0.047128964 0.558887959
1403638550377829376.000000 -14.498394966 3.628129005 12.876703262 0.051735956 -0.826849461 0.046299882 0.558121622
1403638550827829504.000000 -15.133868217 3.481623173 13.122200966 0.045238607 -0.818392456 0.056784809 0.570055187
1403638551027829504.000000 -15.403050423 3.441987991 13.203341484 0.044706233 -0.808398843 0.057534579 0.584108233
1403638551277829376.000000 -15.698541641 3.425802231 13.303659439 0.040906571 -0.806345999 0.064109460 0.586534619
1403638553577829376.000000 -17.020349503 4.939133167 13.784989357 -0.060992833 -0.789467037 -0.037830029 0.609582424
1403638555777829376.000000 -15.601290703 6.691746712 14.084228516 -0.111666434 -0.813931704 -0.061862312 0.566761732
1403638558627829504.000000 -14.660295486 9.576139450 14.486265182 -0.113638878 -0.837211668 -0.062113561 0.531323612
1403638561577829376.000000 -15.456102371 12.370093346 14.279550552 -0.381567806 -0.715421975 -0.260937244 0.523917198
1403638561877829376.000000 -15.345769882 12.542626381 14.243465424 -0.377721071 -0.720682919 -0.265282214 0.517270088
1403638563227829504.000000 -14.674524307 13.035711288 14.210584641 -0.560450077 -0.587598622 -0.367478848 0.453412622
1403638563727829504.000000 -14.243741989 13.063449860 14.102998734 -0.568351567 -0.566622674 -0.388827533 0.452469230
1403638563977829376.000000 -13.981539726 13.031948090 14.103804588 -0.565625727 -0.569057703 -0.383107245 0.457678616
1403638564727829504.000000 -12.985055923 12.723044395 14.140285492 -0.552384317 -0.579982877 -0.370839477 0.470074117
1403638564977829376.000000 -12.591811180 12.561429977 14.114004135 -0.555973589 -0.576079726 -0.366658062 0.473906577
1403638565177829376.000000 -12.253878593 12.417857170 14.023459435 -0.557107031 -0.575980842 -0.364480734 0.474374920
1403638566727829504.000000 -9.357567787 10.868290901 13.233430862 -0.557196438 -0.611172438 -0.369929999 0.423263669
1403638566927829504.000000 -9.019365311 10.654103279 13.074934959 -0.562931001 -0.627433240 -0.354345679 0.404815376
1403638567277829376.000000 -8.480916977 10.354331970 12.750555992 -0.538576782 -0.610308409 -0.386588603 0.433598995
1403638567527829504.000000 -8.111120224 10.161015511 12.525442123 -0.540404439 -0.608997524 -0.389420897 0.430623204
1403638569827829504.000000 -6.337770939 9.127066612 11.784886360 -0.545916557 -0.620753229 -0.392242998 0.403467417
1403638572777829376.000000 -4.675299168 8.342988968 11.274940491 -0.771515012 -0.311859012 -0.509138763 0.219741225
1403638573027829504.000000 -4.353785992 8.240541458 11.307224274 -0.773231745 -0.317332625 -0.506929338 0.210796684
1403638573277829376.000000 -4.024194241 8.169672966 11.316816330 -0.772231698 -0.323028654 -0.504038453 0.212734863
1403638573477829376.000000 -3.756061792 8.139195442 11.331171036 -0.772262871 -0.324065864 -0.504733324 0.209369570
1403638574077829376.000000 -2.921433926 8.194017410 11.504400253 -0.775879383 -0.258089632 -0.543456793 0.189883009
1403638574477829376.000000 -2.394813776 8.230585098 11.532351494 -0.798309028 -0.153306112 -0.562894106 0.149500012
1403638574677829376.000000 -2.145080566 8.214375496 11.547475815 -0.803802192 -0.126598805 -0.568411648 0.121585876
1403638574927829504.000000 -1.845194817 8.179419518 11.594985008 -0.812817574 -0.123702906 -0.561199009 0.095294133
1403638575277829376.000000 -1.434773803 8.125987053 11.613291740 -0.818254828 -0.113684051 -0.552346230 0.111573711
1403638575577829376.000000 -1.067164898 8.059270859 11.593520164 -0.823941529 -0.127082691 -0.541714013 0.107313372
1403638576327829504.000000 0.002828449 7.950450897 11.746194839 -0.821850479 -0.151874647 -0.542096913 0.087331697
1403638576577829376.000000 0.393220454 7.963887691 11.798641205 -0.821321368 -0.162373945 -0.542267978 0.070791878
1403638576827829504.000000 0.787067115 8.024340630 11.826456070 -0.813493848 -0.163280502 -0.553813875 0.069695555
1403638577627829504.000000 1.960565567 8.441949844 11.935511589 -0.809189498 -0.155227304 -0.560814202 0.081266411
1403638578077829376.000000 2.538923264 8.781346321 11.960214615 -0.808820903 -0.153682634 -0.560688913 0.088421181
1403638578477829376.000000 3.038789034 9.125714302 12.032299042 -0.810623109 -0.138554409 -0.558034420 0.110862970
1403638578677829376.000000 3.280438423 9.292646408 12.029925346 -0.809475064 -0.137979284 -0.560182214 0.109122977
1403638579127829504.000000 3.804527283 9.645578384 12.030540466 -0.806229830 -0.150838241 -0.564450681 0.092934400
1403638579377829376.000000 4.080348015 9.861922264 12.087536812 -0.807542205 -0.144225672 -0.562360406 0.104044683
1403638579777829376.000000 4.499556065 10.200699806 12.114627838 -0.787188172 -0.166506499 -0.578659236 0.133280843
1403638579977829376.000000 4.683400631 10.361894608 12.093103409 -0.777652144 -0.226511821 -0.564368784 0.159491643
1403638582827829504.000000 5.576027870 11.446476936 12.244932175 -0.682783723 -0.435439229 -0.500349760 0.306348413
1403638585777829376.000000 4.037247658 11.560407639 12.922650337 -0.698216617 -0.439526796 -0.480719119 0.297016650
1403638586677829376.000000 3.357425451 11.537720680 13.050087929 -0.686703980 -0.435530931 -0.500836551 0.296501815
1403638589527829504.000000 0.783564508 11.152496338 12.814708710 -0.691944599 -0.429348111 -0.492773145 0.306671590
1403638589927829504.000000 0.411837995 11.091021538 12.781332016 -0.694041550 -0.430391610 -0.491581053 0.302353323
1403638591327829504.000000 -0.803553343 10.790736198 12.636831284 -0.712787390 -0.434444726 -0.467869788 0.290327072
1403638591777829376.000000 -1.076004148 10.805135727 12.571202278 -0.720789492 -0.434235632 -0.456978530 0.288223326
1403638592627829504.000000 -1.316212177 11.107228279 12.701337814 -0.675024152 -0.466025382 -0.457944244 0.342709720
1403638593027829504.000000 -1.329557061 11.266377449 12.902215004 -0.671618760 -0.494634122 -0.436139166 0.337709844
1403638594827829504.000000 -1.369390726 12.002861023 13.610311508 -0.635316610 -0.500417233 -0.461356848 0.364835829
1403638595527829504.000000 -1.539514661 12.017426491 13.704086304 -0.641810060 -0.500378013 -0.456797302 0.359218538
1403638596077829376.000000 -1.679226160 11.986349106 13.694814682 -0.633904696 -0.510367334 -0.468148887 0.344276905
1403638596527829504.000000 -1.897854328 11.946286201 13.678692818 -0.613591313 -0.532039583 -0.492873520 0.312274516
1403638597177829376.000000 -2.749261856 11.943448067 13.869022369 -0.597192645 -0.540461957 -0.513956726 0.295144558
1403638597427829504.000000 -3.259516001 11.965455055 13.893218994 -0.601729214 -0.529016674 -0.512347817 0.309132606
1403638597677829376.000000 -3.851881742 11.976673126 13.888469696 -0.609831095 -0.510275066 -0.505130291 0.335512847
1403638597877829376.000000 -4.360508442 11.966668129 13.866501808 -0.600107789 -0.524183750 -0.508708358 0.326064378
1403638598077829376.000000 -4.901165962 11.941805840 13.842854500 -0.592341185 -0.533395529 -0.504971683 0.331096500
1403638598277829376.000000 -5.478985310 11.899715424 13.839710236 -0.608120441 -0.524924695 -0.475986451 0.357883483
1403638598477829376.000000 -6.060620785 11.844326973 13.832142830 -0.616398275 -0.523607850 -0.461385578 0.364707321
1403638598677829376.000000 -6.633764267 11.778771400 13.800515175 -0.611254036 -0.533772886 -0.452745169 0.369427621
1403638598877829376.000000 -7.195412636 11.709696770 13.763280869 -0.593476593 -0.553990722 -0.441584587 0.381946236
1403638599077829376.000000 -7.746128082 11.634915352 13.740540504 -0.570881665 -0.578409493 -0.426037788 0.397527903
1403638599277829376.000000 -8.290763855 11.552201271 13.744465828 -0.545417249 -0.604493737 -0.408730209 0.412367463
1403638599477829376.000000 -8.828258514 11.461379051 13.776060104 -0.526124001 -0.628093779 -0.388628513 0.421496987
1403638599877829376.000000 -9.870400429 11.281725883 13.798385620 -0.521503806 -0.639598906 -0.373796880 0.423347294
1403638600077829376.000000 -10.375866890 11.209138870 13.780154228 -0.532500148 -0.632554710 -0.365015864 0.427880317
1403638600377829376.000000 -11.092454910 11.132267952 13.728983879 -0.559902608 -0.616469800 -0.335973829 0.439995080
1403638600627829504.000000 -11.606414795 11.109811783 13.710516930 -0.568158627 -0.613619685 -0.328655452 0.438921809
1403638600877829376.000000 -12.037578583 11.136223793 13.743051529 -0.567682147 -0.624394834 -0.328595430 0.424138099
1403638601077829376.000000 -12.344822884 11.196636200 13.760578156 -0.553298295 -0.639443576 -0.346399486 0.406177640
1403638601277829376.000000 -12.642054558 11.287647247 13.760241508 -0.537602127 -0.642463744 -0.367430896 0.404003680
1403638601477829376.000000 -12.947320938 11.401243210 13.758461952 -0.525360584 -0.640352845 -0.364974350 0.425133258
1403638601727829504.000000 -13.333872795 11.553182602 13.786633492 -0.484743476 -0.663638055 -0.349497020 0.449955821
1403638601977829376.000000 -13.719538689 11.696743011 13.849038124 -0.428413659 -0.698601663 -0.323882729 0.472776324
1403638602177829376.000000 -14.030943871 11.795198441 13.887710571 -0.399543554 -0.713780463 -0.310160846 0.484440655
1403638602377829376.000000 -14.350874901 11.875638008 13.910866737 -0.365168989 -0.719247699 -0.294476748 0.512462616
1403638604877829376.000000 -15.020886421 10.527265549 14.214792252 -0.209425017 -0.787518620 -0.145331979 0.561101019
1403638605127829504.000000 -14.919871330 10.260005951 14.232180595 -0.215899840 -0.802071869 -0.136509448 0.539845526
1403638605527829504.000000 -14.806717873 9.887473106 14.292393684 -0.193253830 -0.799243927 -0.167338580 0.543930173
1403638606027829504.000000 -14.756290436 9.356642723 14.347376823 -0.177432016 -0.797754169 -0.190318063 0.543953240
1403638606527829504.000000 -14.818630219 8.645202637 14.354366302 -0.203274012 -0.808799922 -0.162381858 0.527403474
1403638606777829376.000000 -14.899404526 8.268568039 14.298144341 -0.200236484 -0.820304394 -0.137464657 0.517793000
1403638607027829504.000000 -15.031571388 7.917922974 14.240611076 -0.163221270 -0.831628919 -0.105067112 0.520301104
1403638607277829376.000000 -15.213000298 7.606626511 14.227920532 -0.131765142 -0.822745621 -0.079146586 0.547232509
1403638607777829376.000000 -15.597885132 7.082323551 14.109871864 -0.119301692 -0.812766254 -0.068019979 0.566172600
1403638608277829376.000000 -15.948764801 6.681922913 13.875467300 -0.124127828 -0.805780530 -0.076156445 0.574029863
1403638608527829504.000000 -16.099744797 6.514342785 13.714805603 -0.121845633 -0.801682889 -0.081615344 0.579480231
1403638608777829376.000000 -16.218193054 6.354314327 13.545825958 -0.123133190 -0.797280610 -0.079758473 0.585508704
1403638609027829504.000000 -16.298748016 6.200871468 13.413545609 -0.127357423 -0.805639982 -0.072526954 0.573989749
1403638609277829376.000000 -16.357145309 6.066340923 13.317202568 -0.133333385 -0.802463830 -0.063670218 0.578117669
1403638609527829504.000000 -16.390926361 5.958166599 13.190827370 -0.130333617 -0.804766893 -0.069042198 0.574975252
1403638609927829504.000000 -16.412021637 5.825825214 12.946908951 -0.127621010 -0.805820823 -0.073221557 0.573589027
1403638610427829504.000000 -16.376863480 5.713939190 12.726358414 -0.127797231 -0.794795990 -0.073926866 0.588644326
1403638610777829376.000000 -16.271247864 5.655934811 12.528388977 -0.125684902 -0.788527429 -0.075454950 0.597272456
1403638611127829504.000000 -16.089717865 5.613187790 12.379084587 -0.126044258 -0.792066276 -0.069648989 0.593205690
1403638611527829504.000000 -15.804232597 5.590098858 12.217496872 -0.106895529 -0.796569049 -0.096032359 0.587221444
1403638611927829504.000000 -15.466474533 5.525608063 12.105079651 -0.123518594 -0.804009736 -0.077580400 0.576448441
1403638612227829504.000000 -15.206949234 5.477165222 12.014726639 -0.129326195 -0.805829048 -0.071879521 0.573365211
1403638612477829376.000000 -14.993375778 5.454310894 11.979640961 -0.128152996 -0.804011583 -0.076443002 0.575585485
1403638612727829504.000000 -14.775396347 5.438872814 11.913666725 -0.122460067 -0.802678227 -0.090991944 0.576568961
1403638612977829376.000000 -14.552830696 5.413531303 11.833038330 -0.125242919 -0.798876882 -0.094299726 0.580704451
1403638613227829504.000000 -14.325875282 5.372756481 11.792230606 -0.129670367 -0.802005291 -0.090356506 0.576028407
1403638613677829376.000000 -13.918610573 5.283993244 11.765470505 -0.139163926 -0.796077609 -0.092283390 0.581702411
1403638613977829376.000000 -13.626958847 5.219416142 11.686866760 -0.163314447 -0.785046041 -0.106786981 0.587901056
1403638614277829376.000000 -13.297372818 5.154785156 11.583375931 -0.210330322 -0.781193912 -0.141454250 0.570515394
1403638614527829504.000000 -13.014367104 5.095494747 11.537744522 -0.236210868 -0.777074814 -0.152446732 0.563133359
1403638614777829376.000000 -12.726926804 5.044761181 11.541831017 -0.272195816 -0.769110858 -0.156621620 0.556639493
1403638615027829504.000000 -12.425228119 5.018332005 11.593209267 -0.323519051 -0.757315278 -0.178570092 0.538443863
1403638615277829376.000000 -12.110450745 5.028847218 11.674224854 -0.370383590 -0.729190230 -0.238974869 0.523439348
1403638615527829504.000000 -11.793931007 5.049700260 11.743006706 -0.424378395 -0.694781959 -0.288469911 0.503950536
1403638615777829376.000000 -11.486008644 5.064868450 11.791221619 -0.458943516 -0.671587706 -0.313847601 0.489735156
1403638616077829376.000000 -11.119687080 5.069783688 11.867878914 -0.488446116 -0.651054502 -0.331085831 0.477420837
1403638616327829504.000000 -10.810277939 5.068293095 11.858509064 -0.521968424 -0.626013696 -0.351863921 0.460269064
1403638616577829376.000000 -10.498903275 5.063213825 11.777009964 -0.554308653 -0.601773322 -0.369753689 0.440332919
1403638617077829376.000000 -9.871950150 5.097237587 11.588090897 -0.577447414 -0.599693716 -0.363684207 0.417918384
1403638617327829504.000000 -9.551971436 5.169921398 11.565822601 -0.568496585 -0.608925700 -0.368584961 0.412512183
1403638617577829376.000000 -9.247502327 5.271732807 11.589716911 -0.566286206 -0.618682265 -0.363214016 0.405743539
1403638617927829504.000000 -8.858423233 5.476426601 11.705604553 -0.556642711 -0.622552991 -0.367651671 0.409156442
1403638618577829376.000000 -8.249120712 5.992142200 11.868956566 -0.549734294 -0.625350237 -0.367681354 0.414173603
1403638618877829376.000000 -8.018972397 6.280304432 11.921600342 -0.554526567 -0.617681623 -0.377294600 0.410631895
1403638619127829504.000000 -7.847075462 6.536663532 11.975848198 -0.571341515 -0.590354383 -0.403310448 0.402978092
1403638619377829376.000000 -7.696216583 6.790453911 11.977643967 -0.609900355 -0.544732571 -0.432012737 0.380332768
1403638619927829504.000000 -7.432764530 7.297535896 11.874391556 -0.654936373 -0.484553009 -0.441530377 0.375922531
1403638622877829376.000000 -5.670229912 8.212431908 11.608678818 -0.608235717 -0.491020441 -0.490157008 0.385609150
1403638624827829504.000000 -5.508462429 6.551578045 11.611686707 -0.630086601 -0.499239624 -0.466399550 0.369082868
1403638625127829504.000000 -5.494080067 6.216513634 11.628439903 -0.631097317 -0.508549869 -0.448260874 0.377035171
1403638625427829504.000000 -5.475485802 5.875236034 11.631011009 -0.629558802 -0.511974692 -0.443524361 0.380557388
1403638625677829376.000000 -5.449217319 5.588080406 11.660264015 -0.630554855 -0.513667643 -0.441772878 0.378659427
1403638625927829504.000000 -5.416704178 5.311763763 11.695813179 -0.637163877 -0.518457532 -0.433901787 0.370071918
1403638626227829504.000000 -5.365066051 5.005280018 11.692411423 -0.639006436 -0.518455625 -0.433059782 0.367877543
1403638626527829504.000000 -5.305896759 4.723485947 11.645323753 -0.630044699 -0.522390604 -0.445916712 0.362367332
1403638626827829504.000000 -5.260435581 4.465706348 11.600828171 -0.637256086 -0.526938200 -0.434923977 0.356485635
1403638627177829376.000000 -5.216091633 4.229485035 11.592928886 -0.638641179 -0.529195905 -0.431165367 0.355225980
1403638627477829376.000000 -5.183238983 4.076286316 11.557768822 -0.635848343 -0.530592918 -0.434769571 0.353756130
1403638627777829376.000000 -5.157750130 3.969790220 11.508745193 -0.630442798 -0.526709199 -0.444008321 0.357737243
1403638628077829376.000000 -5.144643307 3.895314932 11.456873894 -0.631894410 -0.529546738 -0.442973673 0.352227479
1403638628377829376.000000 -5.147699833 3.834794998 11.426603317 -0.635061502 -0.528393686 -0.440846384 0.350929618
1403638628677829376.000000 -5.165765285 3.791084528 11.426276207 -0.636118650 -0.509102583 -0.439139515 0.378581882
1403638629027829504.000000 -5.166407108 3.745225191 11.404893875 -0.632080913 -0.516083539 -0.445942491 0.367786527
1403638629327829504.000000 -5.172111988 3.719392776 11.403401375 -0.630984604 -0.522581100 -0.447324276 0.358703762
1403638629627829504.000000 -5.198165417 3.703659534 11.396749496 -0.644411445 -0.522936344 -0.429554850 0.356025368
1403638630127829504.000000 -5.200178146 3.722919703 11.362912178 -0.627014637 -0.508667469 -0.456411302 0.373896897
1403638630577829376.000000 -5.207338333 3.742829800 11.311551094 -0.630032122 -0.515386224 -0.448908716 0.368670017
1403638630827829504.000000 -5.202734947 3.750671864 11.285954475 -0.640480280 -0.537046194 -0.426000208 0.346251935
1403638631077829376.000000 -5.202557564 3.739171743 11.268826485 -0.639267266 -0.540699601 -0.424810439 0.344263554
1403638631377829376.000000 -5.202321529 3.724224806 11.240784645 -0.638512433 -0.541810215 -0.425990820 0.342455000
1403638631677829376.000000 -5.208709240 3.717110872 11.216619492 0.638960481 0.541240573 0.425579429 -0.343031198
