1403636579963555584.000000 1.152136207 -0.292295963 -0.209135830 -0.558301032 -0.599878192 -0.371022433 0.436793417
1403636582713555456.000000 1.141410947 -0.294763327 -0.146190017 -0.566854537 -0.603768468 -0.377702117 0.414102226
1403636585463555584.000000 1.167210221 -0.263854653 -0.110414907 -0.568451822 -0.586833119 -0.412617415 0.402785718
1403636588113555456.000000 1.466191769 -0.277519733 -0.218782172 -0.667439401 -0.625485599 -0.277757972 0.293501049
1403636590163555584.000000 0.896019042 -0.396926343 -0.213340193 -0.615474701 -0.667766869 -0.245815247 0.338899970
1403636592113555456.000000 1.375806212 -0.278195471 -0.243012950 -0.664284766 -0.592448771 -0.326540321 0.317964971
1403636593963555584.000000 1.114806652 -0.448437929 -0.269823015 -0.646345437 -0.634511650 -0.248680457 0.343206257
1403636594163555584.000000 1.225890636 -0.464451075 -0.267728269 -0.687008023 -0.585574031 -0.290184170 0.317673147
1403636594463555584.000000 1.385785937 -0.370714575 -0.271685690 -0.706453681 -0.559546173 -0.324001282 0.287844598
1403636596463555584.000000 1.243893147 -0.539991617 -0.288465798 -0.656031787 -0.612392545 -0.303110361 0.320502520
1403636596963555584.000000 1.164818048 -0.568400264 -0.271256447 -0.638107717 -0.624090910 -0.316496491 0.321183950
1403636598363555584.000000 1.130858183 -0.363674432 -0.311871618 -0.554735720 -0.717875242 -0.247323751 0.340227008
1403636601013555456.000000 1.187050939 -0.135262281 -0.504819155 -0.493658155 -0.627920032 -0.338735700 0.497268766
1403636603513555456.000000 1.186850786 -0.135322407 -0.504878819 -0.493715197 -0.627866566 -0.338828593 0.497216463
1403636606063555584.000000 1.186905861 -0.135150284 -0.504891336 -0.493750393 -0.627826929 -0.338797837 0.497252405
1403636608613555456.000000 1.186877847 -0.135054141 -0.504980683 -0.493838757 -0.627776325 -0.338739395 0.497268409
1403636611113555456.000000 1.186689973 -0.135239929 -0.504810452 -0.493558615 -0.628211677 -0.339215726 0.496671617
1403636613713555456.000000 1.187451243 -0.135196954 -0.505302608 -0.493785948 -0.627513349 -0.339037538 0.497449487
1403636616263555584.000000 1.187343240 -0.135072052 -0.505200684 -0.493570268 -0.627828598 -0.339377195 0.497034103
1403636618763555584.000000 1.187517405 -0.135358021 -0.505320907 -0.493915856 -0.627340734 -0.338836402 0.497675270
1403636621313555456.000000 1.187409163 -0.135087550 -0.505262911 -0.493717045 -0.627511621 -0.339052975 0.497509539
1403636623863555584.000000 1.188466311 -0.135214731 -0.504709303 -0.496297508 -0.625773013 -0.337414593 0.498245209
1403636626813555456.000000 1.261947155 -0.077363886 -0.152760595 -0.480936676 -0.649650753 -0.349185228 0.474050045
1403636629113555456.000000 1.591659784 0.005155317 -0.010453969 -0.551012039 -0.619131863 -0.367633522 0.421790391
1403636631713555456.000000 2.497022152 0.916890323 -0.112407193 -0.625174165 -0.529107213 -0.438002199 0.370617062
1403636634563555584.000000 2.976870298 2.501020908 -0.252544671 -0.561347604 -0.593807042 -0.394488156 0.420310885
1403636635463555584.000000 3.130671978 3.133766174 -0.267496049 -0.545928121 -0.621852458 -0.362489879 0.428792626
1403636637963555584.000000 3.455122709 4.760053635 0.074461959 -0.533010542 -0.623295128 -0.371449202 0.435233742
1403636638263555584.000000 3.439133644 4.905643940 0.072479717 -0.528420150 -0.620208502 -0.375829369 0.441436142
1403636639163555584.000000 3.466906786 5.417942047 0.023725793 -0.545817077 -0.616218090 -0.346521825 0.449757308
1403636642013555456.000000 3.955765486 6.942013264 -0.173857421 -0.507073820 -0.636280596 -0.362540454 0.454519093
1403636643863555584.000000 4.207819462 7.312150478 -0.149776697 -0.553073168 -0.626613915 -0.359210849 0.415250272
1403636644313555456.000000 4.272674561 7.537697315 -0.132737473 -0.552076221 -0.615331590 -0.360707432 0.431820780
1403636645013555456.000000 4.472038269 7.944626331 -0.339000136 -0.543376446 -0.613481760 -0.379162967 0.429671615
1403636647313555456.000000 5.301871777 9.742923737 -0.236492321 -0.636729777 -0.510554731 -0.444220126 0.369563997
1403636647613555456.000000 5.430103302 9.896605492 -0.228356063 -0.629646242 -0.502258360 -0.446679682 0.389563292
1403636649763555584.000000 6.540066242 10.197107315 -0.032641254 -0.723681986 -0.363891661 -0.517657280 0.275496334
1403636649963555584.000000 6.614970207 10.194013596 0.035524324 -0.726097107 -0.354197860 -0.525851309 0.266096622
1403636651913555456.000000 6.992195129 9.617904663 0.065946847 -0.774020433 -0.225134626 -0.559507608 0.192764267
1403636654813555456.000000 7.180224895 8.214915276 -0.003663952 -0.820456684 -0.004134493 -0.571653664 0.006783224
1403636655063555584.000000 7.160567760 8.122623444 0.013115438 0.813264847 -0.007890780 0.581823766 0.004366120
1403636655313555456.000000 7.129587650 8.037019730 -0.015186848 0.804777861 -0.016861191 0.593314350 0.005137086
1403636655613555456.000000 7.044578552 7.927230358 -0.052190423 0.808291554 -0.047522951 0.586513221 0.020215867
1403636658413555456.000000 6.014084816 6.331354618 -0.253052652 0.817140102 -0.134458855 0.554679453 0.080831319
1403636658763555584.000000 5.909548759 6.061936855 -0.283767015 0.818346143 -0.124562830 0.552022517 0.100323424
1403636659013555456.000000 5.857653141 5.900868893 -0.329684854 0.809240639 -0.126797259 0.564943016 0.099456564
1403636659313555456.000000 5.795909882 5.740594864 -0.413603157 0.804331481 -0.130773351 0.572000563 0.093619913
1403636659613555456.000000 5.720477104 5.610989571 -0.476296008 0.811597526 -0.128552347 0.561690927 0.096369691
1403636660813555456.000000 5.602629662 5.321323395 -0.844249189 0.811452568 -0.121576920 0.560113013 0.114180744
1403636661063555584.000000 5.644627094 5.323448658 -0.940855622 0.805423915 -0.121088274 0.569006741 0.113407455
1403636661463555584.000000 5.703381062 5.390422821 -1.102261782 0.802583873 -0.127937213 0.573575795 0.102480017
1403636662363555584.000000 5.677845001 5.645141602 -1.101587772 0.805097103 -0.126274154 0.570680201 0.100983888
1403636664663555584.000000 6.155118942 6.180856228 -1.503593802 0.804090321 -0.108821921 0.577585757 0.089394040
1403636664863555584.000000 6.260251045 6.298672676 -1.544878483 0.808581650 -0.101124972 0.573116839 0.086640574
1403636665763555584.000000 6.662564278 6.866191864 -1.479285598 0.812579930 -0.093060359 0.568236470 0.090337597
1403636668563555584.000000 7.591501713 8.182041168 -1.537832499 0.817920446 -0.108981453 0.559080422 0.080983587
1403636669363555584.000000 7.937980652 8.567433357 -1.634410024 0.802780628 -0.111462921 0.578827679 0.089876570
1403636669563555584.000000 8.010258675 8.698456764 -1.668616533 0.796843171 -0.110754065 0.587091804 0.089987196
1403636669963555584.000000 8.084565163 8.997325897 -1.700808167 0.788257539 -0.135055661 0.598568857 0.046100985
1403636670213555456.000000 8.062097549 9.147205353 -1.670432091 0.790156484 -0.145480499 0.595152974 0.016762920
1403636670513555456.000000 7.959464550 9.231435776 -1.643103004 0.788038909 -0.137158990 0.599652708 -0.024468800
1403636670863555584.000000 7.743444443 9.128937721 -1.578377604 0.794009447 -0.077568918 0.597800791 -0.078525133
1403636672563555584.000000 6.664443970 6.947773933 -1.016149282 -0.811267078 -0.179897815 -0.552836955 0.062079631
1403636673363555584.000000 6.665441036 6.726961136 -1.117598534 -0.818623006 -0.223797098 -0.515582263 0.118094839
1403636674413555456.000000 6.903629303 7.102132320 -1.198314309 -0.788722038 -0.217070013 -0.551522315 0.163160324
1403636676913555456.000000 7.749318600 8.906189919 -1.630642653 -0.685163915 -0.454528451 -0.468295753 0.323501736
1403636677663555584.000000 7.829364300 9.527022362 -1.759617448 -0.633867085 -0.484656096 -0.481299937 0.362865686
1403636680263555584.000000 7.622137547 10.310960770 -1.416178942 -0.335345030 -0.731004715 -0.289720953 0.518881202
1403636682963555584.000000 6.370872021 8.896777153 -1.319153309 -0.362316370 -0.724025965 -0.273003668 0.519598246
1403636685813555456.000000 5.395519733 6.832760334 -1.317995071 -0.357367724 -0.733195841 -0.265672386 0.513936102
1403636688763555584.000000 4.758775234 5.091482639 -1.654290080 -0.349152923 -0.739681840 -0.262975037 0.511670947
1403636689363555584.000000 4.608689785 4.767048836 -1.715573788 -0.338897079 -0.753313243 -0.223884434 0.517246366
1403636689963555584.000000 4.421171188 4.555375099 -1.578597069 -0.357706219 -0.752465367 -0.191558465 0.518794179
1403636690363555584.000000 4.305418015 4.557545185 -1.531859159 -0.348858654 -0.756991446 -0.212856606 0.509856462
1403636690663555584.000000 4.208882809 4.614297867 -1.484770894 -0.356472492 -0.748172224 -0.202886507 0.521538794
1403636690863555584.000000 4.155289173 4.679927826 -1.490520954 -0.368560463 -0.730518281 -0.185385525 0.544186175
1403636691063555584.000000 4.133365154 4.775555611 -1.527970076 -0.364036471 -0.708522677 -0.190114185 0.573872566
1403636693363555584.000000 5.403246403 5.375300884 -0.847496748 -0.329995781 -0.761843145 -0.227385759 0.508914173
1403636693913555456.000000 5.467015266 5.464173317 -0.773423731 -0.331403941 -0.761648357 -0.218491778 0.512176216
1403636695663555584.000000 5.490940094 5.932509422 -0.754924476 -0.328400850 -0.747359216 -0.241814643 0.524531186
1403636698363555584.000000 5.233613968 5.685776711 -0.750948608 -0.425841451 -0.700681508 -0.305633634 0.484037757
1403636701013555456.000000 4.960535526 5.006948948 -1.172538400 -0.712278008 -0.412073553 -0.484257907 0.297236949
1403636703613555456.000000 5.844400406 4.975382328 -1.624300241 -0.747098744 -0.338832259 -0.519207239 0.239708439
1403636704363555584.000000 6.146859646 5.054257870 -1.684183478 -0.749600768 -0.347819686 -0.507998049 0.243019074
1403636705013555456.000000 6.446944714 5.195779800 -1.754649758 -0.761053860 -0.365863591 -0.485747576 0.225810274
1403636705613555456.000000 6.778514862 5.535367966 -1.822211862 -0.747562706 -0.363637716 -0.504368544 0.233516946
1403636706213555456.000000 7.113066196 5.975390434 -1.890761018 -0.739025056 -0.343774557 -0.513955474 0.267415047
1403636706563555584.000000 7.305265903 6.198896408 -1.950073123 -0.736510336 -0.365675122 -0.515595317 0.240823016
1403636707813555456.000000 7.857537270 7.201609612 -1.817501783 -0.754831374 -0.344324410 -0.504407346 0.239256084
1403636710513555456.000000 8.607984543 9.255791664 -2.133865595 -0.736448169 -0.348333508 -0.512999773 0.270442486
1403636713413555456.000000 7.412291527 9.795186996 -1.820872784 -0.653506577 -0.476165533 -0.473151833 0.349747002
1403636716163555584.000000 6.505897999 8.637397766 -1.436961889 -0.590388358 -0.545463681 -0.430339664 0.410753906
1403636719063555584.000000 5.895085335 7.179928780 -1.589489698 -0.421050340 -0.699766040 -0.298354924 0.493992388
1403636721913555456.000000 5.600408554 5.968244076 -1.721272469 -0.516210854 -0.630514026 -0.362330884 0.452432156
1403636724513555456.000000 5.585147381 4.966988564 -1.742715359 -0.603321314 -0.553219259 -0.422732145 0.388908148
1403636727013555456.000000 5.437833309 4.414690495 -1.251632929 -0.600093484 -0.550186634 -0.424850792 0.395833790
1403636729813555456.000000 4.987502575 3.398438454 -0.775513649 -0.555332005 -0.597378612 -0.395786881 0.422016591
1403636732763555584.000000 4.605006695 2.605161190 -0.878571212 -0.537442505 -0.596858621 -0.415641278 0.426799417
1403636735563555584.000000 3.890644312 1.322122455 -0.546829045 -0.560741067 -0.604436934 -0.378602773 0.420577586
1403636738163555584.000000 3.264997244 0.819179475 -0.241734236 -0.521481752 -0.637541413 -0.344209343 0.450685799
1403636738663555584.000000 3.222832441 0.797877610 -0.167765513 -0.541880727 -0.623198390 -0.355574638 0.437670946
1403636741363555584.000000 3.648663998 0.812371016 -0.840006411 -0.679785848 -0.446182251 -0.482612252 0.325419694
1403636744113555456.000000 4.025217533 1.163268685 -1.517230511 -0.695320070 -0.427546263 -0.492951542 0.301219225
1403636746913555456.000000 4.328649044 1.563508749 -2.209467411 -0.729202092 -0.403745770 -0.466048777 0.296736091
1403636749663555584.000000 4.252456665 2.095261812 -1.573319554 -0.714228392 -0.388000935 -0.517320335 0.267792344
1403636750963555584.000000 4.142109871 1.991366029 -1.174361587 -0.703686655 -0.413553923 -0.502573669 0.284987777
1403636752013555456.000000 4.004948139 1.922376633 -0.747452796 -0.715059757 -0.423520178 -0.471188098 0.295469105
1403636754713555456.000000 3.629202366 1.770117998 -0.308023185 -0.522731066 -0.619081616 -0.390979856 0.436606109
1403636756713555456.000000 2.609971523 0.985472560 -0.213794634 -0.493499249 -0.646332383 -0.357777476 0.459029675
1403636757013555456.000000 2.438777447 0.824832499 -0.184243232 -0.491886824 -0.646863759 -0.356232852 0.461208105
1403636757313555456.000000 2.282815933 0.659362912 -0.174397260 -0.489915103 -0.648484826 -0.357101083 0.460358113
1403636757613555456.000000 2.126246214 0.473663062 -0.182753503 -0.487676948 -0.663447857 -0.346681982 0.449243695
1403636757913555456.000000 1.949778318 0.311054796 -0.134979829 -0.483850688 -0.682628810 -0.322857350 0.442345560
1403636758313555456.000000 1.693072200 0.168309167 -0.052595884 -0.466424137 -0.665005028 -0.334552467 0.477798522
1403636758713555456.000000 1.461527109 0.043890074 -0.093418956 -0.496581674 -0.672526062 -0.292829007 0.464076042
1403636759213555456.000000 1.248284817 -0.028694959 -0.140810192 -0.489398003 -0.647905469 -0.305559069 0.497334689
1403636759613555456.000000 1.190180779 -0.081262499 -0.203090951 -0.471879900 -0.662658632 -0.327699542 0.480443537
1403636759963555584.000000 1.194712877 -0.118569590 -0.226453453 -0.470334917 -0.671826839 -0.326647907 0.469824314
1403636760313555456.000000 1.189379215 -0.165904790 -0.262235254 -0.473605394 -0.668465912 -0.324533373 0.472788900
1403636760713555456.000000 1.191976190 -0.206525907 -0.337749243 -0.469946176 -0.677700400 -0.328423709 0.460446179
1403636761113555456.000000 1.173908949 -0.256102949 -0.390302151 -0.471552193 -0.681173503 -0.323036641 0.457480580
1403636761463555584.000000 1.125977397 -0.279961497 -0.406578034 -0.473905891 -0.682055831 -0.319121689 0.456480473
1403636761663555584.000000 1.089086890 -0.275988787 -0.395684928 -0.470610827 -0.669855595 -0.326063484 0.472759545
1403636762113555456.000000 1.041714072 -0.267836452 -0.362328351 -0.464269876 -0.672747314 -0.339055121 0.465731859
1403636762513555456.000000 0.986030161 -0.259407818 -0.370204031 -0.486713856 -0.676988304 -0.309969366 0.456853837
1403636762813555456.000000 0.939976037 -0.217883632 -0.459099710 -0.483528167 -0.659756899 -0.313804239 0.482128978
1403636763163555584.000000 1.002616525 -0.223779485 -0.565168440 -0.503972411 -0.632701457 -0.341204315 0.478832185
1403636763363555584.000000 1.068646193 -0.226235703 -0.778659582 -0.515575349 -0.635454297 -0.327973664 0.472030878
1403636763513555456.000000 1.111002803 -0.225538656 -0.931441009 -0.515650809 -0.635009944 -0.327982575 0.472540110
1403636763713555456.000000 1.165804148 -0.213452235 -1.139422417 -0.516152322 -0.635244250 -0.327474833 0.472029448
