1403638226495097088.000000 -0.000000020 -0.000000045 -0.000000045 -0.000000025 0.000000057 0.000000006 1.000000000
1403638226545096960.000000 -0.000560446 -0.000379895 -0.001926793 0.000125844 0.000910976 0.000338450 0.999999523
1403638226595097088.000000 -0.000094199 -0.000605462 -0.001806651 -0.000316579 0.000374125 -0.000033770 0.999999881
1403638226645096960.000000 -0.000301324 0.000370951 -0.000690512 0.000652916 0.000792424 0.002309196 0.999996781
1403638226695097088.000000 0.000068704 -0.000278310 -0.003542745 -0.000109308 0.000123795 -0.000120908 1.000000000
1403638226745096960.000000 0.000029736 -0.000667776 0.000217770 0.000090880 0.000014221 0.000506191 0.999999881
1403638226795097088.000000 -0.000250221 -0.000188054 0.001663186 -0.000462866 0.000879171 -0.000921309 0.999999166
1403638226845096960.000000 -0.000431837 -0.000786623 0.001209430 0.000272578 0.000678190 0.000664133 0.999999523
1403638226895097088.000000 -0.000236820 0.000302146 -0.000482299 -0.000158386 0.000125000 -0.000563548 0.999999821
1403638226945096960.000000 0.000328801 -0.000185226 0.002456487 -0.000123212 0.000514330 -0.000395696 0.999999821
1403638226995097088.000000 -0.000139368 -0.000477213 0.002689401 0.000035875 0.000406492 0.000012706 0.999999940
1403638227045096960.000000 -0.000045329 -0.000786754 0.002291060 -0.000784292 0.000683862 -0.001502893 0.999998331
1403638227095097088.000000 -0.000185266 -0.000158439 0.001753666 0.000061816 0.000438303 0.000645075 0.999999762
1403638227145096960.000000 0.000097008 0.000776717 0.001177781 -0.000304537 0.000345630 -0.000509331 0.999999821
1403638227195097088.000000 0.000114584 0.000417685 0.002023797 0.000230654 0.000529386 0.000885777 0.999999464
1403638227245096960.000000 0.000244842 0.000629938 0.002140638 -0.000176965 0.000139967 -0.000088239 1.000000000
1403638227295097088.000000 0.000350051 0.000671760 0.001701026 -0.000180127 0.000488961 0.000062127 0.999999940
1403638227345096960.000000 -0.000401153 0.000090944 0.002026918 0.000018828 0.000427709 0.000319897 0.999999881
1403638227395097088.000000 -0.000448151 0.000406847 0.002241451 -0.000568108 0.000626425 -0.000747863 0.999999344
1403638227445096960.000000 -0.000539164 0.000126728 0.002271538 -0.000044759 0.000535980 0.000180644 0.999999881
1403638227495097088.000000 -0.000057959 0.000647401 0.001426519 -0.000031950 0.000493148 0.000159784 0.999999940
1403638227545096960.000000 -0.000496246 0.000045843 0.001343756 -0.000107181 0.000523213 0.000057701 0.999999881
1403638227595097088.000000 -0.000483344 0.000260197 0.002046178 0.000031124 0.000524637 0.000153061 0.999999940
1403638227645096960.000000 -0.000550948 0.000738701 0.002168543 -0.000053948 0.000425533 -0.000460872 0.999999881
1403638227695097088.000000 -0.001015585 0.000537806 0.002913566 0.000082377 0.000580826 0.000056761 0.999999821
1403638227745096960.000000 -0.000690271 0.000758343 0.002642584 -0.000188405 0.000565106 -0.000395181 0.999999821
1403638227795097088.000000 -0.000401720 0.000139717 0.001597998 -0.000130945 0.000460644 0.000200482 0.999999940
1403638227845096960.000000 -0.000375573 0.000408632 0.001656947 -0.000018250 0.000431220 0.000142608 0.999999940
1403638227895097088.000000 -0.000598417 -0.000330424 -0.000940664 0.000205787 0.000295168 0.000297463 0.999999940
1403638227945096960.000000 0.000196770 0.000481867 0.000474529 0.000035232 0.000102709 0.000011829 1.000000000
1403638227995097088.000000 -0.000549700 0.000475913 0.002796898 -0.000367493 0.000756729 -0.000358577 0.999999583
1403638228045096960.000000 -0.000438734 -0.000120523 0.001635186 -0.000045596 0.000540841 -0.000047547 0.999999940
1403638228095097088.000000 -0.000492283 0.000077098 0.001461174 -0.000016192 0.000471753 0.000207304 0.999999881
1403638228145096960.000000 -0.000551754 0.000213702 0.000679719 0.000245825 0.000662229 0.001515784 0.999998629
1403638228195097088.000000 -0.000383990 0.000051042 0.000791160 0.000277330 0.000552999 0.001418248 0.999998868
1403638228245096960.000000 -0.000352978 0.000468321 0.001636042 0.000222351 0.000480523 0.000720320 0.999999583
1403638228295097088.000000 -0.000325514 -0.000096044 0.000909220 0.000173336 0.000478955 0.001136898 0.999999285
1403638228345096960.000000 -0.000251374 0.000003603 0.001574548 -0.000012519 0.000507092 0.000394817 0.999999881
1403638228395097088.000000 -0.000438430 0.000306144 0.000755949 0.000098850 0.000500537 0.001282750 0.999999046
1403638228445096960.000000 -0.000643726 0.000228902 0.001328811 0.000253728 0.000422411 0.000548090 0.999999762
1403638228495097088.000000 -0.001272288 -0.000088390 0.000727033 -0.000099338 0.000659498 0.000119612 0.999999821
1403638228545096960.000000 -0.000355001 0.000161789 0.000726717 0.000108106 0.000491375 0.001027038 0.999999344
1403638228595097088.000000 -0.000371095 0.000089388 0.001507486 0.000096101 0.000485071 0.000497855 0.999999762
1403638228645096960.000000 -0.000354077 -0.000326012 0.000380624 0.000051039 0.000282755 0.000445399 0.999999881
1403638228695097088.000000 -0.000410624 0.000103063 0.001443954 0.000037070 0.000564495 0.000722118 0.999999583
1403638228745096960.000000 -0.000218739 0.000469495 0.002023958 0.000135730 0.000497201 0.000691967 0.999999702
1403638228795097088.000000 -0.000442909 0.000126337 0.001690498 0.000103972 0.000371300 0.000336935 0.999999940
1403638228845096960.000000 -0.000070733 0.000032571 0.000949146 0.000035673 0.000486123 0.000538045 0.999999821
