1403636579963555584.000000 -1.358203411 0.524721980 -0.476420373 -0.634057701 -0.518746793 -0.428824782 0.380764931
1403636582913555456.000000 -1.361098886 0.533605218 -0.285643697 -0.641830027 -0.501955271 -0.451312840 0.363884598
1403636585413555456.000000 -1.341434717 0.546681106 -0.349221736 -0.641789317 -0.500216842 -0.470120311 0.341871917
1403636588013555456.000000 -1.080393076 0.457941681 -0.479342639 -0.740056038 -0.531003952 -0.322486192 0.257593721
1403636590563555584.000000 -1.580227256 0.476470262 -0.471865237 -0.702768207 -0.574159503 -0.303978771 0.289921880
1403636593513555456.000000 -1.513787389 0.585898757 -0.519009352 -0.648536325 -0.622179866 -0.259006560 0.353848219
1403636594363555584.000000 -1.213319898 0.355781257 -0.537680745 -0.775515437 -0.463499218 -0.351435661 0.245432690
1403636594663555584.000000 -1.071486235 0.470405966 -0.540105820 -0.766506851 -0.455191433 -0.377536356 0.250468373
1403636596263555584.000000 -1.258658290 0.324644148 -0.580109537 -0.733172357 -0.524066865 -0.340167910 0.268511087
1403636596563555584.000000 -1.380457878 0.237532079 -0.546030700 -0.725318551 -0.523836315 -0.352268875 0.274618179
1403636597113555456.000000 -1.383026719 0.331442714 -0.548250735 -0.718625784 -0.538413227 -0.351645142 0.264639288
1403636598363555584.000000 -1.398043633 0.463016212 -0.581087947 -0.646576643 -0.636221468 -0.294338435 0.300875068
1403636601263555584.000000 -1.280873179 0.667894185 -0.772256434 -0.573672771 -0.555597007 -0.405737400 0.444509447
1403636603813555456.000000 -1.280882716 0.667864501 -0.772228241 -0.573648453 -0.555543900 -0.406000972 0.444366723
1403636606363555584.000000 -1.280713320 0.668008506 -0.772467673 -0.573735118 -0.555319250 -0.405859858 0.444664210
1403636608913555456.000000 -1.280698419 0.667810917 -0.772345543 -0.574430764 -0.554809630 -0.404978722 0.445205510
1403636611813555456.000000 -1.283982635 0.666633248 -0.775249064 -0.575067818 -0.553550363 -0.404418319 0.446458012
1403636614313555456.000000 -1.280275583 0.667906404 -0.772850394 -0.573645651 -0.555096090 -0.406201869 0.444746017
1403636616813555456.000000 -1.279983401 0.667991638 -0.772840917 -0.573473275 -0.555353820 -0.406073898 0.444763571
1403636619363555584.000000 -1.280715942 0.667537391 -0.772462428 -0.573317230 -0.555655181 -0.406594783 0.444111913
1403636621963555584.000000 -1.280023456 0.668110490 -0.772994101 -0.573908627 -0.554557621 -0.405822933 0.445423931
1403636624713555456.000000 -1.268139243 0.655619323 -0.771484435 -0.588260293 -0.561134934 -0.403808922 0.419542342
1403636627263555584.000000 -1.158933997 0.657446027 -0.445925325 -0.571284592 -0.586761415 -0.400842458 0.410694957
1403636630013555456.000000 -0.510884166 0.827631235 -0.375113934 -0.703084707 -0.446998656 -0.462233841 0.303651124
1403636632913555456.000000 0.619855940 1.803617001 -0.459524691 -0.670085907 -0.483222663 -0.452587664 0.335626602
1403636635563555584.000000 1.519400835 3.374270439 -0.514527380 -0.625297904 -0.541605711 -0.418278962 0.375111371
1403636636313555456.000000 1.847564220 3.920051336 -0.335390985 -0.617882490 -0.538121283 -0.434637159 0.373814642
1403636638063555584.000000 2.240468502 4.786307812 -0.171300605 -0.608504117 -0.545059502 -0.431914926 0.382207245
1403636638363555584.000000 2.267731428 4.922249794 -0.194128767 -0.611406744 -0.544370592 -0.425873935 0.385323137
1403636641263555584.000000 3.137059212 6.475637436 -0.388341963 -0.581449568 -0.570179939 -0.417612106 0.403003067
1403636643413555456.000000 3.541591644 6.888080597 -0.432230443 -0.624339283 -0.532124341 -0.430574149 0.376364410
1403636644213555456.000000 3.737351656 7.126421452 -0.354271024 -0.632344306 -0.546555817 -0.412727088 0.362041116
1403636644613555456.000000 3.874032497 7.341968536 -0.415947765 -0.627160013 -0.513099730 -0.421142876 0.407477200
1403636646613555456.000000 4.949327469 8.651128769 -0.603143215 -0.681440830 -0.428551525 -0.491734415 0.331932664
1403636646863555584.000000 5.107023716 8.807681084 -0.555474758 -0.691258729 -0.417534739 -0.499914855 0.312907755
1403636647613555456.000000 5.522989750 9.130572319 -0.456112742 -0.691529453 -0.413160086 -0.495343089 0.325147629
1403636649313555456.000000 6.422347069 9.141366959 -0.501020312 -0.765340388 -0.265727997 -0.552306831 0.196468756
1403636649713555456.000000 6.610388279 9.107326508 -0.296881229 -0.764133811 -0.266574562 -0.550353885 0.205300197
1403636651863555584.000000 6.931352615 8.446044922 -0.149058238 -0.795986414 -0.127147451 -0.580106556 0.117113315
1403636652313555456.000000 6.856638432 8.198413849 -0.238694578 -0.816283762 -0.030849701 -0.575785518 0.034644719
1403636654313555456.000000 6.824544907 7.190257549 -0.284307480 0.807573318 -0.034205284 0.588462234 0.019174680
1403636654613555456.000000 6.766129971 7.069434643 -0.236334413 0.811118364 -0.078378171 0.576926589 0.055674430
1403636654913555456.000000 6.707903385 6.958733082 -0.186312601 0.813646555 -0.108989142 0.566136241 0.074770004
1403636655213555456.000000 6.646332264 6.865262032 -0.205365837 0.798544466 -0.116938785 0.584796429 0.081640206
1403636655913555456.000000 6.350466728 6.671099186 -0.309744924 0.798257053 -0.199486658 0.556798995 0.113866553
1403636656163555584.000000 6.225570202 6.582540512 -0.364059091 0.789924741 -0.230914414 0.551213384 0.137336195
1403636658413555456.000000 5.073328972 5.499783039 -0.429335266 0.793195903 -0.237093359 0.538364649 0.157450497
1403636658713555456.000000 4.915956020 5.291981220 -0.462096989 0.795506597 -0.227389112 0.534072816 0.173867181
1403636659163555584.000000 4.751662731 5.035812855 -0.551966310 0.779718041 -0.230350927 0.556147516 0.172273353
1403636659413555456.000000 4.658454418 4.934571743 -0.611389995 0.785738409 -0.231881469 0.547907412 0.169244587
1403636659813555456.000000 4.524416924 4.812349796 -0.693048418 0.783351064 -0.232918426 0.549148798 0.174773470
1403636660763555584.000000 4.384310722 4.637686253 -1.011657000 0.788446426 -0.229969800 0.539608598 0.185172066
1403636661213555456.000000 4.469446182 4.627660751 -1.206127286 0.776921511 -0.229630828 0.556652009 0.183851317
1403636662163555584.000000 4.575362206 4.862411022 -1.313330770 0.772542715 -0.237328961 0.565007091 0.166191429
1403636662663555584.000000 4.538824081 5.034829140 -1.315982699 0.787373841 -0.245335057 0.541265368 0.163966373
1403636663563555584.000000 4.511177540 5.174520969 -1.507965207 0.805892169 -0.241969422 0.510692060 0.176585302
1403636663913555456.000000 4.628854752 5.148015499 -1.600476742 0.805050611 -0.220695034 0.513344944 0.199158505
1403636665413555456.000000 5.658345222 5.655213356 -1.718436599 0.790696442 -0.212125152 0.557773471 0.136714965
1403636665663555584.000000 5.803965092 5.774613857 -1.683853626 0.795663357 -0.202040881 0.549011767 0.157116249
1403636668513555456.000000 7.068615437 6.856775761 -1.720949769 0.796013474 -0.213365674 0.545042813 0.154162586
1403636668763555584.000000 7.204223156 6.909543514 -1.765718818 0.795399308 -0.211391255 0.543283999 0.165820211
1403636669513555456.000000 7.629714012 7.221619606 -1.848386765 0.777185738 -0.213847622 0.567657173 0.167382300
1403636669813555456.000000 7.753297329 7.413226128 -1.899812937 0.762815237 -0.214256898 0.588335395 0.161457464
1403636670463555584.000000 7.759492397 7.775073528 -1.854021668 0.759613991 -0.243520528 0.599791229 0.062728599
1403636670863555584.000000 7.502827168 7.740021229 -1.784376025 0.776121914 -0.180159181 0.604295194 0.002160796
1403636672413555456.000000 5.915043354 6.034313679 -1.219496131 -0.849868238 -0.078514524 -0.520631671 -0.022411969
1403636672963555584.000000 5.843821526 5.775322437 -1.266334653 -0.824793398 -0.066140369 -0.560900569 0.027055837
1403636674413555456.000000 6.162911892 6.010827065 -1.400845408 -0.809818625 -0.111593358 -0.569242358 0.087772802
1403636677213555456.000000 7.586753845 7.780090809 -1.846210599 -0.731864452 -0.370270669 -0.514268935 0.250602484
1403636680163555584.000000 7.698098183 8.944276810 -1.636840343 -0.432415962 -0.682272553 -0.355976641 0.469894916
1403636682863555584.000000 6.176046371 7.930958748 -1.582850933 -0.458188266 -0.664400876 -0.340034664 0.482712477
1403636685763555584.000000 4.662978649 6.226676464 -1.495029807 -0.455463856 -0.679477334 -0.330653101 0.470671743
1403636688463555584.000000 3.684189796 4.831125736 -1.764740586 -0.453845114 -0.678255200 -0.320570052 0.480863184
1403636689313555456.000000 3.388666153 4.435916901 -1.917679548 -0.438796043 -0.700339258 -0.293257654 0.480606884
1403636689663555584.000000 3.240517378 4.324515343 -1.840423346 -0.439764112 -0.705012023 -0.280396253 0.480565786
1403636689963555584.000000 3.124251366 4.271472931 -1.782541275 -0.456302822 -0.697280943 -0.260490835 0.487577349
1403636690263555584.000000 3.040477276 4.285538673 -1.760598898 -0.449254036 -0.701925278 -0.276811182 0.478379846
1403636690563555584.000000 2.960031986 4.357331276 -1.705615163 -0.448572695 -0.698315382 -0.279630691 0.482643664
1403636690813555456.000000 2.907581806 4.446502686 -1.693208694 -0.463090539 -0.678915024 -0.258652419 0.507661819
1403636691163555584.000000 2.937240601 4.613618851 -1.736846566 -0.448676407 -0.650256395 -0.274418980 0.548224747
1403636691363555584.000000 3.038806677 4.685202599 -1.717203140 -0.424739778 -0.663140595 -0.306505680 0.534691453
1403636693913555456.000000 4.353742123 4.870695591 -0.987845659 -0.432418287 -0.709338427 -0.286069661 0.477511972
1403636694213555456.000000 4.372509003 4.961594105 -0.982245028 -0.420942634 -0.695886016 -0.299451351 0.498877585
1403636695663555584.000000 4.493549347 5.311847210 -0.967038751 -0.427216828 -0.695913315 -0.311559319 0.485923231
1403636698113555456.000000 4.287719250 5.216000080 -0.944616199 -0.499100387 -0.651763737 -0.355585396 0.446835488
1403636701063555584.000000 3.771967173 4.506189823 -1.421645164 -0.762275040 -0.312983304 -0.517764091 0.229996786
1403636704013555456.000000 4.744312286 4.224762917 -1.832824349 -0.782741129 -0.234640121 -0.547274172 0.180973083
1403636704313555456.000000 4.868229866 4.216563702 -1.875487208 -0.788314819 -0.243650362 -0.536927462 0.175793231
1403636704613555456.000000 5.002536774 4.214919567 -1.880480289 -0.793434680 -0.251987427 -0.528169274 0.167334959
1403636704913555456.000000 5.162143707 4.249015331 -1.902997613 -0.802476168 -0.257829219 -0.512814522 0.163026020
1403636705813555456.000000 5.779446125 4.621769905 -2.058899879 -0.786482215 -0.257461041 -0.534879923 0.170478866
1403636706763555584.000000 6.463448524 5.113091946 -2.181963444 -0.781652033 -0.265401423 -0.538178623 0.170135334
1403636707163555584.000000 6.726771832 5.353812695 -2.153549910 -0.783028245 -0.257286429 -0.541532397 0.165568799
1403636707863555584.000000 7.171080112 5.869081974 -1.992823243 -0.793688476 -0.239607483 -0.530662477 0.176193714
1403636710213555456.000000 8.354597092 7.422372341 -2.293560743 -0.774185479 -0.251405507 -0.558868170 0.158425525
1403636712763555584.000000 7.829128265 8.581263542 -2.175279856 -0.702783048 -0.374128699 -0.536247611 0.280289590
1403636715513555456.000000 6.310756683 7.788860798 -1.633784771 -0.670030892 -0.478179485 -0.453083128 0.342225999
1403636716513555456.000000 6.144418240 7.499010086 -1.577791333 -0.673732698 -0.461142182 -0.471613616 0.333185673
1403636717313555456.000000 6.001245022 7.147527695 -1.607703447 -0.608977497 -0.545605361 -0.437391371 0.374366254
1403636719863555584.000000 4.884820461 6.053715229 -1.821349621 -0.524859071 -0.627169728 -0.363256931 0.446346879
1403636722663555584.000000 4.594338894 5.067378521 -1.959478974 -0.598339021 -0.554315209 -0.426282555 0.391162544
1403636725363555584.000000 4.186985970 4.164646626 -1.700109482 -0.684743226 -0.452434868 -0.470522046 0.324096441
1403636728213555456.000000 3.909800053 3.591256618 -1.160320997 -0.660528004 -0.471000940 -0.482152760 0.330741048
1403636731063555584.000000 2.881299496 2.647922039 -0.933989525 -0.650530815 -0.514374673 -0.420078844 0.368459076
1403636733613555456.000000 2.506292343 2.037281036 -0.963164687 -0.628891170 -0.524920225 -0.443103284 0.364162236
1403636736413555456.000000 1.519091606 1.261467814 -0.591070652 -0.611002564 -0.544936895 -0.430072516 0.380469918
1403636738163555584.000000 0.990374088 1.041710496 -0.473928392 -0.603401005 -0.561693668 -0.403241277 0.397245526
1403636741113555456.000000 1.363859653 0.932932496 -0.964533150 -0.719673693 -0.373216122 -0.527928710 0.253122181
1403636744013555456.000000 1.804485083 1.119082570 -1.737617850 -0.744193137 -0.333617091 -0.527221978 0.238565028
1403636746713555456.000000 2.282097340 1.432865262 -2.453941584 -0.768630743 -0.305163145 -0.518757284 0.216732875
1403636749263555584.000000 2.247512817 1.987529516 -1.927653432 -0.767416179 -0.268141270 -0.537318766 0.224635765
1403636750813555456.000000 2.202682972 1.937777042 -1.529423594 -0.751032829 -0.309814811 -0.540822506 0.217888594
1403636751113555456.000000 2.138171434 1.915523529 -1.342422366 -0.753190637 -0.314661205 -0.537198722 0.212390587
1403636752113555456.000000 2.000422955 1.893185377 -0.937195778 -0.761888921 -0.325551569 -0.512178421 0.226307049
1403636754913555456.000000 1.497661114 1.828613639 -0.535912037 -0.585282326 -0.561565638 -0.435504228 0.390416026
1403636757163555584.000000 0.094225205 1.216541409 -0.444070220 -0.574458420 -0.573334932 -0.417258292 0.408876747
1403636757513555456.000000 -0.135758519 1.066097856 -0.463561445 -0.572240531 -0.581153333 -0.416556716 0.401599467
1403636757813555456.000000 -0.344536543 0.940724432 -0.460625052 -0.571424723 -0.605881810 -0.390198648 0.392588943
1403636758163555584.000000 -0.600073040 0.858384371 -0.358786255 -0.557198107 -0.599057913 -0.393868595 0.418959945
1403636758513555456.000000 -0.847628474 0.785300553 -0.316861451 -0.573030949 -0.599721432 -0.369437665 0.418910116
1403636758863555584.000000 -1.051107049 0.750992835 -0.337210685 -0.572848082 -0.591224015 -0.373560280 0.427495062
1403636759363555584.000000 -1.237773299 0.747552693 -0.421866447 -0.572747052 -0.575678945 -0.371237516 0.450263649
1403636759713555456.000000 -1.265932322 0.726163447 -0.513417482 -0.553211272 -0.594742775 -0.396136105 0.428152561
1403636760063555584.000000 -1.278390408 0.665473759 -0.529418647 -0.561946630 -0.602793217 -0.383348435 0.417013526
1403636760413555456.000000 -1.285766125 0.627178609 -0.572649717 -0.554308414 -0.594578803 -0.394785136 0.428209156
1403636760713555456.000000 -1.287718296 0.592900813 -0.643206894 -0.556431055 -0.605677485 -0.390481442 0.413598210
1403636760913555456.000000 -1.295208454 0.575834215 -0.673496485 -0.549080312 -0.604838014 -0.398746252 0.416753232
1403636761363555584.000000 -1.344313025 0.541065812 -0.731129646 -0.564852476 -0.616163433 -0.373255044 0.402448684
1403636761813555456.000000 -1.420730114 0.570406079 -0.725763142 -0.561537504 -0.589027226 -0.382227719 0.437749475
1403636762013555456.000000 -1.435290575 0.570926249 -0.719984591 -0.557325721 -0.593594551 -0.389560312 0.430437386
1403636762313555456.000000 -1.451121926 0.567631602 -0.701294243 -0.553683460 -0.613806844 -0.396751463 0.399078935
1403636762663555584.000000 -1.507585764 0.585643351 -0.743369520 -0.576695025 -0.580157399 -0.363640606 0.445651978
1403636762963555584.000000 -1.519238114 0.602693200 -0.803476632 -0.565576911 -0.595903635 -0.389755070 0.416068107
1403636763113555456.000000 -1.522680640 0.614624083 -0.803013027 -0.594308555 -0.567388415 -0.388211071 0.417324692
1403636763513555456.000000 -1.508733749 0.735406339 -0.604317427 -0.586443722 -0.558007598 -0.402890265 0.427072287
1403636763713555456.000000 -1.494817853 0.802087486 -0.499062479 -0.587520838 -0.558200836 -0.401158333 0.426969647
