1403636579963555584.000000 0.086780429 0.497168273 -0.488027662 -0.599704802 -0.555630624 -0.404015392 0.410366267
1403636582863555584.000000 0.082719833 0.504155636 -0.326335847 -0.609527349 -0.545302153 -0.421454221 0.391788632
1403636585013555456.000000 0.094422363 0.519161344 -0.209106028 -0.598649800 -0.528398573 -0.449656725 0.400277674
1403636587763555584.000000 0.282886714 0.463517934 -0.487360567 -0.691304266 -0.586713970 -0.301727682 0.294661731
1403636590613555456.000000 -0.109570809 0.418025821 -0.481563032 -0.664444864 -0.615085363 -0.288754344 0.311133444
1403636592213555456.000000 0.324243009 0.497426957 -0.524194002 -0.713769734 -0.535938203 -0.348164320 0.286504298
1403636593913555456.000000 0.002320863 0.362275839 -0.549443901 -0.679251313 -0.599672079 -0.264386982 0.330318838
1403636594413555456.000000 0.278820664 0.365150034 -0.550167382 -0.745836496 -0.506570637 -0.340861410 0.266322434
1403636594763555584.000000 0.376457125 0.526613235 -0.553827047 -0.730484307 -0.505642235 -0.360664189 0.283972025
1403636596263555584.000000 0.210663646 0.310239285 -0.592474818 -0.698185802 -0.568153322 -0.322687417 0.292594224
1403636596513555456.000000 0.119285569 0.222203627 -0.563381255 -0.693513215 -0.565060139 -0.332635045 0.298496902
1403636597013555456.000000 0.065235600 0.245956093 -0.555129707 -0.680104911 -0.577015162 -0.343391627 0.294266999
1403636598863555584.000000 0.110477202 0.541047752 -0.671501040 -0.571132421 -0.662827194 -0.302151114 0.378381521
1403636601813555456.000000 0.144336075 0.650261402 -0.783794820 -0.536623895 -0.588721156 -0.377269864 0.472344875
1403636604313555456.000000 0.144338757 0.650188744 -0.783840895 -0.536613286 -0.588599205 -0.377375036 0.472424775
1403636606813555456.000000 0.144324213 0.650138438 -0.783870816 -0.536608934 -0.588599861 -0.377397329 0.472411305
1403636609313555456.000000 0.144284770 0.650156677 -0.783848107 -0.536645353 -0.588589907 -0.377408117 0.472373575
1403636611813555456.000000 0.144730836 0.650065899 -0.783995271 -0.536938608 -0.588350594 -0.377144843 0.472548753
1403636614313555456.000000 0.144904912 0.649983883 -0.784149945 -0.536507905 -0.588427782 -0.377721101 0.472481549
1403636616813555456.000000 0.144914895 0.649943471 -0.784116089 -0.536682308 -0.588297725 -0.377492279 0.472628295
1403636619313555456.000000 0.144883722 0.649983346 -0.784145117 -0.536866307 -0.588083267 -0.377378404 0.472777218
1403636621813555456.000000 0.145070061 0.649934530 -0.784072280 -0.536660135 -0.588242233 -0.377516776 0.472702891
1403636624713555456.000000 0.172980055 0.629808187 -0.784017026 -0.549981594 -0.595830917 -0.376649737 0.447929382
1403636627613555456.000000 0.302957833 0.627721250 -0.383964092 -0.539902747 -0.611202836 -0.376606196 0.439435899
1403636629163555584.000000 0.579271078 0.727061510 -0.281885624 -0.595863283 -0.573435009 -0.402099639 0.392982274
1403636631613555456.000000 1.552545190 1.456940413 -0.350557566 -0.661829829 -0.479491383 -0.466484874 0.338321358
1403636632963555584.000000 1.888910890 2.003469944 -0.456685275 -0.629313409 -0.531031251 -0.430349737 0.369823813
1403636635313555456.000000 2.517566681 3.485276461 -0.500879824 -0.584968269 -0.581035554 -0.401643634 0.398612827
1403636638063555584.000000 3.109302282 5.166091442 -0.146866709 -0.573033333 -0.580815554 -0.406648278 0.411002904
1403636638413555456.000000 3.117807627 5.331232548 -0.186698869 -0.582810998 -0.581418395 -0.391194969 0.411400646
1403636639363555584.000000 3.272846937 5.908736706 -0.224138141 -0.587168694 -0.576983869 -0.381977111 0.420019060
1403636642163555584.000000 3.931492805 7.221776962 -0.372611940 -0.557354033 -0.588169754 -0.404826373 0.423708111
1403636643613555456.000000 4.153195858 7.454147816 -0.403052032 -0.594025135 -0.575615525 -0.397736162 0.396997273
1403636644113555456.000000 4.259866238 7.625423431 -0.331936091 -0.597690880 -0.587861717 -0.387586266 0.383355170
1403636644413555456.000000 4.327085018 7.792726994 -0.347595870 -0.593418360 -0.563028574 -0.395065308 0.418063223
1403636646963555584.000000 5.456925392 9.553295135 -0.494282335 -0.665913284 -0.456917346 -0.479905605 0.342748761
1403636647613555456.000000 5.777302742 9.866470337 -0.422365576 -0.663644671 -0.454773575 -0.475252241 0.356219172
1403636648263555584.000000 6.131463528 10.025004387 -0.435607553 -0.703171909 -0.400323689 -0.502000928 0.305426598
1403636649513555456.000000 6.760638714 10.008013725 -0.373166144 -0.749413431 -0.320281506 -0.531591713 0.230671838
1403636649763555584.000000 6.869220257 9.996287346 -0.253987253 -0.745949328 -0.308706015 -0.540330708 0.237282544
1403636651613555456.000000 7.233836174 9.495952606 -0.151558891 -0.788591146 -0.187492773 -0.568274975 0.141542003
1403636654263555584.000000 7.279652596 8.218834877 -0.256410331 -0.807978153 -0.014797644 -0.588740230 0.018365271
1403636655113555456.000000 7.150795937 7.894015789 -0.208247349 0.806031823 -0.072569221 0.585413694 0.048344463
1403636655463555584.000000 7.071130276 7.783180237 -0.247328490 0.796458781 -0.091885746 0.595158815 0.054738965
1403636655763555584.000000 6.949680328 7.689357281 -0.267273933 0.808023214 -0.131230459 0.569908381 0.071285382
1403636656663555584.000000 6.591423512 7.297760963 -0.319110751 0.799530029 -0.191214621 0.556373000 0.120987050
1403636657013555456.000000 6.475374222 7.122111797 -0.310027182 0.783437610 -0.178762034 0.582451582 0.122555345
1403636657863555584.000000 6.041775703 6.718236923 -0.418187678 0.796307623 -0.198401257 0.562773883 0.099079922
1403636658363555584.000000 5.767678738 6.371133804 -0.455748647 0.802267492 -0.194223285 0.550780118 0.123634934
1403636659113555456.000000 5.480671406 5.873211384 -0.580052733 0.789429188 -0.185353771 0.567752600 0.141783133
1403636659463555584.000000 5.371649742 5.717478752 -0.672167361 0.795990169 -0.187328503 0.558775604 0.138121352
1403636659813555456.000000 5.273143291 5.594868660 -0.730122983 0.792466998 -0.187858015 0.562311471 0.143217862
1403636662463555584.000000 5.290477276 5.740598202 -1.314644933 0.794937074 -0.187594533 0.557985783 0.146748841
1403636662863555584.000000 5.253814220 5.882806778 -1.365209103 0.793781519 -0.214003682 0.557350457 0.116076812
1403636663713555456.000000 5.274838448 5.940554142 -1.550613284 0.821975291 -0.193059057 0.514226615 0.150518119
1403636663963555584.000000 5.381647587 5.938513279 -1.600065589 0.814363658 -0.171106100 0.526971996 0.172728807
1403636666913555456.000000 6.981766701 7.394493580 -1.579281330 0.813050032 -0.175712079 0.546075523 0.099379599
1403636669213555456.000000 7.929507256 8.157234192 -1.803957224 0.791230023 -0.171925694 0.571168780 0.134769693
1403636669613555456.000000 8.105230331 8.392832756 -1.856103778 0.781612098 -0.170623377 0.584192872 0.136706978
1403636669813555456.000000 8.168214798 8.530747414 -1.882086515 0.772796154 -0.173283398 0.596942246 0.128136456
1403636670263555584.000000 8.187411308 8.820486069 -1.850706577 0.771566093 -0.206810206 0.599024117 0.055547174
1403636670513555456.000000 8.109056473 8.892217636 -1.835466504 0.773017943 -0.198131472 0.602278352 0.021167427
1403636670813555456.000000 7.920492649 8.844331741 -1.781715155 0.783561289 -0.147285163 0.603227437 -0.021341857
1403636672413555456.000000 6.500537395 6.946744442 -1.233739138 -0.842865467 -0.124567844 -0.523442864 0.008258280
1403636672713555456.000000 6.481945515 6.774534702 -1.209575653 -0.810809195 -0.101742305 -0.574913740 0.041367032
1403636674713555456.000000 6.853850842 7.108684063 -1.437774301 -0.798029363 -0.174371660 -0.557442248 0.148330197
1403636677563555584.000000 8.031919479 9.111845970 -1.889839768 -0.675545216 -0.426525086 -0.514957011 0.310699761
1403636677813555456.000000 8.040534973 9.280632019 -1.887939453 -0.665112138 -0.454080343 -0.480748802 0.346868068
1403636680613555456.000000 7.876360416 9.874200821 -1.549083829 -0.389674634 -0.710374057 -0.339535594 0.477742583
1403636681663555584.000000 7.309043884 9.390627861 -1.571786165 -0.413727850 -0.698790967 -0.308590710 0.495269805
1403636684213555456.000000 5.871141434 7.945140839 -1.532328606 -0.411243677 -0.703590930 -0.290995926 0.501158476
1403636687163555584.000000 4.804339886 6.023818970 -1.545296550 -0.417424411 -0.702509463 -0.287680209 0.499477148
1403636689313555456.000000 4.261896133 4.979748249 -1.934318900 -0.391799361 -0.725443602 -0.266070932 0.499430805
1403636689663555584.000000 4.131424427 4.845876694 -1.861825228 -0.391047031 -0.730355740 -0.254349858 0.498967767
1403636689913555456.000000 4.039975166 4.782764435 -1.810172915 -0.406914353 -0.725950956 -0.234609827 0.502368629
1403636690263555584.000000 3.936039448 4.779241562 -1.768589377 -0.401918024 -0.728494346 -0.250170499 0.495149076
1403636690713555456.000000 3.809877634 4.885270119 -1.695677757 -0.411694795 -0.714515030 -0.238364965 0.512989104
1403636690913555456.000000 3.773174524 4.966036320 -1.720181823 -0.419103980 -0.695297480 -0.226709321 0.538067102
1403636691313555456.000000 3.860909462 5.163315296 -1.735128999 -0.384472966 -0.681766927 -0.269539505 0.561001658
1403636693613555456.000000 5.154690742 5.455938816 -1.022299290 -0.394262105 -0.744906843 -0.247664005 0.477842778
1403636695563555584.000000 5.261328697 5.953879833 -0.967823148 -0.383949935 -0.719420910 -0.276096404 0.508710861
1403636696063555584.000000 5.293907166 6.050668716 -0.985763550 -0.391286582 -0.721093237 -0.273570061 0.502074480
1403636698413555456.000000 4.964980125 5.757890224 -0.962661207 -0.482973963 -0.661406338 -0.344427645 0.458963335
1403636701113555456.000000 4.625227928 5.157451630 -1.430684805 -0.744273603 -0.359100997 -0.500485182 0.258104503
1403636703913555456.000000 5.542176247 5.027149200 -1.827568769 -0.768230677 -0.279053837 -0.536816061 0.209234565
1403636705263555584.000000 6.199624538 5.235517025 -1.990309358 -0.769394398 -0.304581970 -0.525656760 0.197350025
1403636705713555456.000000 6.482793808 5.483656883 -2.040075779 -0.772635698 -0.303798616 -0.521520197 0.196868330
1403636706113555456.000000 6.740554810 5.745762348 -2.085218191 -0.765560865 -0.280562252 -0.529548228 0.234051153
1403636706463555584.000000 6.968394756 5.937694550 -2.129660368 -0.760230064 -0.305031747 -0.535047591 0.206712455
1403636706963555584.000000 7.261116982 6.229020596 -2.149784088 -0.769856036 -0.306335181 -0.524413764 0.196139738
1403636709763555584.000000 8.731962204 8.247954369 -2.212573767 -0.764844418 -0.290909261 -0.544279575 0.184782520
1403636710213555456.000000 8.776997566 8.568494797 -2.232953548 -0.759437501 -0.297010094 -0.546520412 0.190670341
1403636712963555584.000000 8.000494957 9.617676735 -2.114840984 -0.679928362 -0.422961801 -0.510478675 0.313388616
1403636715763555584.000000 6.684376240 8.609076500 -1.635870218 -0.631191075 -0.507425606 -0.445281744 0.381891787
1403636717063555584.000000 6.537284374 8.100182533 -1.628928542 -0.601586759 -0.548880398 -0.425550550 0.394626856
1403636717913555456.000000 6.374957561 7.688543320 -1.629969835 -0.551236033 -0.600362241 -0.412364960 0.407012492
1403636720413555456.000000 5.429532051 6.516775608 -1.874719024 -0.489376783 -0.655008256 -0.333990127 0.468961746
1403636723313555456.000000 5.342413902 5.509797573 -1.940225363 -0.565359294 -0.585761964 -0.403892249 0.417280257
1403636726263555584.000000 5.023733616 4.630918026 -1.627394795 -0.647958219 -0.496660352 -0.455304176 0.355213791
1403636729063555584.000000 4.647967815 3.904249907 -1.053283930 -0.599600434 -0.542965949 -0.441659451 0.388077527
1403636731913555456.000000 3.916348696 3.018962860 -1.016691566 -0.602594614 -0.548547745 -0.419948786 0.399522543
1403636734613555456.000000 3.347173691 2.010298967 -0.874874234 -0.595231533 -0.563932300 -0.413755119 0.395583928
1403636737563555584.000000 2.489978075 1.357211113 -0.663662553 -0.557895303 -0.600800574 -0.386377633 0.422497362
1403636738563555584.000000 2.296335459 1.267993808 -0.437362492 -0.574135721 -0.589175642 -0.385559797 0.417832524
1403636741363555584.000000 2.724897623 1.209979653 -1.064800501 -0.710127950 -0.394844204 -0.505204320 0.290834993
1403636744113555456.000000 3.154257298 1.496594429 -1.794351816 -0.723054409 -0.372310460 -0.515513420 0.269857585
1403636746713555456.000000 3.542513847 1.847468376 -2.468701601 -0.747317970 -0.351715475 -0.505212247 0.250145465
1403636749663555584.000000 3.498545170 2.398185015 -1.815743446 -0.739696205 -0.333167642 -0.536880136 0.231535465
1403636751063555584.000000 3.353738546 2.299115181 -1.369386077 -0.731633008 -0.359817564 -0.523036540 0.248349324
1403636751563555584.000000 3.240731716 2.276938915 -1.137342930 -0.741361260 -0.344517857 -0.511390746 0.264897257
1403636752063555584.000000 3.203276634 2.262265205 -0.957329214 -0.741361976 -0.371169984 -0.495543003 0.258944929
1403636754813555456.000000 2.797300577 2.169471741 -0.566873729 -0.555650353 -0.587915778 -0.416398555 0.414994001
1403636756263555584.000000 1.996162772 1.691842079 -0.507265329 -0.540951610 -0.606184125 -0.394161224 0.429591894
1403636756613555456.000000 1.777645946 1.582321048 -0.486851722 -0.538058937 -0.606910884 -0.394258261 0.432101995
1403636756963555584.000000 1.559509158 1.446491957 -0.471869379 -0.536096811 -0.607111812 -0.392311990 0.436012357
1403636757313555456.000000 1.347831845 1.279388309 -0.448137105 -0.535035312 -0.609098315 -0.391662449 0.435128719
1403636757663555584.000000 1.133455634 1.094522476 -0.459670991 -0.533422768 -0.628840625 -0.376812845 0.421938181
1403636758013555456.000000 0.895270944 0.950391471 -0.385081589 -0.526253521 -0.639637768 -0.359629512 0.429636478
1403636758513555456.000000 0.558595836 0.803612292 -0.323089510 -0.531948864 -0.634318411 -0.343994439 0.443100989
1403636759013555456.000000 0.300934285 0.743425667 -0.357832491 -0.522624850 -0.625384092 -0.361506015 0.452848107
1403636759363555584.000000 0.184622437 0.723000169 -0.422494859 -0.534759641 -0.608975470 -0.340913117 0.476402372
1403636759713555456.000000 0.158138335 0.693616211 -0.510365784 -0.514488757 -0.627068996 -0.367340386 0.455133855
1403636760063555584.000000 0.149690002 0.644992352 -0.537548304 -0.522335649 -0.634768307 -0.356098950 0.444328904
1403636760563555584.000000 0.144633412 0.591480672 -0.603630364 -0.515173495 -0.631049395 -0.366918594 0.449158847
1403636760913555456.000000 0.136187375 0.549684882 -0.654191494 -0.510051429 -0.638093352 -0.371510834 0.441207618
1403636761213555456.000000 0.106999062 0.516768992 -0.697539866 -0.523514152 -0.648713291 -0.350406915 0.426988393
1403636761513555456.000000 0.060063940 0.519107163 -0.714722395 -0.516925037 -0.639859140 -0.360385150 0.439876586
1403636761913555456.000000 -0.001901798 0.536766052 -0.702417314 -0.524067104 -0.622122288 -0.353577763 0.461844414
1403636762263555584.000000 -0.024720691 0.540054679 -0.674932539 -0.510124445 -0.644085646 -0.377087742 0.427471012
1403636762563555584.000000 -0.078473613 0.551479280 -0.696867764 -0.535707891 -0.629145324 -0.342125595 0.447373897
1403636762863555584.000000 -0.106843829 0.583335757 -0.766996026 -0.517394900 -0.603076577 -0.365246713 0.484970123
1403636763213555456.000000 -0.067856170 0.542915165 -0.788560569 -0.552351952 -0.581191778 -0.379887402 0.461312324
1403636763513555456.000000 -0.065137684 0.531206310 -0.809962511 -0.556288838 -0.582647800 -0.374513716 0.459133893
1403636763663555584.000000 -0.063516065 0.520494938 -0.819869518 -0.556160986 -0.582675934 -0.374717593 0.459086657
1403636763813555456.000000 -0.061586566 0.508271873 -0.829840362 0.556464791 0.582385182 0.374352604 -0.459384888
