#LBA time[ms],KF opt[#],KF fixed[#],MP[#],Edges[#]
0.007017,3,1,0,887
0.001674,4,1,0,873
0.183627,5,1,0,1437
0.088778,6,1,0,1902
0.503939,7,1,0,2211
0.652334,8,1,0,2618
0.839714,9,1,0,2942
0.646238,10,1,0,2960
1.097628,0,0,0,0
43.585666,0,0,0,0
2.012245,0,0,0,0
1.187725,0,0,0,0
1.391027,0,0,0,0
1.807757,0,0,0,0
2.993723,0,0,0,0
3.174784,0,0,0,0
2.618153,0,0,0,0
2.880346,0,0,0,0
3.528230,0,0,0,0
4.392209,0,0,0,0
2.992648,0,0,0,0
4.726445,0,0,0,0
3.923021,0,0,0,0
3.509844,0,0,0,0
4.906907,0,0,0,0
3.960589,0,0,0,0
3.939035,0,0,0,0
5.240639,0,0,0,0
3.853659,0,0,0,0
4.111851,3,1,0,1197
4.571416,4,1,0,1509
0.003078,5,1,0,1867
0.002627,6,1,0,2421
0.360549,7,1,0,2698
0.418124,8,1,0,3013
0.631147,9,1,0,3382
1.319102,10,1,0,3797
1.117910,0,0,0,0
1.117852,0,0,0,0
0.936984,0,0,0,0
57.017660,0,0,0,0
1.689762,0,0,0,0
1.776548,0,0,0,0
1.590869,0,0,0,0
1.677818,0,0,0,0
2.402603,0,0,0,0
2.522163,0,0,0,0
2.783012,0,0,0,0
3.968837,0,0,0,0
3.809046,0,0,0,0
3.644127,0,0,0,0
4.022276,0,0,0,0
4.024855,0,0,0,0
4.593292,0,0,0,0
4.251903,0,0,0,0
3.769896,0,0,0,0
3.457244,0,0,0,0
4.072769,0,0,0,0
4.328053,0,0,0,0
4.921655,0,0,0,0
3.856865,0,0,0,0
4.356169,0,0,0,0
4.924352,0,0,0,0
3.288543,0,0,0,0
5.881175,0,0,0,0
3.076648,0,0,0,0
5.926611,0,0,0,0
5.212915,0,0,0,0
3.065605,0,0,0,0
5.445869,0,0,0,0
4.481484,0,0,0,0
3.681775,0,0,0,0
2.471332,0,0,0,0
2.296846,0,0,0,0
4.915986,0,0,0,0
3.638434,0,0,0,0
2.932084,0,0,0,0
2.882862,0,0,0,0
4.091871,0,0,0,0
3.900983,0,0,0,0
3.832115,0,0,0,0
2.380091,0,0,0,0
4.446697,0,0,0,0
6.187268,0,0,0,0
4.783256,0,0,0,0
4.693793,0,0,0,0
4.123011,0,0,0,0
4.253095,0,0,0,0
5.100017,0,0,0,0
5.121649,0,0,0,0
2.917503,0,0,0,0
2.760812,0,0,0,0
4.565269,0,0,0,0
3.310882,0,0,0,0
3.739806,0,0,0,0
4.873054,0,0,0,0
4.044938,0,0,0,0
3.945058,0,0,0,0
3.514129,0,0,0,0
4.361789,0,0,0,0
4.460218,0,0,0,0
3.710100,0,0,0,0
4.700388,0,0,0,0
4.927783,0,0,0,0
3.497286,0,0,0,0
5.195895,0,0,0,0
3.700707,0,0,0,0
3.600419,0,0,0,0
2.469806,0,0,0,0
6.665868,0,0,0,0
2.778044,0,0,0,0
3.853176,0,0,0,0
2.857641,0,0,0,0
4.066069,0,0,0,0
2.485953,0,0,0,0
3.411684,0,0,0,0
4.282357,0,0,0,0
2.847125,0,0,0,0
2.597864,0,0,0,0
3.502222,0,0,0,0
3.857458,0,0,0,0
3.306090,0,0,0,0
3.857939,0,0,0,0
3.695826,0,0,0,0
4.136014,0,0,0,0
4.242348,0,0,0,0
4.236753,0,0,0,0
3.009682,0,0,0,0
3.693918,0,0,0,0
3.229404,0,0,0,0
3.009987,0,0,0,0
3.917360,0,0,0,0
4.024406,0,0,0,0
2.428753,0,0,0,0
4.566076,0,0,0,0
3.818295,0,0,0,0
4.275403,0,0,0,0
4.615735,0,0,0,0
2.765608,0,0,0,0
3.815730,0,0,0,0
3.651247,0,0,0,0
3.911988,0,0,0,0
5.379277,0,0,0,0
2.508436,0,0,0,0
4.887713,0,0,0,0
3.701499,0,0,0,0
5.001262,0,0,0,0
4.788975,0,0,0,0
2.965901,0,0,0,0
3.422284,0,0,0,0
4.683656,0,0,0,0
4.449238,0,0,0,0
4.121790,0,0,0,0
2.639771,0,0,0,0
3.737013,0,0,0,0
5.419664,0,0,0,0
5.711485,0,0,0,0
3.524471,0,0,0,0
2.958623,0,0,0,0
5.244213,0,0,0,0
5.258548,0,0,0,0
5.242969,0,0,0,0
6.068163,0,0,0,0
4.001164,0,0,0,0
10.343019,0,0,0,0
6.066606,0,0,0,0
5.179231,0,0,0,0
4.756307,0,0,0,0
5.673337,0,0,0,0
4.246619,0,0,0,0
3.718902,0,0,0,0
5.155493,0,0,0,0
4.810351,0,0,0,0
4.899911,0,0,0,0
3.324900,0,0,0,0
5.750495,0,0,0,0
6.392044,0,0,0,0
4.460767,0,0,0,0
5.464403,0,0,0,0
4.109119,0,0,0,0
4.515620,0,0,0,0
5.133197,0,0,0,0
5.154855,0,0,0,0
4.201654,0,0,0,0
6.259882,0,0,0,0
4.722417,0,0,0,0
6.056197,0,0,0,0
6.091919,0,0,0,0
6.109459,0,0,0,0
5.834466,0,0,0,0
7.040962,0,0,0,0
4.656878,0,0,0,0
7.923203,0,0,0,0
7.471471,0,0,0,0
5.313875,0,0,0,0
9.455310,0,0,0,0
6.203483,0,0,0,0
6.219337,0,0,0,0
6.311953,0,0,0,0
7.791961,0,0,0,0
9.280878,0,0,0,0
12.751729,0,0,0,0
7.422604,0,0,0,0
10.307312,0,0,0,0
8.912335,0,0,0,0
12.262142,0,0,0,0
11.836610,0,0,0,0
8.871406,0,0,0,0
8.658932,0,0,0,0
6.879368,0,0,0,0
8.790921,0,0,0,0
6.471655,0,0,0,0
7.525995,0,0,0,0
9.118526,0,0,0,0
8.330888,0,0,0,0
13.959832,0,0,0,0
9.185219,0,0,0,0
11.504901,0,0,0,0
15.097795,0,0,0,0
13.519776,0,0,0,0
8.669927,0,0,0,0
10.151918,0,0,0,0
7.650531,0,0,0,0
8.628901,0,0,0,0
7.088528,0,0,0,0
7.760672,0,0,0,0
8.119953,0,0,0,0
8.678926,0,0,0,0
10.842510,0,0,0,0
6.379234,0,0,0,0
6.705220,0,0,0,0
7.495733,0,0,0,0
7.483767,0,0,0,0
12.074822,0,0,0,0
6.607942,0,0,0,0
9.520573,0,0,0,0
10.122175,0,0,0,0
9.408629,0,0,0,0
8.996514,0,0,0,0
11.537350,0,0,0,0
9.139085,0,0,0,0
11.248424,0,0,0,0
13.685997,0,0,0,0
13.299326,0,0,0,0
12.065673,0,0,0,0
9.794734,0,0,0,0
11.116999,0,0,0,0
8.216203,0,0,0,0
11.097408,0,0,0,0
13.048495,0,0,0,0
13.228077,0,0,0,0
12.559324,0,0,0,0
8.226049,0,0,0,0
11.899849,0,0,0,0
12.131974,0,0,0,0
15.725608,0,0,0,0
10.813322,0,0,0,0
9.803725,0,0,0,0
9.738112,0,0,0,0
6.684180,0,0,0,0
8.348492,0,0,0,0
6.523912,0,0,0,0
9.351118,0,0,0,0
8.751308,0,0,0,0
4.528595,0,0,0,0
5.160710,0,0,0,0
8.046565,0,0,0,0
7.607500,0,0,0,0
5.380975,0,0,0,0
7.539439,0,0,0,0
10.253452,0,0,0,0
8.025878,0,0,0,0
9.279301,0,0,0,0
10.260804,0,0,0,0
6.530470,0,0,0,0
6.447957,0,0,0,0
8.592365,0,0,0,0
5.431763,0,0,0,0
5.522380,0,0,0,0
3.548427,0,0,0,0
5.514581,0,0,0,0
3.201829,0,0,0,0
8.438544,0,0,0,0
6.243245,0,0,0,0
5.624975,0,0,0,0
4.744426,0,0,0,0
7.538042,0,0,0,0
6.182493,0,0,0,0
7.088969,0,0,0,0
8.516587,0,0,0,0
7.623146,0,0,0,0
6.814082,0,0,0,0
7.028291,0,0,0,0
8.849597,0,0,0,0
4.082404,0,0,0,0
4.303711,0,0,0,0
5.988725,0,0,0,0
9.908077,0,0,0,0
5.918262,0,0,0,0
5.050664,0,0,0,0
9.077353,0,0,0,0
6.710290,0,0,0,0
8.342620,0,0,0,0
4.905486,0,0,0,0
5.478975,0,0,0,0
8.490062,0,0,0,0
7.624168,0,0,0,0
6.453710,0,0,0,0
5.850192,0,0,0,0
6.308815,0,0,0,0
8.240563,0,0,0,0
8.317751,0,0,0,0
7.208977,0,0,0,0
7.176410,0,0,0,0
8.249379,0,0,0,0
8.186046,0,0,0,0
8.641254,0,0,0,0
7.815731,0,0,0,0
7.791928,0,0,0,0
6.992338,0,0,0,0
14.117541,0,0,0,0
8.711223,0,0,0,0
9.006497,0,0,0,0
8.860048,0,0,0,0
8.426368,0,0,0,0
9.784115,0,0,0,0
9.991083,0,0,0,0
7.865749,0,0,0,0
9.477099,0,0,0,0
9.196028,0,0,0,0
9.024333,0,0,0,0
5.986600,0,0,0,0
6.638206,0,0,0,0
5.486074,0,0,0,0
7.246774,0,0,0,0
8.603263,0,0,0,0
8.523448,0,0,0,0
5.071200,0,0,0,0
5.606911,0,0,0,0
11.309581,0,0,0,0
6.684166,0,0,0,0
9.734883,0,0,0,0
11.604731,0,0,0,0
11.896010,0,0,0,0
10.004552,0,0,0,0
11.495840,0,0,0,0
17.143074,0,0,0,0
12.193800,0,0,0,0
13.800980,0,0,0,0
11.713740,0,0,0,0
13.539539,0,0,0,0
9.239257,0,0,0,0
14.294635,0,0,0,0
15.727383,0,0,0,0
18.302101,0,0,0,0
17.266234,0,0,0,0
14.590227,0,0,0,0
15.576393,0,0,0,0
9.805024,0,0,0,0
17.056390,0,0,0,0
15.996500,0,0,0,0
18.250949,0,0,0,0
11.455740,0,0,0,0
12.151883,0,0,0,0
12.823844,0,0,0,0
13.536234,0,0,0,0
13.966956,0,0,0,0
12.363980,0,0,0,0
15.259478,0,0,0,0
14.710626,0,0,0,0
12.876560,0,0,0,0
13.901522,0,0,0,0
12.358448,0,0,0,0
9.190386,0,0,0,0
9.958718,0,0,0,0
12.657883,0,0,0,0
9.615527,0,0,0,0
12.887412,0,0,0,0
12.216182,0,0,0,0
13.175230,0,0,0,0
11.423229,0,0,0,0
9.866655,0,0,0,0
9.793837,0,0,0,0
13.481181,0,0,0,0
17.638506,0,0,0,0
10.498898,0,0,0,0
13.469708,0,0,0,0
12.032268,0,0,0,0
11.456238,0,0,0,0
16.256904,0,0,0,0
11.570315,0,0,0,0
14.318375,0,0,0,0
15.989383,0,0,0,0
14.882179,0,0,0,0
17.811933,0,0,0,0
13.914672,0,0,0,0
16.639449,0,0,0,0
15.256867,0,0,0,0
11.706462,0,0,0,0
16.394487,0,0,0,0
13.748262,0,0,0,0
18.098262,0,0,0,0
18.255323,0,0,0,0
15.900068,0,0,0,0
17.749772,0,0,0,0
15.516827,0,0,0,0
16.559989,0,0,0,0
13.267882,0,0,0,0
14.535321,0,0,0,0
10.685131,0,0,0,0
15.667840,0,0,0,0
14.649969,0,0,0,0
12.920308,0,0,0,0
13.225886,0,0,0,0
15.572808,0,0,0,0
13.632713,0,0,0,0
12.434635,0,0,0,0
18.029506,0,0,0,0
13.072545,0,0,0,0
12.626353,0,0,0,0
11.757296,0,0,0,0
11.129146,0,0,0,0
15.677434,0,0,0,0
12.300614,0,0,0,0
12.721681,0,0,0,0
12.629169,0,0,0,0
14.738564,0,0,0,0
14.246232,0,0,0,0
15.182034,0,0,0,0
17.716709,0,0,0,0
13.225951,0,0,0,0
13.690582,0,0,0,0
14.537141,0,0,0,0
12.861737,0,0,0,0
13.560521,0,0,0,0
20.556459,0,0,0,0
21.851776,0,0,0,0
17.699938,0,0,0,0
24.438504,0,0,0,0
22.319054,0,0,0,0
18.185527,0,0,0,0
19.956322,0,0,0,0
19.218762,0,0,0,0
21.244094,0,0,0,0
18.998489,0,0,0,0
15.063299,0,0,0,0
18.626938,0,0,0,0
18.083113,0,0,0,0
19.730210,0,0,0,0
19.049529,0,0,0,0
17.525895,0,0,0,0
15.509158,0,0,0,0
21.050430,0,0,0,0
20.848951,0,0,0,0
14.926512,0,0,0,0
15.289235,0,0,0,0
18.472581,0,0,0,0
20.285485,0,0,0,0
24.375393,0,0,0,0
24.369446,0,0,0,0
18.347912,0,0,0,0
24.535032,0,0,0,0
23.579332,0,0,0,0
25.468919,0,0,0,0
19.142407,0,0,0,0
18.048688,0,0,0,0
20.307497,0,0,0,0
15.795470,0,0,0,0
20.543685,0,0,0,0
14.969645,0,0,0,0
22.439117,0,0,0,0
20.923596,0,0,0,0
18.429077,0,0,0,0
16.201524,0,0,0,0
17.074848,0,0,0,0
20.675623,0,0,0,0
27.195727,0,0,0,0
25.634587,0,0,0,0
16.848774,0,0,0,0
20.874817,0,0,0,0
22.105434,0,0,0,0
23.247332,0,0,0,0
20.253705,0,0,0,0
24.018137,0,0,0,0
30.206393,0,0,0,0
26.739549,0,0,0,0
27.602577,0,0,0,0
26.269046,0,0,0,0
18.184026,0,0,0,0
23.146938,0,0,0,0
23.498322,0,0,0,0
26.818682,0,0,0,0
20.185146,0,0,0,0
19.313511,0,0,0,0
20.074571,0,0,0,0
19.117516,0,0,0,0
18.361183,0,0,0,0
16.685404,0,0,0,0
15.583988,0,0,0,0
16.224577,0,0,0,0
29.560393,0,0,0,0
20.899276,0,0,0,0
17.979699,0,0,0,0
23.225482,0,0,0,0
25.997229,0,0,0,0
21.730856,0,0,0,0
22.189928,0,0,0,0
26.386331,0,0,0,0
23.425968,0,0,0,0
27.924871,0,0,0,0
22.708503,0,0,0,0
23.922275,0,0,0,0
20.949259,0,0,0,0
27.943505,0,0,0,0
23.164456,0,0,0,0
24.956225,0,0,0,0
25.819004,0,0,0,0
29.019068,0,0,0,0
38.207827,0,0,0,0
31.769569,0,0,0,0
23.653625,0,0,0,0
26.208287,0,0,0,0
27.943769,0,0,0,0
26.921810,0,0,0,0
28.814071,0,0,0,0
21.994115,0,0,0,0
27.860778,0,0,0,0
29.205960,0,0,0,0
22.813050,0,0,0,0
31.256976,0,0,0,0
26.163758,0,0,0,0
33.868716,0,0,0,0
27.026457,0,0,0,0
34.266011,0,0,0,0
31.726303,0,0,0,0
30.653004,0,0,0,0
34.125637,0,0,0,0
30.409786,0,0,0,0
25.265478,0,0,0,0
31.802632,0,0,0,0
28.456689,0,0,0,0
31.876950,0,0,0,0
24.733058,0,0,0,0
30.786933,0,0,0,0
22.132802,0,0,0,0
22.303333,0,0,0,0
36.375189,0,0,0,0
35.700866,0,0,0,0
29.857318,0,0,0,0
31.402178,0,0,0,0
28.761394,0,0,0,0
31.293685,0,0,0,0
28.410244,0,0,0,0
32.935062,0,0,0,0
29.154021,0,0,0,0
28.122753,0,0,0,0
19.678090,0,0,0,0
25.751376,0,0,0,0
21.396896,0,0,0,0
25.976872,0,0,0,0
23.267446,0,0,0,0
28.268200,0,0,0,0
33.296393,0,0,0,0
35.686140,0,0,0,0
24.905014,0,0,0,0
32.145431,0,0,0,0
23.580075,0,0,0,0
30.519773,0,0,0,0
28.932814,0,0,0,0
34.155725,0,0,0,0
26.786106,0,0,0,0
28.085559,0,0,0,0
30.941379,0,0,0,0
27.027016,0,0,0,0
21.107167,0,0,0,0
23.924981,0,0,0,0
24.475163,0,0,0,0
21.382960,0,0,0,0
21.831177,0,0,0,0
31.383172,0,0,0,0
20.553671,0,0,0,0
26.918324,0,0,0,0
23.372164,0,0,0,0
23.499644,0,0,0,0
23.673304,0,0,0,0
24.163577,0,0,0,0
28.625658,0,0,0,0
23.119420,0,0,0,0
23.272922,0,0,0,0
24.993027,0,0,0,0
16.015214,0,0,0,0
29.088116,0,0,0,0
19.449258,0,0,0,0
27.588429,0,0,0,0
28.751928,0,0,0,0
26.068987,0,0,0,0
18.052511,0,0,0,0
17.242714,0,0,0,0
18.544973,0,0,0,0
20.373114,28832,28832,28832,1079853099
13.929968,0,3,-1039207668,1652840854
18.332144,0,0,1087860630,1079872299
15.383205,0,-1116199104,1205014808,-1867520500
