#LBA time[ms],KF opt[#],KF fixed[#],MP[#],Edges[#]
0.008815,3,1,0,707
0.001289,4,1,0,909
0.302457,5,1,0,1144
0.179323,6,1,0,1358
0.660317,7,1,0,1545
0.859799,8,1,0,1745
1.055035,9,1,0,1953
0.787600,10,1,0,2132
2.000809,0,0,0,0
42.570792,0,0,0,0
1.200502,0,0,0,0
1.166838,0,0,0,0
1.343947,0,0,0,0
1.976152,0,0,0,0
1.732504,0,0,0,0
2.051503,0,0,0,0
1.935950,0,0,0,0
1.957927,0,0,0,0
1.849261,0,0,0,0
1.993640,0,0,0,0
2.270030,0,0,0,0
2.460868,0,0,0,0
2.701445,3,1,0,1081
2.494933,4,1,0,1371
0.002189,5,1,0,1299
0.002552,6,1,0,1461
0.161535,7,1,0,1931
1.053354,8,1,0,2261
0.804544,9,1,0,2757
0.379343,10,1,0,2909
0.550146,0,0,0,0
1.142009,0,0,0,0
1.086629,0,0,0,0
48.680585,0,0,0,0
1.054334,0,0,0,0
0.856519,0,0,0,0
0.932383,0,0,0,0
1.047252,0,0,0,0
1.214280,0,0,0,0
1.150217,0,0,0,0
1.607281,0,0,0,0
1.507636,0,0,0,0
1.783072,0,0,0,0
1.986539,0,0,0,0
1.833065,0,0,0,0
2.239688,3,1,0,599
2.495402,4,1,0,809
2.600857,5,1,0,1010
2.358001,6,1,0,1252
0.003108,7,1,0,1464
0.002585,8,1,0,1681
0.138747,9,1,0,1885
0.372609,10,1,0,2101
0.294414,0,0,0,0
0.907016,0,0,0,0
0.512443,0,0,0,0
1.517575,3,1,0,872
1.006781,4,1,0,1107
80.962972,5,1,0,1334
2.083544,6,1,0,1592
2.915051,7,1,0,1814
2.324122,8,1,0,2067
0.001578,9,1,0,2300
0.002671,10,1,0,2555
0.225677,0,0,0,0
0.280564,3,1,0,838
0.397522,4,1,0,1096
1.332801,5,1,0,1358
1.362874,6,1,0,1576
2.005595,7,1,0,1838
2.982384,8,1,0,2064
58.449038,9,1,0,2275
2.584420,10,1,0,2501
0.003208,0,0,0,0
0.002538,3,1,0,550
0.184500,4,1,0,757
0.628906,5,1,0,1063
0.853215,6,1,0,1369
1.038970,7,1,0,1707
0.626937,8,1,0,2111
1.949280,9,1,0,2475
2.185321,10,1,0,2741
72.356503,0,0,0,0
1.421896,0,0,0,0
0.002795,0,0,0,0
0.002361,0,0,0,0
0.159290,0,0,0,0
0.229119,0,0,0,0
0.555602,0,0,0,0
0.651204,0,0,0,0
0.849927,0,0,0,0
0.582434,0,0,0,0
1.310732,0,0,0,0
50.833772,0,0,0,0
1.229174,0,0,0,0
1.002220,0,0,0,0
0.832070,0,0,0,0
1.152558,0,0,0,0
1.158037,0,0,0,0
1.141792,0,0,0,0
2.010079,0,0,0,0
1.549189,0,0,0,0
1.909286,0,0,0,0
1.628805,0,0,0,0
1.866458,0,0,0,0
2.284040,0,0,0,0
2.106586,0,0,0,0
1.971873,0,0,0,0
2.172246,0,0,0,0
2.508283,0,0,0,0
3.707683,0,0,0,0
2.021538,0,0,0,0
2.234357,0,0,0,0
1.909108,0,0,0,0
3.333376,0,0,0,0
2.314143,0,0,0,0
3.989223,0,0,0,0
2.322954,0,0,0,0
3.541243,0,0,0,0
2.579250,0,0,0,0
3.132038,0,0,0,0
3.049770,0,0,0,0
2.708463,0,0,0,0
3.992129,0,0,0,0
3.101091,0,0,0,0
4.403449,0,0,0,0
3.112156,0,0,0,0
2.646693,0,0,0,0
1.503368,0,0,0,0
3.200184,0,0,0,0
1.485322,0,0,0,0
3.625564,0,0,0,0
2.452784,0,0,0,0
2.872054,0,0,0,0
1.825854,0,0,0,0
2.904806,0,0,0,0
2.537683,0,0,0,0
2.001913,0,0,0,0
3.701584,0,0,0,0
2.174695,0,0,0,0
2.781835,0,0,0,0
3.063148,0,0,0,0
2.508638,0,0,0,0
2.938968,0,0,0,0
2.294088,0,0,0,0
2.443782,0,0,0,0
2.451494,0,0,0,0
2.173312,0,0,0,0
3.054233,0,0,0,0
2.100025,0,0,0,0
2.768205,0,0,0,0
2.259673,0,0,0,0
3.789855,0,0,0,0
3.171723,0,0,0,0
2.597636,0,0,0,0
3.866136,0,0,0,0
3.242099,0,0,0,0
1.870929,0,0,0,0
1.641290,0,0,0,0
3.135292,0,0,0,0
3.093470,0,0,0,0
3.519596,0,0,0,0
3.015352,0,0,0,0
3.325397,0,0,0,0
5.151250,0,0,0,0
3.400539,0,0,0,0
3.958776,0,0,0,0
2.915118,0,0,0,0
3.711086,0,0,0,0
4.856315,0,0,0,0
3.055564,0,0,0,0
3.454667,0,0,0,0
4.107196,0,0,0,0
3.597040,0,0,0,0
3.335474,0,0,0,0
3.918848,0,0,0,0
4.099558,0,0,0,0
3.039085,0,0,0,0
3.898747,0,0,0,0
3.982166,0,0,0,0
3.811101,0,0,0,0
3.621238,0,0,0,0
4.334973,0,0,0,0
2.516122,0,0,0,0
4.508442,0,0,0,0
4.213718,0,0,0,0
4.127898,0,0,0,0
3.794909,0,0,0,0
6.096949,0,0,0,0
5.061280,0,0,0,0
6.722465,0,0,0,0
4.786890,0,0,0,0
6.164878,0,0,0,0
6.041916,0,0,0,0
4.590039,0,0,0,0
5.718930,0,0,0,0
5.419890,0,0,0,0
4.796943,0,0,0,0
4.705361,0,0,0,0
3.507784,0,0,0,0
4.522978,0,0,0,0
3.259592,0,0,0,0
5.143177,0,0,0,0
7.182952,0,0,0,0
3.161212,0,0,0,0
4.944148,0,0,0,0
5.226812,0,0,0,0
5.579583,0,0,0,0
3.920847,0,0,0,0
3.783197,0,0,0,0
4.446506,0,0,0,0
5.694876,0,0,0,0
5.376427,0,0,0,0
6.013749,0,0,0,0
6.386059,0,0,0,0
5.525520,0,0,0,0
4.461585,0,0,0,0
4.040651,0,0,0,0
7.335531,0,0,0,0
4.821468,0,0,0,0
7.218207,0,0,0,0
6.050601,0,0,0,0
5.817428,0,0,0,0
6.643065,0,0,0,0
5.757702,0,0,0,0
5.787387,0,0,0,0
7.081015,0,0,0,0
9.829873,0,0,0,0
10.128500,0,0,0,0
8.636784,0,0,0,0
7.744244,0,0,0,0
7.956274,0,0,0,0
8.202101,0,0,0,0
7.999640,0,0,0,0
10.090161,0,0,0,0
10.382355,0,0,0,0
7.509100,0,0,0,0
6.156059,0,0,0,0
6.809785,0,0,0,0
4.952160,0,0,0,0
6.185948,0,0,0,0
5.837463,0,0,0,0
5.650315,0,0,0,0
5.791578,0,0,0,0
6.454878,0,0,0,0
9.663135,0,0,0,0
7.079884,0,0,0,0
6.613809,0,0,0,0
10.140507,0,0,0,0
8.007588,0,0,0,0
10.834795,0,0,0,0
10.815918,0,0,0,0
10.791551,0,0,0,0
11.221574,0,0,0,0
11.882820,0,0,0,0
11.008842,0,0,0,0
12.690640,0,0,0,0
10.863309,0,0,0,0
11.991922,0,0,0,0
12.635858,0,0,0,0
10.717944,0,0,0,0
9.564484,0,0,0,0
11.418328,0,0,0,0
11.211786,0,0,0,0
13.887340,0,0,0,0
11.277784,0,0,0,0
14.985029,0,0,0,0
11.561658,0,0,0,0
11.805818,0,0,0,0
14.550469,0,0,0,0
10.844393,0,0,0,0
12.494097,0,0,0,0
12.566434,0,0,0,0
13.572078,0,0,0,0
12.375879,0,0,0,0
9.898836,0,0,0,0
14.757878,0,0,0,0
9.804992,0,0,0,0
12.601142,0,0,0,0
9.884817,0,0,0,0
10.029043,0,0,0,0
8.660630,0,0,0,0
9.496837,0,0,0,0
9.845253,0,0,0,0
11.438416,0,0,0,0
8.762770,0,0,0,0
13.628179,0,0,0,0
7.418785,0,0,0,0
7.434659,0,0,0,0
9.188325,0,0,0,0
10.805384,0,0,0,0
10.323045,0,0,0,0
8.784518,0,0,0,0
11.278990,0,0,0,0
8.859984,0,0,0,0
13.704502,0,0,0,0
10.547857,0,0,0,0
11.728303,0,0,0,0
10.621114,0,0,0,0
12.370666,0,0,0,0
10.783856,0,0,0,0
11.737860,0,0,0,0
10.361610,0,0,0,0
9.768908,0,0,0,0
10.079884,0,0,0,0
10.154226,0,0,0,0
10.356937,0,0,0,0
8.259447,0,0,0,0
10.328082,0,0,0,0
8.050264,0,0,0,0
11.271548,0,0,0,0
7.893544,0,0,0,0
12.269445,0,0,0,0
11.995268,0,0,0,0
11.924631,0,0,0,0
9.752033,0,0,0,0
12.455052,0,0,0,0
9.915367,0,0,0,0
16.779500,0,0,0,0
14.139677,0,0,0,0
13.179732,0,0,0,0
11.785881,0,0,0,0
10.019674,0,0,0,0
10.046061,0,0,0,0
9.125765,0,0,0,0
9.791687,0,0,0,0
8.214722,0,0,0,0
10.306711,0,0,0,0
9.781979,0,0,0,0
7.997263,0,0,0,0
6.096580,0,0,0,0
6.708287,0,0,0,0
7.175062,0,0,0,0
6.528172,0,0,0,0
6.410861,0,0,0,0
5.427844,0,0,0,0
6.123965,0,0,0,0
7.584133,0,0,0,0
6.865448,0,0,0,0
7.351684,0,0,0,0
8.042993,0,0,0,0
8.140023,0,0,0,0
4.677666,0,0,0,0
6.101091,0,0,0,0
7.562909,0,0,0,0
6.350791,0,0,0,0
4.632925,0,0,0,0
8.621316,0,0,0,0
9.818792,0,0,0,0
5.978484,0,0,0,0
6.353998,0,0,0,0
9.012477,0,0,0,0
7.392876,0,0,0,0
9.983986,0,0,0,0
6.314664,0,0,0,0
6.806963,0,0,0,0
10.168345,0,0,0,0
10.450675,0,0,0,0
12.475143,0,0,0,0
8.604058,0,0,0,0
9.686250,0,0,0,0
8.914661,0,0,0,0
10.750324,0,0,0,0
8.824808,0,0,0,0
10.384487,0,0,0,0
15.208180,0,0,0,0
10.694265,0,0,0,0
8.093146,0,0,0,0
8.424210,0,0,0,0
9.041576,0,0,0,0
6.879832,0,0,0,0
8.446518,0,0,0,0
5.934506,0,0,0,0
10.130041,0,0,0,0
9.785350,0,0,0,0
6.521669,0,0,0,0
10.025529,0,0,0,0
8.047307,0,0,0,0
5.863400,0,0,0,0
7.613862,0,0,0,0
7.356334,0,0,0,0
7.411957,0,0,0,0
8.265843,0,0,0,0
9.610721,0,0,0,0
7.779864,0,0,0,0
6.544702,0,0,0,0
4.776941,0,0,0,0
8.815078,0,0,0,0
5.792440,0,0,0,0
8.262030,0,0,0,0
7.193127,0,0,0,0
8.289401,0,0,0,0
7.606079,0,0,0,0
4.364471,0,0,0,0
7.645058,0,0,0,0
7.352162,0,0,0,0
6.709856,0,0,0,0
6.598354,0,0,0,0
8.047344,0,0,0,0
7.382349,0,0,0,0
6.841733,0,0,0,0
7.382916,0,0,0,0
7.047964,0,0,0,0
9.467193,0,0,0,0
8.337917,0,0,0,0
6.497673,0,0,0,0
6.631485,0,0,0,0
7.753424,0,0,0,0
8.779980,0,0,0,0
7.369476,0,0,0,0
12.063115,0,0,0,0
9.277921,0,0,0,0
11.842335,0,0,0,0
8.407689,0,0,0,0
6.739590,0,0,0,0
11.188406,0,0,0,0
12.391448,0,0,0,0
11.336173,0,0,0,0
11.080376,0,0,0,0
9.408018,0,0,0,0
8.617196,0,0,0,0
9.243137,0,0,0,0
10.790642,0,0,0,0
11.612770,0,0,0,0
10.949487,0,0,0,0
8.044489,0,0,0,0
11.333490,0,0,0,0
9.645883,0,0,0,0
9.887581,0,0,0,0
11.589811,0,0,0,0
12.241429,0,0,0,0
10.510153,0,0,0,0
10.059596,0,0,0,0
9.608038,0,0,0,0
12.999030,0,0,0,0
13.648786,0,0,0,0
11.783058,0,0,0,0
13.494156,0,0,0,0
14.818363,0,0,0,0
15.098298,0,0,0,0
12.190351,0,0,0,0
14.648925,0,0,0,0
17.266039,0,0,0,0
15.209891,0,0,0,0
15.530541,0,0,0,0
15.336724,0,0,0,0
15.405731,0,0,0,0
12.471747,0,0,0,0
14.191109,0,0,0,0
10.741852,0,0,0,0
14.877127,0,0,0,0
7.952571,0,0,0,0
8.022171,0,0,0,0
8.991107,0,0,0,0
10.774449,0,0,0,0
10.716121,0,0,0,0
9.764469,0,0,0,0
11.868740,0,0,0,0
15.902837,0,0,0,0
9.973328,0,0,0,0
17.479904,0,0,0,0
13.404674,0,0,0,0
14.735151,0,0,0,0
13.428506,0,0,0,0
11.898513,0,0,0,0
13.888851,0,0,0,0
10.877731,0,0,0,0
13.017515,0,0,0,0
14.795651,0,0,0,0
11.774636,0,0,0,0
10.085048,0,0,0,0
12.851083,0,0,0,0
17.768928,0,0,0,0
10.373057,0,0,0,0
10.726060,0,0,0,0
21.343566,0,0,0,0
13.027815,0,0,0,0
14.894373,0,0,0,0
12.787428,0,0,0,0
12.243978,0,0,0,0
14.807222,0,0,0,0
16.783816,0,0,0,0
13.134033,0,0,0,0
14.551486,0,0,0,0
13.849122,0,0,0,0
14.585970,0,0,0,0
14.146225,0,0,0,0
11.435722,0,0,0,0
8.163814,0,0,0,0
9.606566,0,0,0,0
11.333663,0,0,0,0
11.284549,0,0,0,0
11.570766,0,0,0,0
10.567106,0,0,0,0
11.739191,0,0,0,0
14.031190,0,0,0,0
12.141357,0,0,0,0
14.605304,0,0,0,0
12.720410,0,0,0,0
14.378859,0,0,0,0
13.783905,0,0,0,0
12.311870,0,0,0,0
16.641859,0,0,0,0
18.542017,0,0,0,0
20.672746,0,0,0,0
13.427031,0,0,0,0
13.644717,0,0,0,0
17.515382,0,0,0,0
11.897387,0,0,0,0
12.521009,0,0,0,0
10.053942,0,0,0,0
10.618885,0,0,0,0
14.729019,0,0,0,0
10.695140,0,0,0,0
12.425583,0,0,0,0
14.486435,0,0,0,0
10.796080,0,0,0,0
16.012061,0,0,0,0
10.169814,0,0,0,0
13.059659,0,0,0,0
12.583704,0,0,0,0
12.628090,0,0,0,0
14.174992,0,0,0,0
13.515930,0,0,0,0
17.447843,0,0,0,0
16.431757,0,0,0,0
12.233137,0,0,0,0
12.024154,0,0,0,0
12.379156,0,0,0,0
16.542349,0,0,0,0
12.980335,0,0,0,0
13.576288,0,0,0,0
9.642841,0,0,0,0
14.024407,0,0,0,0
12.538718,0,0,0,0
17.889664,0,0,0,0
13.893108,0,0,0,0
10.733342,0,0,0,0
9.319546,0,0,0,0
13.981215,0,0,0,0
11.523220,0,0,0,0
10.793088,0,0,0,0
12.364763,0,0,0,0
9.221851,0,0,0,0
8.480385,0,0,0,0
8.512434,0,0,0,0
10.674704,0,0,0,0
8.616726,0,0,0,0
10.319010,0,0,0,0
11.546962,0,0,0,0
12.827896,0,0,0,0
12.565182,0,0,0,0
9.959352,0,0,0,0
9.104351,0,0,0,0
13.674545,0,0,0,0
9.728259,0,0,0,0
9.416708,1446468984,-161486336,10114238,1444208523
11.617361,29628,29627,-1062833691,1080086442
9.413098,-2147483648,0,-1861012044,-895277343
11.140428,-1074790808,0,-1064613823,1080047152
9.844075,1073741824,-1,-425723330,1770488599
9.934752,1065789534,1,-1065499890,1079973343
9.053555,536870912,3,768337595,1924695104
13.931629,1072692640,-1,-1066528367,1080042358
9.263981,0,0,-1848439425,840026884
12.174515,1066461400,0,-1062598744,1080014992
11.707007,-2147483648,0,1125786203,-1823814913
10.583846,1066529150,0,-1064544794,1080051794
