1403637149738319104.000000 -36.716003418 -72.643836975 51.243888855 -0.593064070 -0.544099510 -0.407822907 0.431174368
1403637150038319104.000000 -36.697555542 -72.648071289 51.251274109 -0.604951859 -0.571655452 -0.386319697 0.397492707
1403637152788318976.000000 -36.257030487 -72.072662354 51.756023407 -0.600756526 -0.557646394 -0.412668169 0.397274613
1403637155238319104.000000 -35.666133881 -71.461097717 51.779262543 -0.637305677 -0.521819115 -0.439092904 0.358808905
1403637156888318976.000000 -34.930404663 -70.959007263 51.621547699 -0.776789367 -0.261786312 -0.533969939 0.207225502
1403637159688318976.000000 -32.258480072 -72.043151855 51.419246674 -0.805802941 -0.171093285 -0.549858451 0.138074145
1403637161288318976.000000 -30.513673782 -73.245544434 51.249191284 0.819774210 -0.066769399 0.568717599 -0.008511216
1403637161538319104.000000 -30.232242584 -73.449928284 51.338176727 0.819726706 -0.066554442 0.568867207 0.002936642
1403637161738319104.000000 -30.015066147 -73.647117615 51.414405823 0.814167917 -0.080155030 0.574608743 0.023035003
1403637162938319104.000000 -29.405464172 -74.933074951 51.525875092 0.775524974 -0.128212109 0.615290463 0.059501760
1403637163138319104.000000 -29.441125870 -75.182052612 51.505119324 0.768197775 -0.168116361 0.607942760 0.109612130
1403637163338319104.000000 -29.520385742 -75.416336060 51.472335815 0.753583014 -0.222117856 0.598001599 0.158652216
1403637166288318976.000000 -32.877388000 -79.106407166 51.560878754 0.742408633 -0.339337528 0.489446580 0.306792498
1403637168638319104.000000 -32.236232758 -77.764068604 51.063278198 0.759034574 -0.281111211 0.545598209 0.217176259
1403637171288318976.000000 -30.378297806 -73.361755371 50.395690918 -0.752031207 -0.222789705 -0.595005453 0.175449327
1403637173788318976.000000 -32.923927307 -71.402999878 50.358856201 -0.844021976 -0.004613677 -0.526106715 0.104006633
1403637173938319104.000000 -32.932449341 -71.459892273 50.304553986 0.856712520 -0.020133132 0.508061349 -0.086672291
1403637174138319104.000000 -32.881343842 -71.585258484 50.287689209 0.839890242 -0.006284176 0.541679442 -0.033590641
1403637174488318976.000000 -32.735313416 -71.846244812 50.361995697 0.805211961 -0.024239019 0.590556800 -0.047841866
1403637174688318976.000000 -32.674854279 -72.038063049 50.429878235 0.800858438 -0.044656083 0.596325696 -0.032050915
1403637174888318976.000000 -32.636821747 -72.263275146 50.480827332 0.798798800 -0.076584719 0.596534908 0.014189874
1403637175138319104.000000 -32.619350433 -72.559890747 50.514636993 0.795946598 -0.128763035 0.589438319 0.049514491
1403637175438319104.000000 -32.645385742 -72.932922363 50.528808594 0.767360747 -0.156585783 0.618227661 0.066580534
1403637177688318976.000000 -34.570625305 -76.386848450 50.480873108 0.833927393 -0.176650777 0.502831340 0.143248975
1403637180438319104.000000 -32.386436462 -77.355094910 50.070358276 0.776111662 -0.266161203 0.536848128 0.196476445
1403637180688318976.000000 -32.107151031 -77.150382996 50.028190613 0.783762395 -0.262139589 0.524334073 0.205117390
1403637180988318976.000000 -31.738552094 -76.898300171 50.051555634 0.774159253 -0.247017503 0.531350672 0.239428982
1403637181888318976.000000 -30.566925049 -75.764625549 50.441390991 0.754983306 -0.287589341 0.545356274 0.223336145
1403637182138319104.000000 -30.267711639 -75.403938293 50.558074951 0.747882247 -0.287761092 0.555309296 0.222480133
1403637182388318976.000000 -30.001642227 -75.034156799 50.649208069 0.734587312 -0.290383965 0.577506304 0.206264645
1403637183738319104.000000 -29.873964310 -72.879875183 50.779979706 0.716966808 -0.317053556 0.599298000 0.162103832
1403637184038319104.000000 -30.209844589 -72.496635437 50.705871582 0.724735200 -0.336844504 0.585991204 0.133824646
1403637184388318976.000000 -30.768764496 -72.202499390 50.686676025 0.744532406 -0.317878067 0.561842024 0.170172185
1403637184688318976.000000 -31.297021866 -72.033210754 50.601779938 0.771992445 -0.310224295 0.524722397 0.180152968
1403637184988318976.000000 -31.792337418 -71.938446045 50.547126770 0.782750368 -0.313379169 0.508765519 0.173934251
1403637185288318976.000000 -32.225723267 -71.932762146 50.549789429 0.787862539 -0.315387279 0.499786615 0.173253775
1403637185538319104.000000 -32.528415680 -71.988029480 50.618938446 0.797037125 -0.309310943 0.485158473 0.183520824
1403637185888318976.000000 -32.846984863 -72.140533447 50.758453369 0.774148285 -0.296147466 0.520098209 0.206128344
1403637186338319104.000000 -33.158840179 -72.363952637 50.897113800 0.764035285 -0.291080117 0.535164714 0.212417647
1403637186838319104.000000 -33.462436676 -72.590217590 51.156082153 0.759131372 -0.315076232 0.538962543 0.184298500
1403637187188318976.000000 -33.693527222 -72.777130127 51.212043762 0.749477744 -0.327677339 0.549687743 0.169570133
1403637187738319104.000000 -34.088855743 -73.257736206 51.197467804 0.771180212 -0.335648894 0.503050268 0.198900580
1403637188038319104.000000 -34.259372711 -73.582992554 51.178512573 0.772951365 -0.335121185 0.498401284 0.204538777
1403637188938319104.000000 -34.514858246 -74.650726318 50.935577393 0.718208253 -0.384522825 0.532311976 0.230137035
1403637189538319104.000000 -34.737274170 -75.373886108 50.727542877 0.716114879 -0.396388143 0.516701698 0.251148015
1403637192088318976.000000 -35.902584076 -77.551887512 50.892047882 0.751637459 -0.336801916 0.498594493 0.270201862
1403637192338319104.000000 -35.935691833 -77.636627197 51.011447906 0.759484828 -0.335156202 0.484306425 0.276225567
1403637192638319104.000000 -35.898735046 -77.710548401 51.120265961 0.757697463 -0.354820848 0.486360431 0.251893282
1403637192938319104.000000 -35.796684265 -77.794525146 51.187801361 0.752411962 -0.354622841 0.495830923 0.249540791
1403637193738319104.000000 -35.371532440 -78.166984558 51.426124573 0.750754476 -0.348831624 0.499383211 0.255539924
1403637194238319104.000000 -34.999664307 -78.462112427 51.533721924 0.744483650 -0.345554531 0.508843303 0.259643614
1403637194488318976.000000 -34.787425995 -78.589973450 51.545524597 0.747916520 -0.347813934 0.503725350 0.256724119
1403637195038319104.000000 -34.241893768 -78.856513977 51.659980774 0.745668232 -0.356062710 0.503193319 0.252971977
1403637197988318976.000000 -31.067628860 -76.769035339 51.588214874 0.802414358 -0.053397961 0.586765349 0.094796568
1403637198438319104.000000 -30.727798462 -75.792060852 51.813690186 -0.797546148 -0.065014854 -0.599026382 -0.029338423
1403637198688318976.000000 -30.593326569 -75.196960449 51.908382416 -0.788934588 -0.092871867 -0.606802642 -0.027340263
1403637199688318976.000000 -30.786470413 -72.524459839 51.898448944 -0.758338213 -0.172185704 -0.618492544 0.112881780
1403637199888318976.000000 -30.962270737 -72.013725281 51.845424652 -0.740408897 -0.202153787 -0.613907933 0.184514776
1403637200088318976.000000 -31.168230057 -71.546707153 51.726882935 -0.705363929 -0.240089253 -0.612302780 0.264394075
1403637200288318976.000000 -31.419631958 -71.179153442 51.589603424 -0.684345722 -0.308456063 -0.592136681 0.293086886
1403637200438319104.000000 -31.627483368 -70.971626282 51.485572815 -0.692405403 -0.356781125 -0.560873806 0.280539840
1403637203188318976.000000 -33.382728577 -70.919700623 51.373645782 -0.755265355 -0.310941428 -0.539144993 0.205456346
1403637206138319104.000000 -33.398403168 -71.614135742 51.251605988 -0.750104725 -0.319232255 -0.535850704 0.219767392
1403637208688318976.000000 -33.936717987 -71.853767395 51.480827332 -0.757730544 -0.299637496 -0.538333595 0.215078607
1403637209188318976.000000 -34.027095795 -71.945266724 51.435554504 -0.748003244 -0.321873158 -0.546418071 0.195745155
1403637211938319104.000000 -32.715167999 -69.322044373 50.854740143 -0.764947355 -0.337129384 -0.486366451 0.254257917
1403637212438319104.000000 -32.086059570 -68.646530151 50.857177734 -0.737753391 -0.334573597 -0.529758334 0.251270205
1403637212688318976.000000 -31.795896530 -68.353347778 50.899520874 -0.749852955 -0.337680072 -0.515166879 0.241445214
1403637212938319104.000000 -31.511220932 -68.068748474 50.954704285 -0.751497686 -0.344780445 -0.512845039 0.231014624
1403637213188318976.000000 -31.229282379 -67.774757385 51.008525848 -0.751342595 -0.346717685 -0.509635866 0.235674366
1403637213438319104.000000 -30.946231842 -67.475112915 51.039669037 -0.748279333 -0.346138179 -0.512531519 0.239953995
1403637213688318976.000000 -30.669820786 -67.178352356 51.043010712 -0.739286721 -0.356826693 -0.524659932 0.225526020
1403637213938319104.000000 -30.421867371 -66.876174927 51.006744385 -0.737763524 -0.365876019 -0.524873734 0.215284124
1403637214188318976.000000 -30.215864182 -66.552360535 50.982948303 -0.726332366 -0.366820484 -0.528417826 0.242195442
1403637214438319104.000000 -30.050531387 -66.225448608 50.999404907 -0.696005702 -0.401224047 -0.531057775 0.269393981
1403637214688318976.000000 -29.947822571 -65.920219421 51.048954010 -0.652149200 -0.455949008 -0.536204219 0.281597435
1403637214938319104.000000 -29.933513641 -65.633460999 51.121986389 -0.631315649 -0.478258491 -0.537826478 0.288881004
1403637215188318976.000000 -30.023349762 -65.372756958 51.170681000 -0.625495195 -0.475050569 -0.542065024 0.298744529
1403637215438319104.000000 -30.211877823 -65.143669128 51.189987183 -0.620086193 -0.467758477 -0.534529805 0.333126068
1403637215688318976.000000 -30.483425140 -64.985595703 51.218585968 -0.594406545 -0.491553545 -0.514274538 0.374936998
1403637215938319104.000000 -30.808277130 -64.910041809 51.275978088 -0.579366207 -0.543012679 -0.462440610 0.394487768
1403637216188318976.000000 -31.155427933 -64.889205933 51.361972809 -0.563435614 -0.569088221 -0.425957412 0.420997888
1403637216938319104.000000 -32.078022003 -65.101333618 51.464252472 -0.539442837 -0.549839258 -0.439281166 0.462287992
1403637217188318976.000000 -32.327194214 -65.323661804 51.498027802 -0.562151670 -0.544503093 -0.417052418 0.462135375
1403637217688318976.000000 -32.673431396 -65.942092896 51.477863312 -0.556932986 -0.545981824 -0.415724039 0.467870742
1403637217938319104.000000 -32.779850006 -66.329818726 51.463111877 -0.503455639 -0.594411612 -0.416856050 0.468442380
1403637218188318976.000000 -32.881332397 -66.786926270 51.477684021 -0.484564185 -0.622772157 -0.389052451 0.475384772
1403637218438319104.000000 -32.977882385 -67.285156250 51.467597961 -0.477614462 -0.631158710 -0.381540269 0.477441162
1403637218688318976.000000 -33.070735931 -67.818634033 51.451148987 -0.479085833 -0.633520067 -0.381727397 0.472666293
1403637218938319104.000000 -33.163101196 -68.379173279 51.418704987 -0.481837630 -0.639157474 -0.385683954 0.458866239
1403637219138319104.000000 -33.247863770 -68.834831238 51.338802338 -0.479348034 -0.642195761 -0.392444730 0.451439053
1403637219388318976.000000 -33.382572174 -69.427543640 51.258369446 -0.485417336 -0.641387999 -0.387400061 0.450458378
1403637219638319104.000000 -33.542572021 -70.024284363 51.220645905 -0.504619777 -0.651142776 -0.363802224 0.434764296
1403637219938319104.000000 -33.759468079 -70.702674866 51.248218536 -0.513588607 -0.654681981 -0.354054660 0.426923484
1403637220338319104.000000 -34.100234985 -71.478164673 51.400878906 -0.519930661 -0.649043858 -0.346428454 0.434052408
1403637223288318976.000000 -35.244075775 -73.864402771 51.304481506 -0.646727026 -0.526734114 -0.424026728 0.352840960
1403637225588318976.000000 -35.314254761 -73.801780701 51.327144623 -0.616150200 -0.527785957 -0.453230083 0.369301319
1403637227038319104.000000 -35.712627411 -73.920509338 51.442337036 -0.634266436 -0.531274855 -0.425656319 0.366428465
1403637227338319104.000000 -35.792091370 -73.901031494 51.439052582 -0.636561513 -0.521312535 -0.426122606 0.376088113
1403637227588318976.000000 -35.832107544 -73.876281738 51.462451935 -0.636594117 -0.525311410 -0.429848701 0.366095662
1403637228138319104.000000 -35.860599518 -73.792419434 51.400119781 -0.622595310 -0.518857718 -0.450562865 0.374372542
1403637229238319104.000000 -35.977745056 -73.842826843 51.410026550 -0.617559075 -0.525214791 -0.454845279 0.368627250
1403637229538319104.000000 -36.039154053 -73.899063110 51.370811462 -0.656890750 -0.498870343 -0.438758761 0.356530190
1403637229838319104.000000 -36.067497253 -73.958473206 51.325542450 -0.706252873 -0.437303364 -0.458934873 0.315200776
1403637230238319104.000000 -36.049518585 -73.989097595 51.241428375 -0.746157765 -0.358341992 -0.505418956 0.243703544
1403637230738319104.000000 -36.014148712 -73.964515686 51.289958954 -0.747508466 -0.304548651 -0.545938134 0.224572644
1403637231038319104.000000 -36.004650116 -73.983268738 51.332347870 -0.794603765 -0.239024267 -0.527535379 0.182150200
1403637231338319104.000000 -35.971141815 -74.022827148 51.307170868 -0.822078168 -0.134163097 -0.539633334 0.122407302
1403637231788318976.000000 -35.884407043 -74.137466431 51.069454193 0.832035840 -0.045418289 0.552725554 -0.012168153
1403637232338319104.000000 -35.640705109 -74.433052063 50.912406921 0.790820420 -0.192665428 0.574582279 0.085664548
1403637232738319104.000000 -35.494831085 -74.770912170 50.917327881 0.772210717 -0.298502982 0.545686066 0.129666030
1403637233138319104.000000 -35.422363281 -75.256057739 51.007289886 0.782082975 -0.343626440 0.492603213 0.166160032
1403637233438319104.000000 -35.322463989 -75.732200623 51.065765381 0.798949599 -0.340568811 0.466430336 0.167735264
1403637234038319104.000000 -34.821109772 -76.776107788 50.940071106 0.784631968 -0.221350580 0.495458275 0.299796194
1403637234338319104.000000 -34.367019653 -77.063674927 50.801139832 0.772560120 -0.208579555 0.507778704 0.319070965
1403637235338319104.000000 -32.536403656 -76.763404846 50.263763428 0.785243630 -0.139086545 0.587702572 0.136576787
1403637235738319104.000000 -31.948104858 -76.407043457 50.184970856 0.814921796 -0.099350400 0.562400997 0.098676711
1403637236138319104.000000 -31.376056671 -75.949157715 50.237747192 -0.803669274 -0.002764909 -0.586148262 -0.102656521
1403637236488318976.000000 -30.954431534 -75.347236633 50.356933594 -0.802737772 -0.059518140 -0.591296971 -0.049372200
1403637236888318976.000000 -30.563488007 -74.487930298 50.509674072 -0.777070701 -0.088855885 -0.623109818 0.000289983
1403637239438319104.000000 -33.143314362 -72.586631775 51.905902863 0.844793797 -0.176433936 0.504657149 0.022709925
1403637239838319104.000000 -33.286952972 -73.514282227 51.868225098 0.796482742 -0.247444496 0.538870335 0.118344381
1403637240188318976.000000 -33.361671448 -74.410911560 51.676055908 0.743631184 -0.317139536 0.550396323 0.208564222
1403637240488318976.000000 -33.443740845 -75.144241333 51.489933014 0.746921957 -0.370306402 0.495724946 0.243388027
1403637240788318976.000000 -33.482540131 -75.862251282 51.382926941 0.747085273 -0.372831851 0.484854758 0.260338157
1403637241188318976.000000 -33.448730469 -76.774688721 51.305912018 0.736914694 -0.351543248 0.509526730 0.271581918
1403637241488318976.000000 -33.374126434 -77.381614685 51.210372925 0.744977474 -0.328107953 0.504198968 0.288335145
1403637241788318976.000000 -33.228813171 -77.900909424 51.129566193 0.734694600 -0.307386488 0.522168159 0.305086523
1403637242088318976.000000 -33.039123535 -78.273529053 51.113780975 0.712666571 -0.316381872 0.555352330 0.289124191
1403637242338319104.000000 -32.896099091 -78.464874268 51.134853363 0.720963001 -0.309345067 0.539266109 0.306120962
1403637242638319104.000000 -32.711410522 -78.546134949 51.140331268 0.720604718 -0.291850030 0.541508734 0.319875926
1403637242938319104.000000 -32.505588531 -78.444953918 51.160415649 0.726099730 -0.271716952 0.569536865 0.273087859
1403637243238319104.000000 -32.322071075 -78.206741333 51.192558289 0.741626620 -0.258206993 0.560951054 0.262017518
1403637243538319104.000000 -32.160285950 -77.858123779 51.178768158 0.748559713 -0.269775718 0.554559946 0.243603587
1403637243838319104.000000 -32.009765625 -77.442192078 51.202445984 0.757408857 -0.300051749 0.541303575 0.208065569
1403637244138319104.000000 -31.881340027 -77.035797119 51.309402466 0.757416785 -0.315386146 0.536528587 0.197455138
1403637244488318976.000000 -31.762744904 -76.626525879 51.517410278 0.763431549 -0.314185202 0.528981745 0.196566239
1403637244888318976.000000 -31.619218826 -76.229194641 51.744205475 0.790377140 -0.258604288 0.521444440 0.191111386
1403637245238319104.000000 -31.428861618 -75.928085327 51.858013153 0.802678943 -0.268020123 0.510805249 0.151491761
1403637245538319104.000000 -31.209842682 -75.742965698 51.918548584 0.801798642 -0.243993938 0.517865777 0.171467468
1403637245838319104.000000 -30.935888290 -75.578910828 51.930957794 0.805742264 -0.198988363 0.538051128 0.147255033
1403637246138319104.000000 -30.633432388 -75.410591125 51.894149780 0.807079852 -0.105760865 0.573629916 0.091572300
1403637246438319104.000000 -30.336372375 -75.224876404 51.810737610 -0.809452951 -0.021294160 -0.586599588 -0.015282112
1403637246738319104.000000 -30.088256836 -75.006584167 51.692749023 -0.782262504 -0.140668377 -0.604597092 0.052345570
1403637247038319104.000000 -29.943744659 -74.749580383 51.602851868 -0.772614121 -0.225498408 -0.582791865 0.112123244
1403637247588318976.000000 -29.884807587 -74.214141846 51.455406189 -0.757123828 -0.238144174 -0.589089155 0.151739970
1403637247938319104.000000 -29.977766037 -73.873664856 51.346031189 -0.737759769 -0.281288564 -0.591803491 0.162345141
1403637248238319104.000000 -30.179872513 -73.577949524 51.307857513 -0.742999375 -0.316179007 -0.555925488 0.197306335
1403637248538319104.000000 -30.432136536 -73.290451050 51.244270325 -0.738014996 -0.326138675 -0.550216317 0.215010375
1403637248788318976.000000 -30.670051575 -73.060829163 51.205299377 -0.742347240 -0.327670515 -0.546382904 0.207408920
1403637249038319104.000000 -30.934377670 -72.835571289 51.214542389 -0.750943959 -0.320342183 -0.540826201 0.202413201
1403637249288318976.000000 -31.207393646 -72.600212097 51.265514374 -0.752339602 -0.314768940 -0.543152452 0.199727193
1403637249588318976.000000 -31.545141220 -72.304946899 51.292556763 -0.752513349 -0.311781019 -0.544594944 0.199831411
1403637250088318976.000000 -32.161014557 -71.831199646 51.206523895 -0.739254236 -0.327989310 -0.540797830 0.231222585
1403637252888318976.000000 -33.987571716 -70.779197693 51.503662109 -0.702712178 -0.430517286 -0.467165262 0.320323437
1403637254888318976.000000 -34.358707428 -71.229110718 51.637851715 -0.665030181 -0.466703475 -0.480215639 0.330629230
1403637256638319104.000000 -35.171745300 -71.908012390 51.759960175 -0.574502826 -0.576501012 -0.423357457 0.397946835
1403637256938319104.000000 -35.340133667 -72.018577576 51.711223602 -0.591725826 -0.571798980 -0.402761132 0.400861502
1403637257238319104.000000 -35.487148285 -72.135551453 51.668060303 -0.566929102 -0.587191939 -0.408029497 0.409034252
1403637257938319104.000000 -35.856864929 -72.387939453 51.665294647 -0.556548774 -0.618890285 -0.376179904 0.407083690
1403637258238319104.000000 -36.032157898 -72.455795288 51.635105133 -0.520627260 -0.640572667 -0.358490348 0.436002910
1403637259338319104.000000 -36.581104279 -72.556686401 51.567192078 -0.499400973 -0.642002940 -0.340118349 0.471964568
1403637259838319104.000000 -36.683826447 -72.588104248 51.597080231 -0.505300283 -0.641707063 -0.338215142 0.467433751
1403637260338319104.000000 -36.682952881 -72.616706848 51.531631470 -0.494050682 -0.648116708 -0.353133410 0.459516704
1403637260638319104.000000 -36.679061890 -72.647430420 51.456275940 -0.493723780 -0.659406900 -0.351437181 0.444872290
1403637260888318976.000000 -36.698852539 -72.662796021 51.397205353 -0.490962386 -0.653487384 -0.353626311 0.454817116
1403637261188318976.000000 -36.737483978 -72.670852661 51.320003510 -0.492727190 -0.656438470 -0.350205153 0.451292455
1403637261488318976.000000 -36.787128448 -72.661987305 51.291435242 -0.495648593 -0.652110040 -0.347580016 0.456369579
1403637261938319104.000000 -36.876724243 -72.588134766 51.343093872 -0.496191651 -0.653090358 -0.350471675 0.452146530
1403637262138319104.000000 -36.933555603 -72.539398193 51.353904724 -0.497427613 -0.645707846 -0.351503909 0.460512877
1403637262438319104.000000 -36.977672577 -72.485031128 51.391624451 -0.514295459 -0.616909444 -0.359800458 0.474833339
1403637262538319104.000000 -36.979537964 -72.472496033 51.429153442 -0.533393979 -0.592733741 -0.350409091 0.491295248
1403637262638319104.000000 -36.960659027 -72.456260681 51.505077362 -0.535857320 -0.582297444 -0.354079515 0.498411834
1403637262738319104.000000 -36.936534882 -72.431465149 51.587638855 -0.543098390 -0.593875587 -0.343880653 0.483840972
1403637262838319104.000000 -36.916034698 -72.406623840 51.670150757 -0.540360332 -0.592894018 -0.348099768 0.485091835
1403637263238319104.000000 -36.808578491 -72.256660461 51.988758087 -0.543280900 -0.594364107 -0.346498668 0.481160969
1403637263438319104.000000 -36.727886200 -72.160873413 52.149734497 -0.543196619 -0.594304919 -0.346452922 0.481362253
1403637263788318976.000000 -36.540142059 -71.963150024 52.435066223 -0.543572009 -0.593938291 -0.345406413 0.482142419
1403637263938319104.000000 -36.440830231 -71.866729736 52.557918549 -0.543380201 -0.594342530 -0.345894247 0.481510341
1403637264338319104.000000 -36.120243073 -71.575042725 52.889026642 -0.543465972 -0.594597399 -0.345484197 0.481393218
1403637264638319104.000000 -35.830753326 -71.323844910 53.140922546 -0.543723166 -0.594585240 -0.345189810 0.481328905
1403637265038319104.000000 -35.379154205 -70.945449829 53.486743927 -0.543692410 -0.594845235 -0.344981074 0.481192082
1403637265338319104.000000 -34.988857269 -70.628669739 53.751136780 -0.543796539 -0.594920397 -0.344560087 0.481283069
1403637265438319104.000000 -34.848922729 -70.516632080 53.840724945 -0.543841720 -0.594958127 -0.344354540 0.481332630
