1403636584713555456.000000 8.570942879 2.821859121 4.803991318 -0.563980758 -0.593189418 -0.398127198 0.414182097
1403636585713555456.000000 8.579780579 2.793192148 4.639578342 -0.570856154 -0.607788742 -0.378325135 0.401977837
1403636588663555584.000000 8.883711815 2.801796913 4.629475594 -0.666307569 -0.622795343 -0.279766291 0.299818397
1403636589913555456.000000 8.365245819 2.699702978 4.643436909 -0.626379907 -0.662241697 -0.252656162 0.324421108
1403636590113555456.000000 8.311667442 2.689893961 4.638916492 -0.618038297 -0.666677833 -0.246411741 0.335932612
1403636590563555584.000000 8.360371590 2.684943199 4.649860382 -0.618621707 -0.663011193 -0.260498255 0.331457436
1403636592363555584.000000 8.808400154 2.865557671 4.605545998 -0.680335641 -0.587878823 -0.315145701 0.303686023
1403636593463555584.000000 8.398446083 2.833044291 4.606565952 -0.556766570 -0.703497648 -0.206055909 0.390695632
1403636594363555584.000000 8.745544434 2.665987730 4.582908630 -0.706989825 -0.562706947 -0.313039362 0.292459875
1403636594463555584.000000 8.795776367 2.711747169 4.581813812 -0.705878794 -0.559190989 -0.325427502 0.288335741
1403636594563555584.000000 8.834557533 2.764285564 4.580814838 -0.701447725 -0.556406498 -0.335360140 0.293115139
1403636594713555456.000000 8.852917671 2.840205669 4.579186440 -0.696132779 -0.555213094 -0.338735968 0.303966582
1403636594813555456.000000 8.832519531 2.882981539 4.576012611 -0.685795248 -0.564700186 -0.334814399 0.314162403
1403636596413555456.000000 8.670710564 2.564302683 4.557120323 -0.656271696 -0.613112867 -0.303761572 0.318007797
1403636596563555584.000000 8.618387222 2.505544662 4.575196743 -0.647468925 -0.617073834 -0.310146242 0.322200716
1403636596663555584.000000 8.589838982 2.478602648 4.582201481 -0.646159887 -0.619201303 -0.310169846 0.320720851
1403636596863555584.000000 8.567879677 2.479801893 4.582762718 -0.638810456 -0.623931110 -0.315056741 0.321512967
1403636597313555456.000000 8.611665726 2.732399702 4.575954914 -0.624032736 -0.649926543 -0.296449602 0.316696078
1403636598313555456.000000 8.534600258 2.726248980 4.547837734 -0.551126063 -0.716605365 -0.248638928 0.347729146
1403636600713555456.000000 8.595809937 2.948384047 4.349849224 -0.492974937 -0.627018869 -0.340684325 0.497752279
1403636603213555456.000000 8.595717430 2.948026657 4.349825859 -0.493302792 -0.626842439 -0.340446770 0.497812063
1403636605713555456.000000 8.595929146 2.948014498 4.349713802 -0.493370682 -0.626666307 -0.340324998 0.498049885
1403636608213555456.000000 8.595849037 2.947657824 4.349831104 -0.493428499 -0.626627445 -0.340420842 0.497975975
1403636610713555456.000000 8.595860481 2.947873116 4.349832058 -0.493851572 -0.626324654 -0.340153098 0.498120397
1403636613213555456.000000 8.596344948 2.948514938 4.349421978 -0.493290275 -0.626650155 -0.341048479 0.497654706
1403636615713555456.000000 8.596679688 2.949054718 4.349305630 -0.493580461 -0.626318634 -0.340352148 0.498260677
1403636618213555456.000000 8.596668243 2.948525429 4.349233627 -0.493874848 -0.626054823 -0.340118915 0.498459697
1403636620713555456.000000 8.596546173 2.948490143 4.349156857 -0.494048476 -0.625699162 -0.340162277 0.498704702
1403636623213555456.000000 8.597058296 2.948180199 4.349527359 -0.494433105 -0.625003815 -0.340438873 0.499006569
1403636625163555584.000000 8.690754890 2.886005878 4.404367924 -0.502547801 -0.666299403 -0.343151748 0.430972904
1403636625563555584.000000 8.695920944 2.879228354 4.441976547 -0.503862739 -0.662007987 -0.335325003 0.442068845
1403636625663555584.000000 8.692296028 2.887257814 4.442438126 -0.501861691 -0.662546217 -0.336536705 0.442617863
1403636626613555456.000000 8.655078888 2.999957800 4.709891796 -0.486846805 -0.641338348 -0.348207504 0.480017543
1403636629313555456.000000 9.060198784 3.126332998 4.857610226 -0.563577294 -0.602649391 -0.378451437 0.419486403
1403636631963555584.000000 9.975353241 4.080428123 4.753283978 -0.625026286 -0.531481981 -0.437149465 0.368469089
1403636634063555584.000000 10.276745796 5.150813580 4.594214916 -0.582838416 -0.585850239 -0.373495907 0.421402037
1403636635113555456.000000 10.507054329 5.921063423 4.626231670 -0.541832328 -0.619370282 -0.376836747 0.425196767
1403636635563555584.000000 10.568644524 6.239175320 4.618470192 -0.547598124 -0.620079398 -0.359094560 0.432075232
1403636635863555584.000000 10.618068695 6.470368385 4.670086861 -0.549762487 -0.607842743 -0.359955400 0.445780814
1403636636113555456.000000 10.681334496 6.673982620 4.739794731 -0.554318249 -0.616967916 -0.355994612 0.430522799
1403636636513555456.000000 10.798600197 7.006696701 4.873333454 -0.528010547 -0.606621325 -0.392746419 0.446055681
1403636636713555456.000000 10.850434303 7.147497177 4.913673878 -0.520140231 -0.612602055 -0.403795242 0.437175333
1403636637413555456.000000 10.899371147 7.485123158 4.865991116 -0.536643445 -0.622599363 -0.371371329 0.431818426
1403636638163555584.000000 10.876409531 7.846979618 4.975848675 -0.529298782 -0.619547665 -0.373242944 0.443501115
1403636638513555456.000000 10.863584518 8.014161110 4.912443638 -0.551027358 -0.626865149 -0.340219527 0.433197081
1403636640813555456.000000 11.217658997 9.505049706 4.747409821 -0.498811364 -0.644809186 -0.355149060 0.457468539
1403636641813555456.000000 11.344538689 9.876537323 4.677749157 -0.502260804 -0.640775859 -0.356265068 0.458492905
1403636644263555584.000000 11.678883553 10.482983589 4.754849434 -0.552561760 -0.621085942 -0.357929528 0.425222546
1403636646563555584.000000 12.356943130 12.174311638 4.491108418 -0.615467131 -0.517441034 -0.437038958 0.403053403
1403636647013555456.000000 12.544942856 12.480793953 4.590224266 -0.634207726 -0.503095388 -0.450484842 0.376482457
1403636647513555456.000000 12.745150566 12.748011589 4.644827366 -0.633937836 -0.505444705 -0.443787664 0.381708175
1403636647813555456.000000 12.878510475 12.873475075 4.662338257 -0.632891417 -0.501502931 -0.447355658 0.384468734
1403636648713555456.000000 13.339738846 13.018886566 4.529680252 -0.722499371 -0.373542905 -0.508467913 0.282702774
1403636649663555584.000000 13.801824570 13.060975075 4.752622604 -0.721589386 -0.368292719 -0.515719831 0.278751433
1403636650013555456.000000 13.946300507 13.045782089 4.869845867 -0.725777745 -0.349729389 -0.529044628 0.266548157
1403636650363555584.000000 14.064577103 12.983827591 4.877313137 -0.746763527 -0.306119144 -0.541562080 0.235257104
1403636650563555584.000000 14.119097710 12.927834511 4.850810051 -0.769065082 -0.267931759 -0.544024110 0.201963738
1403636651013555456.000000 14.215013504 12.799791336 4.808210373 -0.775868118 -0.231654689 -0.559740424 0.176225409
1403636652363555584.000000 14.269764900 12.267283440 4.797969818 -0.811896384 -0.119322382 -0.562742472 0.099536270
1403636652563555584.000000 14.253827095 12.146716118 4.748278618 -0.825507879 -0.077734061 -0.554719925 0.069138266
1403636653913555456.000000 14.491867065 11.517845154 4.799103737 -0.802317798 -0.086275771 -0.587148488 0.064025983
1403636654263555584.000000 14.499032021 11.381115913 4.765409946 -0.805696785 -0.071046248 -0.584725082 0.062464368
1403636654463555584.000000 14.487760544 11.295911789 4.773486137 -0.811616182 -0.046169821 -0.580979109 0.040135380
1403636654763555584.000000 14.457826614 11.173220634 4.817564487 -0.819790781 -0.001318557 -0.572564960 0.010526120
1403636655163555584.000000 14.420964241 11.029862404 4.806295395 0.808090270 -0.017440038 0.588776290 0.005327582
1403636655613555456.000000 14.317805290 10.874465942 4.767177582 0.807949781 -0.054954201 0.586328030 0.020413451
1403636655913555456.000000 14.203837395 10.760123253 4.710313320 0.817442000 -0.099972159 0.565820456 0.040515609
1403636656113555456.000000 14.129774094 10.672038078 4.657817364 0.813381851 -0.128711000 0.564096391 0.060322985
1403636656313555456.000000 14.057016373 10.575561523 4.646329880 0.814443886 -0.138546646 0.558447182 0.074985825
1403636656563555584.000000 13.983640671 10.445722580 4.681975365 0.815118492 -0.138852566 0.556867242 0.078744866
1403636656963555584.000000 13.887451172 10.227449417 4.714885712 0.795946598 -0.124881059 0.586793840 0.080912717
1403636657213555456.000000 13.801121712 10.101896286 4.684924126 0.793544531 -0.126994401 0.591036916 0.069533698
1403636657363555584.000000 13.735299110 10.027779579 4.674095154 0.798765540 -0.129330277 0.583930075 0.065367326
1403636657913555456.000000 13.474409103 9.712355614 4.600252628 0.810263991 -0.147363111 0.564634442 0.054261021
1403636658213555456.000000 13.335039139 9.486941338 4.578709602 0.813740969 -0.143655896 0.558629394 0.071566448
1403636658513555456.000000 13.210889816 9.243193626 4.556996822 0.816725075 -0.135222450 0.553738415 0.089715391
1403636658713555456.000000 13.145709991 9.088177681 4.529109478 0.816320539 -0.128589377 0.554031372 0.100672171
1403636659063555584.000000 13.063191414 8.860086441 4.455910206 0.802691936 -0.130067289 0.573278368 0.100598209
1403636659313555456.000000 13.004557610 8.731662750 4.381647110 0.800061584 -0.132397532 0.577009320 0.097122252
1403636659763555584.000000 12.895816803 8.548915863 4.300948620 0.804759681 -0.133465752 0.569548786 0.100811750
1403636659963555584.000000 12.850773811 8.488438606 4.243628979 0.807272911 -0.136519283 0.564970434 0.102378003
1403636660313555456.000000 12.785764694 8.409283638 4.109266281 0.820703506 -0.140645698 0.544238627 0.102317415
1403636660813555456.000000 12.818598747 8.329134941 3.965237856 0.808447421 -0.128125474 0.562268853 0.117688142
1403636661163555584.000000 12.882424355 8.339638710 3.811679363 0.800688386 -0.131249547 0.573718190 0.111889139
1403636661313555456.000000 12.904545784 8.366010666 3.746501207 0.798857033 -0.134689242 0.576337814 0.107336134
1403636662613555456.000000 12.847801208 8.751036644 3.693420887 0.811888576 -0.141256869 0.557706773 0.099229679
1403636663013555456.000000 12.801298141 8.870388985 3.620083809 0.812974393 -0.163008511 0.554109156 0.073919110
1403636663513555456.000000 12.789200783 8.892518997 3.527866840 0.830213428 -0.142229170 0.528385699 0.106419399
1403636663963555584.000000 12.938158989 8.903845787 3.412420511 0.824781537 -0.115121864 0.537169755 0.133906648
1403636665713555456.000000 13.919531822 9.831039429 3.336979866 0.814130187 -0.100154668 0.564741671 0.090708300
1403636665963555584.000000 14.040372849 9.993008614 3.375261068 0.804226100 -0.117044888 0.577922881 0.074336797
1403636666313555456.000000 14.187481880 10.212897301 3.385351896 0.801126063 -0.119126663 0.581770718 0.074489824
1403636668213555456.000000 14.730290413 11.032438278 3.366510630 0.818735659 -0.111401491 0.558592618 0.072360799
1403636668513555456.000000 14.843293190 11.123692513 3.311678410 0.817263007 -0.113363899 0.558832943 0.083280608
1403636668913555456.000000 15.019393921 11.266181946 3.232172251 0.810694158 -0.102128796 0.565906763 0.109974459
1403636669363555584.000000 15.205924988 11.520928383 3.210955381 0.802206993 -0.117187172 0.577910304 0.093546554
1403636669663555584.000000 15.295803070 11.721367836 3.161512613 0.789508224 -0.114197016 0.595566154 0.094534673
1403636669963555584.000000 15.335264206 11.944137573 3.142090559 0.787211359 -0.140389502 0.598482907 0.049064640
1403636670413555456.000000 15.256973267 12.165476799 3.187558413 0.783126116 -0.150010616 0.603454530 -0.007280929
1403636670713555456.000000 15.101229668 12.149192810 3.224579334 0.791712582 -0.110527761 0.598877072 -0.048179023
1403636672163555584.000000 13.934618950 10.283431053 3.688439131 -0.844618082 -0.173225492 -0.502056301 0.067474052
1403636672613555456.000000 13.909941673 9.916852951 3.830583811 -0.806355536 -0.168827727 -0.562745452 0.067864820
1403636673113555456.000000 13.915700912 9.741973877 3.730517387 -0.806801915 -0.192548916 -0.547768176 0.109296493
1403636673613555456.000000 13.985431671 9.741425514 3.739654303 -0.810985148 -0.227841526 -0.524527788 0.123539992
1403636676263555584.000000 14.859713554 11.265021324 3.345105410 -0.731619775 -0.373974174 -0.511455297 0.251573741
1403636676613555456.000000 14.952198982 11.547091484 3.269485950 -0.696878910 -0.443444639 -0.487360060 0.283190578
1403636678213555456.000000 15.057967186 12.722870827 3.210203171 -0.591953754 -0.564350367 -0.403935343 0.409799606
1403636678713555456.000000 15.099164963 12.936699867 3.263526201 -0.525970280 -0.626481175 -0.372281194 0.438501269
1403636679063555584.000000 15.091994286 13.061383247 3.275541306 -0.455881596 -0.680286765 -0.356820762 0.449511945
1403636679263555584.000000 15.051065445 13.114791870 3.255144596 -0.432338625 -0.686919153 -0.321599960 0.487646282
1403636679463555584.000000 15.002302170 13.153208733 3.249771118 -0.401898444 -0.701528907 -0.286279857 0.514177680
1403636679863555584.000000 14.939180374 13.197327614 3.321219921 -0.359097272 -0.724934518 -0.259546608 0.527403772
1403636680263555584.000000 14.898089409 13.187281609 3.470589399 -0.335866213 -0.728748024 -0.291410178 0.520769000
1403636680513555456.000000 14.850839615 13.116367340 3.527138710 -0.333653241 -0.737039804 -0.305420756 0.502161384
1403636682713555456.000000 13.823196411 11.943426132 3.561069012 -0.363080889 -0.725621462 -0.265258938 0.520848930
1403636682963555584.000000 13.711028099 11.795972824 3.575601101 -0.361059457 -0.722499430 -0.274339885 0.521889210
1403636685613555456.000000 12.808237076 9.945266724 3.607136250 -0.360392660 -0.732742250 -0.259553492 0.515594780
1403636688563555584.000000 12.194503784 8.171867371 3.314840078 -0.353500605 -0.734056592 -0.257735997 0.519394338
1403636688963555584.000000 12.121449471 7.958289623 3.197962999 -0.344058633 -0.742858469 -0.252216935 0.515918255
1403636689163555584.000000 12.066596985 7.849895477 3.175543785 -0.341619670 -0.747578204 -0.234587640 0.519029498
1403636689363555584.000000 12.008028984 7.749029636 3.184084892 -0.336783171 -0.752234995 -0.225045562 0.519686520
1403636689563555584.000000 11.946441650 7.661534786 3.225271940 -0.334120572 -0.754669785 -0.220074594 0.520003855
1403636689963555584.000000 11.821777344 7.533047199 3.313152552 -0.355209142 -0.750608921 -0.193481714 0.522472560
1403636690163555584.000000 11.764306068 7.517742157 3.334922075 -0.350767732 -0.753481686 -0.204852521 0.516974628
1403636690363555584.000000 11.707569122 7.532589436 3.365580320 -0.345731527 -0.755942583 -0.215560600 0.512400389
1403636690763555584.000000 11.582408905 7.625679493 3.417291164 -0.363247961 -0.737136543 -0.191418156 0.536693454
1403636691163555584.000000 11.554378510 7.810345173 3.369752169 -0.355456054 -0.701610506 -0.197170332 0.585250080
1403636691563555584.000000 11.749203682 7.991480827 3.424504995 -0.330207169 -0.732100368 -0.222191676 0.552832007
1403636692013555456.000000 12.045559883 8.147587776 3.549402714 -0.322623760 -0.739907086 -0.226517916 0.545106530
1403636692763555584.000000 12.546705246 8.307341576 3.839951754 -0.320829719 -0.751538277 -0.241122857 0.523563206
1403636693563555584.000000 12.848420143 8.349949837 4.083125114 -0.338092238 -0.768882275 -0.211634576 0.499724507
1403636694313555456.000000 12.863720894 8.537902832 4.129944324 -0.322043806 -0.745411634 -0.227316186 0.537565589
1403636696713555456.000000 12.870101929 9.056177139 4.032259941 -0.338261455 -0.734088778 -0.241668701 0.536925673
1403636699163555584.000000 12.323536873 8.415858269 3.963252306 -0.574504673 -0.585502863 -0.386307031 0.421779126
1403636701163555584.000000 12.347452164 8.029462814 3.600612640 -0.717863619 -0.411545932 -0.478833348 0.293292314
1403636701663555584.000000 12.488048553 7.974980831 3.635388136 -0.702181160 -0.420679271 -0.487257212 0.304221928
1403636701913555456.000000 12.562060356 7.958166599 3.637269735 -0.710403860 -0.406730235 -0.490917295 0.298156232
1403636704813555456.000000 13.610573769 8.135505676 3.133347511 -0.759745121 -0.354011476 -0.494098037 0.230933666
1403636705163555584.000000 13.790101051 8.268337250 3.071313620 -0.756362081 -0.358764052 -0.495873153 0.230899543
1403636705913555456.000000 14.198936462 8.751469612 2.971925735 -0.745510101 -0.347296983 -0.511835754 0.248241171
1403636706613555456.000000 14.585725784 9.209678650 2.898823738 -0.738955736 -0.360464603 -0.515744567 0.240867898
1403636707263555584.000000 14.895949364 9.677307129 2.932142019 -0.746309042 -0.351120830 -0.515766263 0.231780365
1403636707963555584.000000 15.191142082 10.291987419 3.063330650 -0.754378617 -0.338587731 -0.506096303 0.245229855
1403636709563555584.000000 15.897731781 11.496850967 2.865020752 -0.742187500 -0.341856360 -0.530922890 0.224528223
1403636709813555456.000000 15.926574707 11.661873817 2.834902287 -0.742641985 -0.345624745 -0.527999222 0.224150211
1403636710063555584.000000 15.929986954 11.836946487 2.826019049 -0.740042031 -0.347819358 -0.528507113 0.228122443
1403636710313555456.000000 15.908539772 12.019420624 2.808645964 -0.737572670 -0.347876847 -0.527015448 0.239213303
1403636711813555456.000000 15.606411934 12.836402893 2.661302567 -0.672589540 -0.426455110 -0.516954422 0.313875139
1403636712063555584.000000 15.480605125 12.887075424 2.694295883 -0.692468524 -0.415460020 -0.492839724 0.324020743
1403636712313555456.000000 15.358964920 12.911432266 2.757211924 -0.681761026 -0.429899961 -0.495529681 0.323787451
1403636712563555584.000000 15.231119156 12.913467407 2.846254110 -0.659386933 -0.457752734 -0.495748907 0.331518173
1403636713913555456.000000 14.398140907 12.451318741 3.252737045 -0.670635819 -0.461985022 -0.459418058 0.354615927
1403636715963555584.000000 13.843551636 11.642325401 3.439687967 -0.585175216 -0.546283364 -0.432387024 0.414952993
1403636716463555584.000000 13.814181328 11.443506241 3.491316319 -0.606294811 -0.544506788 -0.420927346 0.398420990
1403636717063555584.000000 13.787096977 11.168908119 3.445328474 -0.561760068 -0.589946270 -0.393262178 0.426302493
1403636717363555584.000000 13.774172783 11.025503159 3.466195822 -0.525636852 -0.622895896 -0.384044230 0.433839440
1403636717663555584.000000 13.742761612 10.874502182 3.471987247 -0.517570794 -0.628564477 -0.381423146 0.437657088
1403636718163555584.000000 13.596410751 10.602936745 3.451789618 -0.483290613 -0.656558275 -0.355984151 0.456767738
1403636720763555584.000000 12.902687073 9.305163383 3.176268101 -0.441920280 -0.686898887 -0.294395506 0.496193171
1403636723713555456.000000 12.973189354 8.313410759 3.136762142 -0.538217008 -0.596001744 -0.395672441 0.445587069
1403636726463555584.000000 12.792283058 7.523131847 3.432627678 -0.609156191 -0.540687680 -0.426854461 0.392913342
1403636729313555456.000000 12.490197182 6.677826405 4.025203705 -0.554379642 -0.591265619 -0.401547223 0.426412910
1403636732013555456.000000 11.963030815 5.817610741 4.041290283 -0.561946273 -0.589358449 -0.388265878 0.431419402
1403636734813555456.000000 11.494053841 4.639699459 4.250867844 -0.553424001 -0.608499885 -0.379628897 0.423475653
1403636737613555456.000000 10.791813850 3.957633972 4.454425335 -0.515404344 -0.638724446 -0.349733174 0.451747864
1403636738863555584.000000 10.622447968 3.871079683 4.659397125 -0.568452835 -0.589354277 -0.375549763 0.434149027
1403636741663555584.000000 11.072966576 3.830831766 3.899758816 -0.699846923 -0.443141431 -0.463341415 0.314888477
1403636744513555456.000000 11.530333519 4.364422798 3.016421556 -0.707432866 -0.396372020 -0.491458744 0.317641854
1403636747363555584.000000 11.684644699 4.726554871 2.663704634 -0.706462383 -0.409758091 -0.498261333 0.291109979
1403636749713555456.000000 11.652400017 5.177315712 3.271011114 -0.715051770 -0.384687334 -0.516394079 0.272128224
1403636751213555456.000000 11.486688614 5.031573296 3.784099817 -0.710298598 -0.411587983 -0.495783091 0.283320338
1403636751463555584.000000 11.432254791 5.013591290 3.898615122 -0.718515456 -0.400867581 -0.487024844 0.292997509
1403636751713555456.000000 11.390477180 5.003565311 4.003965855 -0.716209948 -0.399481237 -0.480634958 0.310560882
1403636751963555584.000000 11.375365257 4.987468243 4.094001770 -0.717532456 -0.418130040 -0.469631106 0.299601614
1403636752463555584.000000 11.395140648 4.998985291 4.279006958 -0.681681573 -0.442982048 -0.482009709 0.326716721
1403636754313555456.000000 11.168507576 4.946443081 4.484263897 -0.540859222 -0.597055793 -0.404230684 0.433120400
1403636756513555456.000000 10.140359879 4.130924225 4.638714314 -0.495285392 -0.643531621 -0.358550578 0.460435599
1403636756813555456.000000 9.971261978 4.002574444 4.639074802 -0.492592454 -0.642997146 -0.358029157 0.464459330
1403636757113555456.000000 9.809379578 3.848498106 4.671865940 -0.492395759 -0.643562257 -0.354927212 0.466262490
1403636757613555456.000000 9.548129082 3.555201054 4.666081905 -0.488458604 -0.660452366 -0.346606880 0.452851593
1403636757863555584.000000 9.401609421 3.415859699 4.697627544 -0.486612290 -0.678268850 -0.324168921 0.445055574
1403636758113555456.000000 9.240827560 3.312924147 4.772722244 -0.474795461 -0.669599593 -0.327924967 0.467622727
1403636758463555584.000000 9.023146629 3.178754330 4.811153889 -0.479697317 -0.667603433 -0.317216337 0.472831994
1403636758763555584.000000 8.856860161 3.091374636 4.795099258 -0.494154513 -0.668510735 -0.299153030 0.468414605
1403636759063555584.000000 8.724764824 3.058431625 4.768122196 -0.477833480 -0.658843815 -0.324087858 0.482252151
1403636759363555584.000000 8.631352425 3.027541161 4.710501194 -0.491039246 -0.645175993 -0.302185893 0.501310349
1403636759663555584.000000 8.609040260 3.000900984 4.630937099 -0.470753133 -0.660564005 -0.329143614 0.483437002
1403636759913555456.000000 8.605633736 2.969013453 4.608654976 -0.470831245 -0.664136350 -0.327742815 0.479401320
1403636760163555584.000000 8.605146408 2.932185650 4.584165573 -0.479791552 -0.673632503 -0.316308647 0.464723706
1403636760463555584.000000 8.605096817 2.904547453 4.546357155 -0.469409287 -0.661274672 -0.331706554 0.482018203
1403636760713555456.000000 8.608570099 2.872565508 4.504251957 -0.471666127 -0.673932135 -0.326841533 0.465318322
1403636760963555584.000000 8.601471901 2.842906237 4.471756458 -0.464352995 -0.672647595 -0.335256755 0.468534380
1403636761313555456.000000 8.566432953 2.805126190 4.424202442 -0.479261786 -0.686027050 -0.312247574 0.449640423
1403636761663555584.000000 8.504196167 2.813623428 4.419752121 -0.469890028 -0.665685117 -0.328320533 0.477778524
1403636762063555584.000000 8.458877563 2.820122719 4.441019058 -0.469623119 -0.664318502 -0.332631022 0.476960927
1403636762463555584.000000 8.412098885 2.815711498 4.450316429 -0.480742335 -0.680083632 -0.319846362 0.451742679
1403636762663555584.000000 8.371192932 2.828881979 4.415763378 -0.495743454 -0.651452065 -0.297967553 0.490982801
1403636763063555584.000000 8.390506744 2.824996710 4.358503819 -0.501309872 -0.639212787 -0.330756754 0.480307609
1403636763413555456.000000 8.403052330 2.810982466 4.346341610 -0.515022576 -0.620637178 -0.336795121 0.485932499
1403636763513555456.000000 8.404006004 2.806027651 4.343808651 -0.514966726 -0.620551765 -0.336976141 0.485975146
1403636763663555584.000000 8.405542374 2.797900915 4.340619087 -0.514869153 -0.620606184 -0.337140411 0.485895097
