#LBA time[ms],KF opt[#],KF fixed[#],MP[#],Edges[#]
0.016320,3,1,0,605
0.004961,4,1,0,791
0.432326,5,1,0,1340
0.552359,6,1,0,1776
0.716554,7,1,0,2250
0.730217,8,1,0,2754
0.960493,9,1,0,2769
1.471283,10,1,0,2736
2.094747,0,0,0,0
40.744842,0,0,0,0
1.746134,0,0,0,0
2.138011,0,0,0,0
2.174907,0,0,0,0
2.523392,0,0,0,0
3.114728,0,0,0,0
3.134120,0,0,0,0
3.910482,0,0,0,0
3.846449,0,0,0,0
3.504781,0,0,0,0
3.998548,0,0,0,0
4.469786,0,0,0,0
5.713929,0,0,0,0
5.550663,0,0,0,0
5.474567,0,0,0,0
5.627560,0,0,0,0
5.730473,0,0,0,0
5.281347,0,0,0,0
5.532359,0,0,0,0
5.707721,0,0,0,0
5.147874,0,0,0,0
5.657320,0,0,0,0
6.494707,0,0,0,0
6.669462,0,0,0,0
4.385176,0,0,0,0
4.614939,0,0,0,0
5.669128,0,0,0,0
5.726474,0,0,0,0
6.763702,0,0,0,0
5.386149,0,0,0,0
6.647285,0,0,0,0
7.252829,0,0,0,0
5.758218,0,0,0,0
4.702236,0,0,0,0
6.756215,0,0,0,0
5.485095,0,0,0,0
4.227510,0,0,0,0
6.977241,0,0,0,0
4.800029,0,0,0,0
4.563611,0,0,0,0
6.713974,0,0,0,0
4.952160,0,0,0,0
6.178415,0,0,0,0
5.325732,0,0,0,0
6.690678,0,0,0,0
5.745737,0,0,0,0
5.907948,0,0,0,0
4.782334,0,0,0,0
7.632930,0,0,0,0
5.638888,0,0,0,0
5.281444,0,0,0,0
5.977997,0,0,0,0
6.696150,0,0,0,0
6.411410,0,0,0,0
5.695753,0,0,0,0
4.896895,0,0,0,0
7.612514,0,0,0,0
7.805892,0,0,0,0
5.429445,0,0,0,0
5.462277,0,0,0,0
6.401842,0,0,0,0
6.565012,0,0,0,0
5.332804,0,0,0,0
4.554331,0,0,0,0
6.545268,0,0,0,0
4.542202,0,0,0,0
5.071456,0,0,0,0
6.437171,0,0,0,0
5.055489,0,0,0,0
6.822327,0,0,0,0
7.054970,0,0,0,0
5.397637,0,0,0,0
5.779658,0,0,0,0
6.240432,0,0,0,0
7.176764,0,0,0,0
6.798551,0,0,0,0
5.884748,0,0,0,0
7.437183,0,0,0,0
6.383602,0,0,0,0
5.483366,0,0,0,0
6.229392,0,0,0,0
6.377138,0,0,0,0
4.548826,0,0,0,0
5.697033,0,0,0,0
5.598951,0,0,0,0
4.381112,0,0,0,0
5.730538,0,0,0,0
6.652501,0,0,0,0
4.436825,0,0,0,0
7.296542,0,0,0,0
5.374693,0,0,0,0
5.354148,0,0,0,0
5.192834,0,0,0,0
4.466393,0,0,0,0
4.621852,0,0,0,0
5.598056,0,0,0,0
7.214524,0,0,0,0
5.801450,0,0,0,0
5.342981,0,0,0,0
6.383762,0,0,0,0
6.902553,0,0,0,0
7.612897,0,0,0,0
7.255741,0,0,0,0
7.691747,0,0,0,0
6.634100,0,0,0,0
7.297117,0,0,0,0
9.384664,0,0,0,0
8.127272,0,0,0,0
7.207996,0,0,0,0
6.981305,0,0,0,0
8.387659,0,0,0,0
10.913195,0,0,0,0
9.689852,0,0,0,0
9.354487,0,0,0,0
9.730109,0,0,0,0
9.771741,0,0,0,0
8.204681,0,0,0,0
10.021280,0,0,0,0
10.607624,0,0,0,0
10.237507,0,0,0,0
10.449254,0,0,0,0
8.328234,0,0,0,0
10.361285,0,0,0,0
11.196144,0,0,0,0
10.482182,0,0,0,0
10.727337,0,0,0,0
11.658037,0,0,0,0
10.799018,0,0,0,0
11.052014,0,0,0,0
10.976333,0,0,0,0
11.411762,0,0,0,0
9.599003,0,0,0,0
11.512307,0,0,0,0
11.627381,0,0,0,0
11.504883,0,0,0,0
12.286781,0,0,0,0
9.830622,0,0,0,0
11.988153,0,0,0,0
11.980218,0,0,0,0
12.222429,0,0,0,0
11.938808,0,0,0,0
11.780854,0,0,0,0
11.885176,0,0,0,0
13.076200,0,0,0,0
12.063770,0,0,0,0
14.832126,0,0,0,0
12.860037,0,0,0,0
9.551450,0,0,0,0
13.790480,0,0,0,0
10.296484,0,0,0,0
11.945561,0,0,0,0
12.922885,0,0,0,0
13.282218,0,0,0,0
14.847134,0,0,0,0
13.233065,0,0,0,0
12.273693,0,0,0,0
13.512301,0,0,0,0
13.115976,0,0,0,0
13.532141,0,0,0,0
10.862123,0,0,0,0
12.941094,0,0,0,0
13.128936,0,0,0,0
11.611316,0,0,0,0
9.662396,0,0,0,0
12.504576,0,0,0,0
9.851294,0,0,0,0
12.220892,0,0,0,0
12.328574,0,0,0,0
9.449784,0,0,0,0
14.914878,0,0,0,0
16.714454,0,0,0,0
14.582234,0,0,0,0
13.294986,0,0,0,0
13.422252,0,0,0,0
14.210326,0,0,0,0
17.611329,0,0,0,0
16.043278,0,0,0,0
13.372139,0,0,0,0
17.043002,0,0,0,0
13.468973,0,0,0,0
15.859883,0,0,0,0
10.101249,0,0,0,0
10.437446,0,0,0,0
14.135541,0,0,0,0
9.901759,0,0,0,0
11.484018,0,0,0,0
14.013619,0,0,0,0
14.891358,0,0,0,0
9.881310,0,0,0,0
15.851979,0,0,0,0
11.021805,0,0,0,0
11.177775,0,0,0,0
11.182831,0,0,0,0
15.187651,0,0,0,0
10.216227,0,0,0,0
13.750608,0,0,0,0
14.233462,0,0,0,0
11.598068,0,0,0,0
14.936383,0,0,0,0
8.481165,0,0,0,0
10.396901,0,0,0,0
9.266359,0,0,0,0
9.107988,0,0,0,0
8.887121,0,0,0,0
9.737533,0,0,0,0
9.982560,0,0,0,0
10.994381,0,0,0,0
15.015488,0,0,0,0
11.191183,0,0,0,0
11.605332,0,0,0,0
13.171721,0,0,0,0
13.203593,0,0,0,0
13.107495,0,0,0,0
13.745392,0,0,0,0
14.063636,0,0,0,0
10.363556,0,0,0,0
13.259817,0,0,0,0
13.516365,0,0,0,0
13.882257,0,0,0,0
11.380370,0,0,0,0
18.074952,0,0,0,0
16.177935,0,0,0,0
6.736438,0,0,0,0
11.803287,0,0,0,0
7.468767,0,0,0,0
7.095131,0,0,0,0
6.659445,0,0,0,0
7.782147,0,0,0,0
10.244931,0,0,0,0
11.060654,0,0,0,0
10.562663,0,0,0,0
4.863230,0,0,0,0
9.590747,0,0,0,0
11.870423,0,0,0,0
6.533812,0,0,0,0
11.713238,0,0,0,0
11.355473,0,0,0,0
12.041210,0,0,0,0
10.416358,0,0,0,0
6.830776,0,0,0,0
8.275722,0,0,0,0
6.297968,0,0,0,0
10.065089,0,0,0,0
4.925375,0,0,0,0
5.308420,0,0,0,0
9.740444,0,0,0,0
8.985235,0,0,0,0
9.365592,0,0,0,0
9.601979,0,0,0,0
10.174115,0,0,0,0
10.855563,0,0,0,0
7.817828,0,0,0,0
9.771869,0,0,0,0
10.736905,0,0,0,0
7.656034,0,0,0,0
11.815671,0,0,0,0
8.946003,0,0,0,0
9.008403,0,0,0,0
8.917746,0,0,0,0
10.893804,0,0,0,0
8.520141,0,0,0,0
9.700924,0,0,0,0
8.782192,0,0,0,0
6.468947,0,0,0,0
6.479635,0,0,0,0
6.543348,0,0,0,0
8.411980,0,0,0,0
11.179759,0,0,0,0
7.712323,0,0,0,0
10.042337,0,0,0,0
9.037684,0,0,0,0
9.761852,0,0,0,0
8.621678,0,0,0,0
6.422770,0,0,0,0
6.842743,0,0,0,0
7.443967,0,0,0,0
9.816957,0,0,0,0
7.390271,0,0,0,0
7.351838,0,0,0,0
5.075105,0,0,0,0
7.726370,0,0,0,0
8.471084,0,0,0,0
8.567886,0,0,0,0
10.674984,0,0,0,0
8.592302,0,0,0,0
6.811799,0,0,0,0
8.216777,0,0,0,0
8.592110,0,0,0,0
8.320202,0,0,0,0
8.525997,0,0,0,0
8.598798,0,0,0,0
7.934789,0,0,0,0
7.389694,0,0,0,0
8.676239,0,0,0,0
8.674831,0,0,0,0
8.249897,0,0,0,0
8.390476,0,0,0,0
6.543380,0,0,0,0
13.525101,0,0,0,0
8.207337,0,0,0,0
9.528250,0,0,0,0
8.526797,0,0,0,0
10.364324,0,0,0,0
5.344356,0,0,0,0
10.825066,0,0,0,0
5.857195,0,0,0,0
10.152609,0,0,0,0
10.188578,0,0,0,0
7.303645,0,0,0,0
7.379934,0,0,0,0
13.105640,0,0,0,0
11.791735,0,0,0,0
11.035213,0,0,0,0
12.965798,0,0,0,0
15.508870,0,0,0,0
14.815230,0,0,0,0
10.722505,0,0,0,0
17.759491,0,0,0,0
14.900062,0,0,0,0
10.984301,0,0,0,0
15.061665,0,0,0,0
16.179983,0,0,0,0
10.835339,0,0,0,0
13.438924,0,0,0,0
16.991865,0,0,0,0
19.302007,0,0,0,0
18.415883,0,0,0,0
14.094836,0,0,0,0
18.217833,0,0,0,0
20.078080,0,0,0,0
16.159887,0,0,0,0
18.765583,0,0,0,0
20.748585,0,0,0,0
20.516359,0,0,0,0
17.651106,0,0,0,0
15.435238,0,0,0,0
13.819248,0,0,0,0
13.382091,0,0,0,0
17.492896,0,0,0,0
10.407077,0,0,0,0
17.691875,0,0,0,0
10.904939,0,0,0,0
11.950681,0,0,0,0
18.477292,0,0,0,0
13.867602,0,0,0,0
19.268695,0,0,0,0
17.243229,0,0,0,0
12.244988,0,0,0,0
18.858833,0,0,0,0
12.832452,0,0,0,0
16.876695,0,0,0,0
11.531252,0,0,0,0
19.268534,0,0,0,0
11.758806,0,0,0,0
12.145243,0,0,0,0
14.676380,0,0,0,0
18.922898,0,0,0,0
16.460530,0,0,0,0
14.108244,0,0,0,0
15.735913,0,0,0,0
16.668341,0,0,0,0
15.738089,0,0,0,0
22.437151,0,0,0,0
23.560365,0,0,0,0
23.300266,0,0,0,0
16.902040,0,0,0,0
16.695413,0,0,0,0
21.372529,0,0,0,0
20.963019,0,0,0,0
21.940281,0,0,0,0
17.030682,0,0,0,0
21.567123,0,0,0,0
19.018067,0,0,0,0
18.408300,0,0,0,0
14.130357,0,0,0,0
17.459103,0,0,0,0
16.757622,0,0,0,0
20.303043,0,0,0,0
19.777821,0,0,0,0
19.182645,0,0,0,0
19.473401,0,0,0,0
15.855947,0,0,0,0
12.717827,0,0,0,0
18.299338,0,0,0,0
16.506611,0,0,0,0
20.866315,0,0,0,0
17.039770,0,0,0,0
18.906449,0,0,0,0
18.945586,0,0,0,0
18.910034,0,0,0,0
20.296132,0,0,0,0
18.661966,0,0,0,0
20.228707,0,0,0,0
18.377835,0,0,0,0
17.547776,0,0,0,0
13.550478,0,0,0,0
15.256867,0,0,0,0
15.831499,0,0,0,0
17.688066,0,0,0,0
17.953510,0,0,0,0
18.416811,0,0,0,0
22.915717,0,0,0,0
25.218563,0,0,0,0
19.379384,0,0,0,0
42.008185,0,0,0,0
26.068013,0,0,0,0
29.511513,0,0,0,0
29.264374,0,0,0,0
26.883895,0,0,0,0
30.501958,0,0,0,0
36.774262,0,0,0,0
29.299222,0,0,0,0
23.729487,0,0,0,0
25.353764,0,0,0,0
22.706882,0,0,0,0
28.164071,0,0,0,0
27.220636,0,0,0,0
22.348029,0,0,0,0
24.814845,0,0,0,0
28.558349,0,0,0,0
24.541402,0,0,0,0
21.827991,0,0,0,0
21.807415,0,0,0,0
24.997215,0,0,0,0
25.199906,0,0,0,0
29.926143,0,0,0,0
22.751875,0,0,0,0
23.364459,0,0,0,0
22.020473,0,0,0,0
31.843127,0,0,0,0
29.297238,0,0,0,0
22.278460,0,0,0,0
22.391614,0,0,0,0
27.361437,0,0,0,0
25.905899,0,0,0,0
22.489855,0,0,0,0
33.936466,0,0,0,0
24.509369,0,0,0,0
30.258754,0,0,0,0
26.408017,0,0,0,0
29.709243,0,0,0,0
22.922149,0,0,0,0
22.845764,0,0,0,0
20.879370,0,0,0,0
32.440671,0,0,0,0
33.590830,0,0,0,0
29.222613,0,0,0,0
32.472831,0,0,0,0
34.908670,0,0,0,0
28.958737,0,0,0,0
37.554880,0,0,0,0
29.486009,0,0,0,0
41.435985,0,0,0,0
44.084467,0,0,0,0
36.408017,0,0,0,0
36.697269,0,0,0,0
37.505663,0,0,0,0
29.235573,0,0,0,0
36.563731,0,0,0,0
39.007794,0,0,0,0
36.342896,0,0,0,0
37.770786,0,0,0,0
29.482073,0,0,0,0
28.489356,0,0,0,0
28.420203,0,0,0,0
23.138984,0,0,0,0
32.186907,0,0,0,0
27.291004,0,0,0,0
26.783351,0,0,0,0
29.483384,0,0,0,0
43.801744,0,0,0,0
34.108211,0,0,0,0
30.335524,0,0,0,0
37.431423,0,0,0,0
38.807983,0,0,0,0
37.913924,0,0,0,0
44.489145,0,0,0,0
34.781468,0,0,0,0
40.938059,0,0,0,0
41.881527,0,0,0,0
45.968747,0,0,0,0
41.306128,0,0,0,0
44.867709,0,0,0,0
36.029548,0,0,0,0
45.849482,0,0,0,0
46.900471,0,0,0,0
36.838775,0,0,0,0
43.095302,0,0,0,0
41.977593,0,0,0,0
39.047059,0,0,0,0
38.662158,0,0,0,0
42.801955,0,0,0,0
43.166888,0,0,0,0
40.560230,0,0,0,0
43.485931,0,0,0,0
43.683406,0,0,0,0
34.599546,0,0,0,0
41.661652,0,0,0,0
44.137267,0,0,0,0
43.205512,0,0,0,0
43.736846,0,0,0,0
42.920965,0,0,0,0
36.471346,0,0,0,0
43.390122,0,0,0,0
41.164974,0,0,0,0
44.146164,0,0,0,0
38.672750,0,0,0,0
41.861846,0,0,0,0
46.762901,0,0,0,0
46.429009,0,0,0,0
36.629780,0,0,0,0
42.865220,0,0,0,0
44.267029,0,0,0,0
44.913917,0,0,0,0
42.015449,0,0,0,0
42.105594,0,0,0,0
43.565229,0,0,0,0
37.099129,0,0,0,0
37.319933,0,0,0,0
42.614688,0,0,0,0
41.305296,0,0,0,0
43.292745,0,0,0,0
35.992076,0,0,0,0
43.399211,0,0,0,0
34.719387,0,0,0,0
43.187272,0,0,0,0
43.759599,0,0,0,0
39.262677,0,0,0,0
42.099674,0,0,0,0
38.724046,0,0,0,0
34.350358,0,0,0,0
41.454930,0,0,0,0
29.630874,0,0,0,0
35.910410,0,0,0,0
35.286242,0,0,0,0
36.416785,0,0,0,0
38.962578,0,0,0,0
44.602522,0,0,0,0
40.337027,0,0,0,0
43.105030,0,0,0,0
45.327138,0,0,0,0
37.895716,0,0,0,0
42.892036,0,0,0,0
45.043487,0,0,0,0
43.890096,0,0,0,0
42.792674,0,0,0,0
39.248213,0,0,0,0
35.504613,0,0,0,0
33.919185,0,0,0,0
36.777109,0,0,0,0
36.291600,0,0,0,0
37.576991,0,0,0,0
35.860362,0,0,0,0
40.025471,0,0,0,0
28.496012,0,0,0,0
39.406968,0,0,0,0
41.472242,0,0,0,0
38.686030,0,0,0,0
37.969253,0,0,0,0
34.784412,0,0,0,0
32.637633,0,0,0,0
37.071609,0,0,0,0
32.679681,0,0,0,0
33.175944,0,0,0,0
37.733090,0,0,0,0
22.543296,0,0,0,0
27.462495,0,0,0,0
22.662081,0,0,0,0
34.037778,0,0,0,0
34.729852,0,0,0,0
22.129082,0,0,0,0
23.961906,0,0,0,0
24.628475,0,0,0,0
32.963397,0,0,0,0
21.253359,0,0,0,0
18.449131,0,0,0,0
20.030304,0,0,0,0
16.769558,0,0,0,0
19.022546,0,0,0,0
12.896740,0,0,0,0
16.039661,0,0,0,0
18.116423,0,0,0,0
15.410853,0,0,0,0
20.729352,0,0,0,0
19.931743,1066713902,0,1081848878,1078446485
18.738095,0,291085840,-1610612736,-318308616
