1403636579963555584.000000 0.464350879 1.403561234 0.042264093 -0.590744317 -0.565038145 -0.396799803 0.417496204
1403636582763555584.000000 0.454266489 1.405298710 0.138125330 -0.599646807 -0.565704703 -0.405335784 0.395101100
1403636585463555584.000000 0.481243312 1.430166245 0.139478475 -0.599360347 -0.551923513 -0.437565982 0.380373031
1403636588213555456.000000 0.798117638 1.382737398 0.027266938 -0.701620281 -0.585952938 -0.295423210 0.277692795
1403636590263555584.000000 0.194262028 1.327824593 0.038318351 -0.649320900 -0.631043613 -0.268915415 0.328406632
1403636592463555584.000000 0.717592180 1.480746508 0.003699999 -0.709115267 -0.553431213 -0.325832307 0.291037440
1403636593763555584.000000 0.324227065 1.323198318 -0.014407837 -0.635007322 -0.646560013 -0.233246267 0.352593392
1403636594363555584.000000 0.633154333 1.259452581 -0.019795578 -0.737045288 -0.521201313 -0.330256999 0.275760472
1403636594463555584.000000 0.687598944 1.299114704 -0.020906651 -0.735822797 -0.517632544 -0.342378646 0.270921260
1403636596163555584.000000 0.601963937 1.255625248 -0.067374185 -0.681750715 -0.588261962 -0.315177947 0.299711108
1403636596513555456.000000 0.507199883 1.130441308 -0.034169294 -0.684176207 -0.576269329 -0.327198923 0.304561108
1403636597013555456.000000 0.452102363 1.151834369 -0.025873851 -0.670593560 -0.587816775 -0.338056237 0.300821751
1403636598413555456.000000 0.441173732 1.331246853 -0.070840120 -0.594601572 -0.684060693 -0.271372706 0.323831588
1403636598813555456.000000 0.482879221 1.431555510 -0.130282328 -0.565240800 -0.675444067 -0.290813953 0.373771906
1403636601663555584.000000 0.516713917 1.556453586 -0.252804577 -0.527128100 -0.597153723 -0.369130939 0.478837907
1403636604163555584.000000 0.516760409 1.556439996 -0.252885580 -0.527104020 -0.597128808 -0.369147927 0.478882343
1403636606663555584.000000 0.516676724 1.556418300 -0.252978384 -0.527146041 -0.597051263 -0.369229734 0.478869736
1403636609163555584.000000 0.516678870 1.556510210 -0.253006071 -0.527158976 -0.597036660 -0.369185060 0.478908241
1403636611663555584.000000 0.517050743 1.556336403 -0.253074378 -0.527412534 -0.596928298 -0.368890584 0.478991091
1403636614163555584.000000 0.517360687 1.556499362 -0.253236920 -0.526878595 -0.597004533 -0.369561076 0.478966743
1403636616663555584.000000 0.517405808 1.556487560 -0.253237605 -0.527108550 -0.596772909 -0.369309843 0.479196221
1403636619163555584.000000 0.517454326 1.556409955 -0.253235579 -0.527386487 -0.596493959 -0.368973672 0.479496628
1403636621663555584.000000 0.517463505 1.556469321 -0.253280848 -0.527124584 -0.596657574 -0.369355291 0.479287207
1403636624613555456.000000 0.535310507 1.544801474 -0.252768725 -0.543752968 -0.602734983 -0.362681270 0.457717836
1403636627263555584.000000 0.642481625 1.565920234 0.073067814 -0.521613538 -0.628745258 -0.367245585 0.444667846
1403636629413555456.000000 1.021748424 1.688652515 0.261353850 -0.599065781 -0.561307728 -0.406685472 0.400825232
1403636632313555456.000000 2.114655256 2.705312967 0.148804858 -0.649183214 -0.493866146 -0.466396809 0.342244774
1403636635213555456.000000 2.784594297 4.422825336 0.023167545 -0.573924899 -0.590516090 -0.399500817 0.402864873
1403636635563555584.000000 2.857036591 4.666277409 0.017032547 -0.580583870 -0.588096082 -0.385436803 0.410492182
1403636636913555456.000000 3.277774096 5.649194241 0.313515157 -0.550003707 -0.589503050 -0.433406234 0.402667552
1403636638113555456.000000 3.333206892 6.194760799 0.376167953 -0.562892139 -0.589299679 -0.400259554 0.419130892
1403636638413555456.000000 3.336352348 6.334287167 0.336226702 -0.573558807 -0.591085970 -0.383772165 0.417572200
1403636638713555456.000000 3.357712984 6.484677315 0.286685497 -0.581052780 -0.600054622 -0.371887207 0.404983968
1403636641313555456.000000 3.955779552 8.003129005 0.144588456 -0.535631835 -0.612621665 -0.382164031 0.437885702
1403636643713555456.000000 4.330842018 8.511084557 0.133133590 -0.585688055 -0.589599192 -0.386185795 0.400253624
1403636644463555584.000000 4.485578537 8.856597900 0.161664844 -0.583567977 -0.569356978 -0.388247520 0.429587066
1403636644813555456.000000 4.611530304 9.053451538 0.049669556 -0.571884990 -0.572863102 -0.406349927 0.423857570
1403636647163555584.000000 5.636756420 10.735779762 0.055660903 -0.663819671 -0.471830755 -0.467245787 0.344093800
1403636647513555456.000000 5.802312374 10.908452988 0.082409866 -0.659535110 -0.470350116 -0.466502190 0.355189919
1403636647763555584.000000 5.925583363 11.005729675 0.095261902 -0.657931268 -0.465826988 -0.469175279 0.360563964
1403636649263555584.000000 6.706541538 11.116925240 0.034010053 -0.744317114 -0.324438184 -0.532856584 0.238318890
1403636649613555456.000000 6.870078087 11.117315292 0.177330226 -0.741046011 -0.331825405 -0.529428720 0.245861709
1403636651213555456.000000 7.289560318 10.746115685 0.291627616 -0.785414398 -0.190645933 -0.570759416 0.144955218
1403636651713555456.000000 7.307601452 10.584521294 0.350591838 -0.782327414 -0.200512558 -0.568579078 0.156449690
1403636653563555584.000000 7.362766266 9.620487213 0.230501264 -0.812725425 -0.038030468 -0.580798924 0.026525946
1403636654213555456.000000 7.397115231 9.356399536 0.245866433 -0.807408512 -0.032390572 -0.588116407 0.034080368
1403636654463555584.000000 7.370842457 9.251109123 0.252661407 -0.812412202 -0.003772917 -0.583021879 0.007597443
1403636654763555584.000000 7.325197697 9.130245209 0.298571765 0.818221033 -0.041342162 0.573014617 0.021436963
1403636656113555456.000000 6.932193756 8.657330513 0.139739037 0.804981172 -0.170495257 0.560868740 0.091449939
1403636656363555584.000000 6.832233429 8.544380188 0.132090077 0.805684805 -0.182268471 0.553440154 0.106556535
1403636656713555456.000000 6.723769665 8.366827965 0.188739449 0.798640311 -0.176352248 0.564668834 0.110555597
1403636657263555584.000000 6.528757095 8.099415779 0.163256049 0.786982894 -0.169091225 0.584808290 0.100326337
1403636658063555584.000000 6.104086876 7.665653706 0.055866010 0.803514421 -0.192353487 0.556444824 0.087943070
1403636658263555584.000000 5.996884346 7.517042160 0.055428822 0.805298448 -0.183321536 0.553443968 0.107644886
1403636658713555456.000000 5.795527935 7.179433823 0.011217963 0.808203876 -0.171812549 0.547760665 0.131321251
1403636658963555584.000000 5.715388775 7.018815994 -0.036309287 0.799328625 -0.169409454 0.560205936 0.136174351
1403636660813555456.000000 5.386392593 6.452980042 -0.550485015 0.800318658 -0.169183627 0.555834293 0.148037761
1403636661163555584.000000 5.455420971 6.453243256 -0.705312431 0.792353868 -0.171710312 0.567718148 0.142782927
1403636661813555456.000000 5.536042690 6.600649357 -0.863897800 0.788749695 -0.183078676 0.573937178 0.122279696
1403636662213555456.000000 5.522780418 6.718449116 -0.821126461 0.789043963 -0.179294243 0.574146211 0.124977089
1403636663563555584.000000 5.440844536 6.994816780 -1.004505754 0.823476672 -0.182867050 0.519432783 0.136511922
1403636665363555584.000000 6.447021961 7.638069153 -1.223709226 0.804163754 -0.156020850 0.565647066 0.094982624
1403636668063555584.000000 7.505758762 8.919541359 -1.132673264 0.810460091 -0.157156065 0.556669831 0.092602499
1403636669263555584.000000 8.067190170 9.333561897 -1.309681416 0.793805718 -0.158877641 0.573788226 0.124087021
1403636669713555456.000000 8.241459846 9.614418983 -1.372011065 0.778631151 -0.154988706 0.594679117 0.126762539
1403636670063555584.000000 8.293087006 9.864912033 -1.377945423 0.781802416 -0.188677892 0.590151310 0.070051283
1403636670363555584.000000 8.250132561 10.011662483 -1.342467189 0.772434354 -0.193664625 0.604054868 0.030935667
1403636670713555456.000000 8.077876091 10.026347160 -1.303333998 0.784076571 -0.152452692 0.601433814 -0.016111201
1403636672463555584.000000 6.644979000 8.010155678 -0.718722701 -0.834144533 -0.140811324 -0.533048987 0.015293343
1403636672713555456.000000 6.636314869 7.873009205 -0.710382104 -0.809027433 -0.115400851 -0.574000418 0.051776528
1403636673713555456.000000 6.721542358 7.755579472 -0.789453864 -0.812880456 -0.184653535 -0.543443799 0.098980777
1403636676613555456.000000 7.882184505 9.459477425 -1.284568787 -0.718902767 -0.405416161 -0.503399611 0.255744725
1403636679513555456.000000 8.094513893 11.095555305 -1.323730707 -0.430263519 -0.684830785 -0.309414446 0.500142932
1403636682313555456.000000 6.999587536 10.191438675 -1.022451043 -0.404104590 -0.710859835 -0.285319418 0.499970794
1403636685213555456.000000 5.640479565 8.388322830 -1.007410526 -0.391860515 -0.713346124 -0.288750798 0.504188240
1403636688113555456.000000 4.783714294 6.627177238 -1.166490674 -0.394705504 -0.710757852 -0.287821680 0.506151676
1403636689263555584.000000 4.509848118 6.044834137 -1.410336375 -0.380846083 -0.730521858 -0.259497017 0.503939927
1403636689663555584.000000 4.368322372 5.882852554 -1.333794355 -0.378870398 -0.737012446 -0.245315507 0.503080845
1403636689913555456.000000 4.279590130 5.815933228 -1.282278895 -0.394864202 -0.732814431 -0.225587770 0.506137908
1403636690163555584.000000 4.203400135 5.800462723 -1.253192067 -0.392624646 -0.733133197 -0.235360771 0.502958298
1403636690513555456.000000 4.105260372 5.852145195 -1.192611694 -0.389148295 -0.732734442 -0.244260356 0.501996756
1403636690663555584.000000 4.061422348 5.893075466 -1.173663974 -0.396431625 -0.726023495 -0.234239802 0.510748029
1403636691113555456.000000 4.016998291 6.089118481 -1.219703555 -0.398907602 -0.683265448 -0.225301981 0.568559706
1403636693813555456.000000 5.389914513 6.564867020 -0.485343695 -0.377821058 -0.747294545 -0.242917880 0.489686638
1403636694113555456.000000 5.395551205 6.652641296 -0.472394377 -0.365358263 -0.727175713 -0.257819474 0.520824313
1403636696113555456.000000 5.487163067 7.134788036 -0.481849521 -0.379776329 -0.729431987 -0.265077144 0.503421426
1403636698413555456.000000 5.168950081 6.825030327 -0.453510821 -0.471689314 -0.669106424 -0.336611271 0.465294152
1403636700963555584.000000 4.814092159 6.236803532 -0.907018781 -0.730912566 -0.368804485 -0.504821897 0.273687869
1403636701913555456.000000 5.061630726 6.094061852 -0.894930243 -0.730827153 -0.368938148 -0.506856620 0.269949406
1403636704563555584.000000 6.031275749 6.127140045 -1.396752954 -0.771091104 -0.307166606 -0.516689777 0.209997267
1403636704913555456.000000 6.200747967 6.188235760 -1.419899583 -0.780049920 -0.316058636 -0.500754058 0.202174261
1403636705113555456.000000 6.314782143 6.256241322 -1.459074140 -0.778536797 -0.319872409 -0.501375735 0.200460717
1403636706813555456.000000 7.357278347 7.254333019 -1.652473092 -0.761998296 -0.321877807 -0.521963000 0.208105460
1403636707113555456.000000 7.519800186 7.455538273 -1.633455515 -0.761554897 -0.314494491 -0.527654707 0.206658602
1403636709963555584.000000 8.861954689 9.569502831 -1.725456595 -0.757593989 -0.306043535 -0.541965544 0.196626887
1403636710413555456.000000 8.861231804 9.903126717 -1.762489200 -0.755699039 -0.303245455 -0.535053611 0.225119457
1403636713213555456.000000 7.890452385 10.701699257 -1.555986762 -0.674808264 -0.435727417 -0.499147207 0.325003862
1403636716163555584.000000 6.751972675 9.609203339 -1.103209019 -0.619385302 -0.511502445 -0.453602046 0.385969281
1403636716663555584.000000 6.703866005 9.395555496 -1.079608321 -0.629958212 -0.514650464 -0.446178675 0.373111397
1403636717613555456.000000 6.596002579 8.941399574 -1.088796616 -0.550049245 -0.600749314 -0.407508761 0.412895501
1403636717963555584.000000 6.496772766 8.765508652 -1.119316816 -0.536502838 -0.613274395 -0.403208882 0.416511655
1403636720763555584.000000 5.557841301 7.451472759 -1.383754969 -0.478652328 -0.663010418 -0.322532833 0.476740807
1403636723263555584.000000 5.556352615 6.602762699 -1.428263903 -0.556750059 -0.594057322 -0.394257903 0.426246375
1403636726163555584.000000 5.269452572 5.715040684 -1.107933283 -0.641572297 -0.505969584 -0.447725981 0.363209635
1403636728963555584.000000 4.941355705 5.007993698 -0.554868162 -0.598724425 -0.546516776 -0.435700864 0.391168982
1403636731463555584.000000 4.232949734 4.126329422 -0.441306084 -0.593232870 -0.557793260 -0.414268851 0.406599075
1403636734213555456.000000 3.831412792 3.228335381 -0.426420629 -0.580671251 -0.569576740 -0.418908626 0.403632045
1403636737113555456.000000 3.007109880 2.457389593 -0.101016782 -0.546885908 -0.601413608 -0.394393742 0.428568542
1403636738713555456.000000 2.656970263 2.267853498 0.087673366 -0.580861926 -0.583970487 -0.385057002 0.416304171
1403636741363555584.000000 3.091115952 2.219819069 -0.547134817 -0.703898132 -0.406437486 -0.499497056 0.299731225
1403636744113555456.000000 3.513642788 2.522373676 -1.281743646 -0.717055380 -0.384351403 -0.510179520 0.278966695
1403636747013555456.000000 3.835687160 2.922939777 -1.962342620 -0.745582938 -0.362572521 -0.487139583 0.274485499
1403636749763555584.000000 3.839813232 3.440696239 -1.275462627 -0.732463956 -0.344701856 -0.533645630 0.244743690
1403636751163555584.000000 3.664053679 3.317853212 -0.800557256 -0.728449583 -0.371068835 -0.515186608 0.257394493
1403636751613555456.000000 3.567624331 3.302963495 -0.600292325 -0.735318124 -0.356727481 -0.504651785 0.278171629
1403636752113555456.000000 3.539334774 3.289375544 -0.424965143 -0.733771324 -0.383901775 -0.492404699 0.267837167
1403636754813555456.000000 3.130177975 3.185593367 -0.046455644 -0.546312213 -0.596679926 -0.408655316 0.422512680
1403636756913555456.000000 1.944702983 2.429869175 0.047283351 -0.526155174 -0.615450978 -0.385330647 0.442607343
1403636757163555584.000000 1.794790268 2.309093714 0.075857401 -0.526650965 -0.615749061 -0.382397234 0.444144428
1403636757613555456.000000 1.528676271 2.064793587 0.065561682 -0.523357749 -0.632477403 -0.373962879 0.431533158
1403636758013555456.000000 1.262607813 1.883415699 0.143263966 -0.515971899 -0.647873521 -0.351799071 0.436199963
1403636758263555584.000000 1.091192484 1.806409717 0.201082021 -0.505342782 -0.637057364 -0.360036492 0.457340598
1403636758563555584.000000 0.897693813 1.708466411 0.203463048 -0.528817773 -0.644325733 -0.325648040 0.446261734
1403636759063555584.000000 0.650891423 1.650956392 0.166559502 -0.512533069 -0.631567061 -0.353160203 0.462288737
1403636759413555456.000000 0.547942877 1.626687884 0.095972203 -0.521347165 -0.620915294 -0.337763637 0.478097409
1403636759663555584.000000 0.531195045 1.605533838 0.029207785 -0.505493045 -0.633682191 -0.358280867 0.463204712
1403636759913555456.000000 0.525229692 1.574160218 0.007190829 -0.505456626 -0.637601733 -0.356811553 0.458980650
1403636760163555584.000000 0.521491885 1.537745476 -0.017700054 -0.515028536 -0.646644115 -0.344587594 0.444810599
1403636760513555456.000000 0.519556880 1.504161477 -0.063652694 -0.503723025 -0.636264741 -0.361067742 0.459413230
1403636760763555584.000000 0.518519223 1.472926378 -0.104485534 -0.505850732 -0.648062706 -0.356341690 0.444016218
1403636761063555584.000000 0.500968456 1.438688278 -0.144464508 -0.504521847 -0.648598194 -0.356140852 0.444906592
1403636761513555456.000000 0.437625408 1.424620390 -0.184268370 -0.506499350 -0.648016155 -0.352531344 0.446380198
1403636761863555584.000000 0.379833519 1.439182162 -0.174794048 -0.513960481 -0.629669964 -0.344855279 0.469505280
1403636762213555456.000000 0.357252479 1.443402171 -0.147148997 -0.496007234 -0.649316192 -0.374041915 0.438700289
1403636762563555584.000000 0.297689795 1.451588631 -0.165419310 -0.525368869 -0.637660742 -0.334050953 0.453636736
1403636762913555456.000000 0.274686694 1.476538420 -0.231561795 -0.501594007 -0.607838035 -0.367159724 0.494095355
1403636763263555584.000000 0.311976612 1.442945242 -0.257613152 -0.546971500 -0.593113482 -0.365612537 0.464075595
1403636763563555584.000000 0.316619903 1.426436305 -0.271900415 -0.546641767 -0.591833055 -0.366206735 0.465627730
1403636763763555584.000000 0.320881337 1.411040306 -0.281180680 -0.546726644 -0.591832697 -0.366207898 0.465527445
