1403636579963555584.000000 -0.319552273 1.310821176 -0.757808983 -0.661820292 -0.479999900 -0.448831379 0.360755295
1403636582913555456.000000 -0.319668889 1.318509459 -0.567194402 -0.668834925 -0.462590456 -0.470001996 0.343173385
1403636585463555584.000000 -0.296186745 1.332165003 -0.660736024 -0.668572485 -0.465862572 -0.484334052 0.318439156
1403636588163555584.000000 -0.012575820 1.203677654 -0.770240963 -0.774231017 -0.485833555 -0.330060005 0.235780448
1403636590663555584.000000 -0.510592759 1.274846673 -0.749936342 -0.734041691 -0.529641867 -0.324695557 0.274290115
1403636593313555456.000000 -0.388127476 1.463883042 -0.797059894 -0.682047009 -0.577806592 -0.284442931 0.346473157
1403636593763555584.000000 -0.476554096 1.270384550 -0.814209223 -0.716488361 -0.554911375 -0.277992934 0.318492979
1403636594363555584.000000 -0.196376592 1.126759052 -0.819502771 -0.800838709 -0.416977257 -0.363682151 0.229178160
1403636596213555456.000000 -0.231664777 1.115320563 -0.865319848 -0.758651853 -0.485521168 -0.353273213 0.252813548
1403636596513555456.000000 -0.352534384 1.035952806 -0.832914174 -0.755896091 -0.478859216 -0.364352077 0.257997185
1403636597013555456.000000 -0.399196982 1.071689487 -0.824729800 -0.743933201 -0.492161810 -0.374660164 0.252922893
1403636598463555584.000000 -0.356237113 1.247634053 -0.877647579 -0.681667984 -0.597728729 -0.313793987 0.282103837
1403636598863555584.000000 -0.286828667 1.348120570 -0.941009402 -0.646067739 -0.589984417 -0.343851984 0.340999663
1403636601613555456.000000 -0.228942379 1.445563555 -1.053042173 -0.603195965 -0.520409942 -0.429591149 0.425181895
1403636604113555456.000000 -0.228868902 1.445789218 -1.053265810 -0.603205323 -0.520254016 -0.429623932 0.425326258
1403636606613555456.000000 -0.228871524 1.445807934 -1.053259015 -0.603222251 -0.520262718 -0.429622293 0.425293207
1403636609113555456.000000 -0.228931636 1.445808530 -1.053256035 -0.603236914 -0.520263851 -0.429673046 0.425219774
1403636611613555456.000000 -0.228476033 1.445431113 -1.053241253 -0.603241146 -0.520415246 -0.429719418 0.424981594
1403636614113555456.000000 -0.228390574 1.445445061 -1.053363562 -0.603057027 -0.520130754 -0.429976076 0.425331295
1403636616613555456.000000 -0.228344098 1.445611835 -1.053408384 -0.603105128 -0.520083487 -0.429930985 0.425366640
1403636619113555456.000000 -0.228368104 1.445555210 -1.053408623 -0.603256404 -0.519880474 -0.429667979 0.425665855
1403636621613555456.000000 -0.228220195 1.445480585 -1.053408504 -0.603144705 -0.520001173 -0.429901749 0.425440758
1403636624513555456.000000 -0.220333695 1.436701655 -1.053551674 -0.617870092 -0.522789717 -0.421034992 0.409459382
1403636627163555584.000000 -0.112796262 1.429431438 -0.734332263 -0.605261922 -0.554636538 -0.419076025 0.387829393
1403636629613555456.000000 0.367512763 1.466586947 -0.556004703 -0.684543133 -0.451166421 -0.463203728 0.336588830
1403636630613555456.000000 0.864814579 1.644148946 -0.597545624 -0.722731829 -0.388071686 -0.504505336 0.269320399
1403636633513555456.000000 1.984095931 2.619719505 -0.773686588 -0.670193732 -0.483832568 -0.450815588 0.336915195
1403636634713555456.000000 2.515748024 3.320631981 -0.793960094 -0.655996263 -0.481759220 -0.469403505 0.342399389
1403636637463555584.000000 3.651565075 4.898726463 -0.544103622 -0.644753397 -0.510102212 -0.448124409 0.351103187
1403636638413555456.000000 3.786994457 5.323108673 -0.470502645 -0.647817791 -0.508036852 -0.436361253 0.363069624
1403636638863555584.000000 3.890323877 5.547888756 -0.512414038 -0.648107827 -0.513530552 -0.434477448 0.357032329
1403636641513555456.000000 4.871529102 6.821819782 -0.696214736 -0.616518319 -0.530241549 -0.434342593 0.387421817
1403636643713555456.000000 5.317812920 7.153788090 -0.676064134 -0.659611523 -0.504854321 -0.436812133 0.345296860
1403636644163555584.000000 5.452183247 7.295849800 -0.623022974 -0.662506163 -0.512539506 -0.430235177 0.336580813
1403636644513555456.000000 5.580800056 7.470498085 -0.657067895 -0.654349685 -0.481017321 -0.443062633 0.379663467
1403636646963555584.000000 7.052824020 8.873575211 -0.793399811 -0.715574682 -0.374489367 -0.516306639 0.284847558
1403636647263555584.000000 7.235010147 8.989221573 -0.738497257 -0.721849620 -0.379145771 -0.507617176 0.278399825
1403636647563555584.000000 7.411005020 9.089676857 -0.724375248 -0.714916646 -0.375246674 -0.511471808 0.294076145
1403636649663555584.000000 8.501825333 8.984550476 -0.607664227 -0.777366698 -0.225741237 -0.560316563 0.175462916
1403636649963555584.000000 8.611847878 8.927054405 -0.497281760 -0.777577460 -0.208315730 -0.570337892 0.163378820
1403636652013555456.000000 8.721536636 8.243409157 -0.480573475 -0.800926447 -0.053344075 -0.591805458 0.073740736
1403636654713555456.000000 8.407696724 6.979432583 -0.535570025 0.804510772 -0.146713406 0.567562461 0.095449373
1403636655013555456.000000 8.336855888 6.885953903 -0.527570486 0.797429919 -0.165445298 0.569099844 0.113397025
1403636655263555584.000000 8.277417183 6.817445755 -0.551533580 0.786273777 -0.171005026 0.582164824 0.116683573
1403636655663555584.000000 8.119973183 6.727064133 -0.582624912 0.784442186 -0.212741569 0.567242682 0.132768258
1403636656713555456.000000 7.611020088 6.387372017 -0.647571743 0.767193735 -0.282441318 0.545143902 0.185631096
1403636657413555456.000000 7.264008999 6.129860878 -0.684366703 0.762062252 -0.277895629 0.558941066 0.172104463
1403636659063555584.000000 6.240013123 5.304130554 -0.900727391 0.763809741 -0.277149975 0.544773459 0.207375437
1403636659363555584.000000 6.114901543 5.189498425 -0.986882031 0.762806773 -0.279400140 0.546554923 0.203319997
1403636659613555456.000000 6.016520977 5.115726948 -1.026142597 0.768919408 -0.280255139 0.537644029 0.202876851
1403636659913555456.000000 5.914453506 5.047352791 -1.092048764 0.765241683 -0.282467246 0.540210664 0.206857234
1403636660763555584.000000 5.799851894 4.911107540 -1.368678212 0.771814287 -0.279376656 0.528536737 0.216564998
1403636661063555584.000000 5.851169586 4.885684490 -1.491288066 0.763705671 -0.274013162 0.540496349 0.222562537
1403636663913555456.000000 6.109927654 5.377727985 -1.931349635 0.790857375 -0.271384358 0.499178976 0.227410719
1403636664263555584.000000 6.341750622 5.384419918 -1.947693110 0.772704422 -0.262549967 0.532663524 0.224198803
1403636664613555456.000000 6.614839077 5.462858677 -2.030342340 0.765335143 -0.263123512 0.551811099 0.201326996
1403636667313555456.000000 8.204814911 6.522294044 -1.920082688 0.773649335 -0.252725780 0.551632404 0.182478145
1403636668913555456.000000 8.948727608 6.834704399 -2.127393484 0.776389778 -0.252691358 0.536327720 0.213819057
1403636669663555584.000000 9.385081291 7.148965836 -2.197590351 0.753347754 -0.260615915 0.568287134 0.203951851
1403636670113555456.000000 9.534944534 7.437854290 -2.204385996 0.750132084 -0.294771731 0.574359596 0.143257216
1403636670313555456.000000 9.534350395 7.540086746 -2.178047180 0.739142478 -0.297253639 0.592788160 0.117944859
1403636670813555456.000000 9.287113190 7.603417397 -2.112980127 0.760624528 -0.239179388 0.601575732 0.048480108
1403636672263555584.000000 7.523019314 6.211894035 -1.627902150 -0.860121012 -0.014189076 -0.508622408 -0.035967819
1403636672463555584.000000 7.448621750 6.056454659 -1.551813602 -0.845360100 -0.026521858 -0.530593395 -0.055978376
1403636674463555584.000000 7.751440048 6.058720589 -1.681723595 -0.816654265 -0.059943765 -0.570595086 0.062481027
1403636677213555456.000000 9.322803497 7.580464840 -2.138203144 -0.751668572 -0.325749964 -0.529587686 0.220041707
1403636678013555456.000000 9.532718658 8.103403091 -2.181674480 -0.708838046 -0.406079292 -0.480120629 0.319581777
1403636680813555456.000000 9.370615005 8.540683746 -1.844954133 -0.487666160 -0.650098026 -0.375566334 0.445538104
1403636683713555456.000000 7.409946442 7.465318203 -1.842654705 -0.495171458 -0.646195054 -0.353616923 0.460643321
1403636686563555584.000000 5.870235443 5.870567799 -1.849079728 -0.501990139 -0.650785208 -0.342599094 0.455093831
1403636689313555456.000000 4.821228981 4.709763527 -2.226256132 -0.474295378 -0.673547566 -0.322849542 0.465989113
1403636689613555456.000000 4.685595989 4.624023914 -2.167080879 -0.471948355 -0.678134441 -0.314675272 0.467309237
1403636690063555584.000000 4.510608673 4.569935322 -2.080689669 -0.490667492 -0.668063939 -0.294049591 0.475889444
1403636690363555584.000000 4.435545444 4.613255501 -2.041076899 -0.482737929 -0.676351488 -0.310659528 0.461523056
1403636690563555584.000000 4.390187263 4.670169353 -2.002413750 -0.484997541 -0.670845866 -0.308328629 0.468696862
1403636690763555584.000000 4.353348255 4.745157242 -1.989315033 -0.496417284 -0.654558241 -0.291683584 0.489942998
1403636691413555456.000000 4.540087700 5.004634857 -2.016060114 -0.458028376 -0.641678572 -0.336847246 0.514774323
1403636691813555456.000000 4.831345081 5.053025246 -1.901463270 -0.456010580 -0.672016680 -0.330141962 0.481096864
1403636694413555456.000000 5.883709908 5.156193256 -1.266588211 -0.460088968 -0.673264980 -0.323219627 0.480168223
1403636694913555456.000000 5.924008369 5.271104336 -1.267878771 -0.468056500 -0.667869627 -0.317284316 0.483946294
1403636695913555456.000000 6.057289124 5.488495827 -1.268957615 -0.468389124 -0.667122185 -0.336307824 0.471653074
1403636698413555456.000000 5.679843426 5.301176548 -1.265155911 -0.557553530 -0.599008799 -0.396366656 0.416192174
1403636700963555584.000000 5.186411381 4.843869686 -1.722078681 -0.774167180 -0.266089290 -0.537153780 0.203291520
1403636702963555584.000000 5.678952217 4.473315239 -2.040571213 -0.809366524 -0.189467072 -0.541765094 0.124574296
1403636704863555584.000000 6.491539478 4.423444271 -2.235707045 -0.814174771 -0.206518352 -0.526175737 0.132698059
1403636705213555456.000000 6.719679356 4.488941193 -2.300321102 -0.804517567 -0.210634127 -0.538889706 0.134099886
1403636706013555456.000000 7.325939178 4.825543880 -2.400333881 -0.794739902 -0.194382399 -0.552548587 0.159041330
1403636706363555584.000000 7.599813461 4.970403671 -2.426606417 -0.789897144 -0.206363201 -0.557547927 0.150390178
1403636706813555456.000000 7.924809933 5.147670746 -2.475854397 -0.798536062 -0.215642646 -0.545302868 0.135953173
1403636707313555456.000000 8.279494286 5.411985397 -2.431892395 -0.799029410 -0.204523593 -0.550738752 0.128097907
1403636710263555584.000000 10.063638687 7.179135323 -2.551460743 -0.789164007 -0.204891920 -0.564529657 0.128630117
1403636712813555456.000000 9.646163940 8.334849358 -2.450049162 -0.722388685 -0.334178358 -0.550321162 0.252242118
1403636715363555584.000000 8.114105225 7.715795040 -1.956361294 -0.697362065 -0.443775445 -0.473779649 0.303780168
1403636718313555456.000000 7.279395580 6.689556122 -1.920156717 -0.589404166 -0.564773977 -0.421163857 0.395289868
1403636721163555584.000000 6.173623562 5.693155766 -2.208929777 -0.590720415 -0.559589386 -0.408819199 0.413250625
1403636723663555584.000000 5.925310135 4.846091270 -2.234481573 -0.637174070 -0.486383349 -0.474300265 0.363977760
1403636726163555584.000000 5.479247093 4.199001312 -1.917601109 -0.704037547 -0.414631516 -0.492393017 0.299935222
1403636729013555456.000000 4.957801342 3.587602377 -1.355319381 -0.663469732 -0.464430898 -0.483680636 0.331911087
1403636731963555584.000000 4.020608425 2.878925562 -1.318982244 -0.662999392 -0.472740710 -0.464182198 0.348544091
1403636734763555584.000000 3.161059380 1.992448688 -1.147572637 -0.657372117 -0.492569059 -0.456341982 0.342037588
1403636737613555456.000000 2.217641354 1.597117901 -0.944342434 -0.626577795 -0.529456675 -0.430935681 0.375992507
1403636738113555456.000000 2.082404613 1.565760136 -0.821247697 -0.632639110 -0.524327934 -0.424569100 0.380248725
1403636741013555456.000000 2.409355879 1.443173170 -1.195429921 -0.743817627 -0.329723060 -0.532897472 0.232461423
1403636743663555584.000000 2.736096859 1.469905496 -1.910120845 -0.770946205 -0.305347621 -0.515275061 0.216556266
1403636746563555584.000000 3.410759449 1.813197255 -2.757630825 -0.764078677 -0.257268876 -0.561756968 0.185541749
1403636749063555584.000000 3.382817030 2.369894266 -2.251008272 -0.781753361 -0.226348668 -0.545213878 0.200922772
1403636750563555584.000000 3.414266825 2.353553057 -1.930194855 -0.768952787 -0.257133454 -0.553404689 0.190623567
1403636751413555456.000000 3.214538336 2.316097736 -1.483757019 -0.781160891 -0.262164921 -0.534045279 0.189348489
1403636751913555456.000000 3.141894579 2.321924448 -1.295175552 -0.783245444 -0.270396024 -0.519973814 0.207460493
1403636754713555456.000000 2.779185057 2.342937708 -0.855544031 -0.630621910 -0.506636500 -0.468122602 0.355663717
1403636756313555456.000000 1.800878882 2.038017035 -0.780574799 -0.609224916 -0.537302732 -0.441461951 0.381132871
1403636756663555584.000000 1.559993267 1.977960944 -0.767483115 -0.606366932 -0.538342834 -0.441665679 0.383976191
1403636756963555584.000000 1.348606229 1.903281331 -0.750314653 -0.604623973 -0.538729727 -0.440569580 0.387425631
1403636757313555456.000000 1.100791454 1.787219167 -0.725280643 -0.603800774 -0.540827096 -0.439803004 0.386657655
1403636757613555456.000000 0.883828521 1.673300505 -0.737525761 -0.603950799 -0.555934191 -0.428681314 0.377376467
1403636757913555456.000000 0.654752493 1.584129095 -0.691524148 -0.604571521 -0.574878752 -0.403554797 0.375700891
1403636758413555456.000000 0.284483254 1.516371489 -0.590917408 -0.591304004 -0.563029528 -0.411272943 0.405230880
1403636758763555584.000000 0.061690401 1.486664653 -0.608161986 -0.611106277 -0.562898636 -0.385065258 0.401769757
1403636759263555584.000000 -0.147278562 1.507993937 -0.670036137 -0.605919242 -0.538665116 -0.391119212 0.435577273
1403636759613555456.000000 -0.198434398 1.495005250 -0.761260867 -0.587983847 -0.557676971 -0.415543377 0.413031667
1403636760013555456.000000 -0.221367493 1.446189046 -0.802189112 -0.591542840 -0.567319155 -0.408978134 0.401201844
1403636760513555456.000000 -0.240104243 1.395628691 -0.865038157 -0.585000455 -0.562568665 -0.419513881 0.406569988
1403636760813555456.000000 -0.252019644 1.360346913 -0.911905825 -0.587146163 -0.573493063 -0.414578706 0.393051624
1403636761163555584.000000 -0.288894624 1.328246117 -0.959875643 -0.594781995 -0.578580379 -0.401506335 0.387649238
1403636761463555584.000000 -0.333295375 1.333979964 -0.983671665 -0.592239141 -0.576933146 -0.404777557 0.390584469
1403636761963555584.000000 -0.400230944 1.372883916 -0.968307137 -0.593539596 -0.556895256 -0.406817645 0.414822817
1403636762363555584.000000 -0.432834268 1.382380009 -0.943551898 -0.592602551 -0.581335843 -0.411593348 0.376114100
1403636762663555584.000000 -0.483199298 1.417119980 -0.986408651 -0.609284341 -0.546578288 -0.387456357 0.424148917
1403636762913555456.000000 -0.484594822 1.432122707 -1.031263947 -0.579378784 -0.534503043 -0.429993093 0.440150887
1403636763163555584.000000 -0.460225850 1.391424298 -1.046154857 -0.611518323 -0.511260986 -0.436259955 0.417534322
1403636763413555456.000000 -0.458626360 1.380886316 -1.063680291 -0.622047722 -0.512393594 -0.424888790 0.412284970
1403636763613555456.000000 -0.459113032 1.365767360 -1.073328137 -0.622008145 -0.512285709 -0.425094038 0.412267417
