1403638147795097088.000000 -1.495473385 -0.164531484 -3.268308401 -0.577745259 -0.607621610 -0.371871650 0.398394346
1403638148095097088.000000 -1.496046782 -0.137273863 -3.233793020 -0.569390535 -0.590166867 -0.392210066 0.416735917
1403638149595097088.000000 -1.585778356 0.112381235 -2.863589048 -0.551561058 -0.604930460 -0.385245025 0.425941229
1403638151945096960.000000 -2.583076000 0.705875337 -2.822361708 -0.391066223 -0.725406170 -0.276176423 0.494549960
1403638152395097088.000000 -2.911312819 0.817587852 -2.737713337 -0.387346476 -0.728352189 -0.281349748 0.490212321
1403638153445096960.000000 -3.890805721 1.044650674 -2.633158684 -0.331070036 -0.761211932 -0.227638349 0.509048104
1403638153745096960.000000 -4.211714745 1.118370652 -2.572549343 -0.282147110 -0.781287789 -0.208730668 0.516152918
1403638154045096960.000000 -4.564783573 1.184143543 -2.536095381 -0.255919218 -0.782372832 -0.187527761 0.535939693
1403638154295097088.000000 -4.862972260 1.226764560 -2.542337656 -0.245732263 -0.776235700 -0.191575363 0.548062623
1403638155145096960.000000 -5.792916298 1.171061873 -2.490675926 -0.202801064 -0.789674938 -0.169563815 0.553654552
1403638155545096960.000000 -6.213228226 1.037845254 -2.458802462 -0.164654791 -0.787789643 -0.149555415 0.574377596
1403638155695097088.000000 -6.365083694 0.965936124 -2.471291780 -0.147865415 -0.786408722 -0.126479924 0.586259305
1403638155845096960.000000 -6.508344650 0.882019401 -2.492605448 -0.125048429 -0.789822519 -0.101765655 0.591766119
1403638156245096960.000000 -6.833263397 0.626810491 -2.521594524 -0.049901649 -0.820197225 -0.030502705 0.569083452
1403638156645096960.000000 -7.129157543 0.393096328 -2.537537098 -0.015523821 -0.828780591 0.001089582 0.559357226
1403638157045096960.000000 -7.475270271 0.204729229 -2.603833675 -0.017793195 -0.830370963 -0.001697244 0.556924224
1403638157295097088.000000 -7.730748177 0.104629636 -2.623491287 -0.022072501 -0.832894385 -0.003806949 0.552978635
1403638158145096960.000000 -8.667340279 -0.225905687 -2.547993660 0.078520350 -0.813778281 0.056950368 0.573023736
1403638158395097088.000000 -8.948559761 -0.331049025 -2.518208265 0.091690555 -0.812967062 0.066908866 0.571139812
1403638158595097088.000000 -9.168101311 -0.412380338 -2.510857344 0.097932681 -0.811268926 0.059867695 0.573295593
1403638159195097088.000000 -9.795391083 -0.658342957 -2.476822853 0.081665486 -0.836513340 0.067239992 0.537638366
1403638159895097088.000000 -10.606246948 -0.837161779 -2.309906721 0.062398519 -0.788934469 0.092213877 0.604305923
1403638160295097088.000000 -10.918729782 -0.778828025 -2.080427408 0.083676003 -0.812230945 0.068853967 0.573182702
1403638160695097088.000000 -11.200808525 -0.707811058 -1.793324232 0.086461551 -0.822647035 0.065906823 0.558061421
1403638160995097088.000000 -11.432332039 -0.648486972 -1.613410473 0.054791104 -0.804470658 0.070802122 0.587206960
1403638161395097088.000000 -11.679094315 -0.513209522 -1.429378152 -0.017372863 -0.812995076 0.010514027 0.581916511
1403638161795097088.000000 -11.897746086 -0.350398272 -1.307023048 -0.060262982 -0.821416080 -0.013870126 0.566966951
1403638161995097088.000000 -12.011391640 -0.256230175 -1.270014524 -0.075727135 -0.814740121 -0.025861662 0.574277937
1403638163345096960.000000 -12.725364685 0.760540187 -0.876078427 -0.129474834 -0.801957905 -0.065738745 0.579463720
1403638165945096960.000000 -12.555846214 3.584273815 -0.550361276 -0.204290107 -0.775779307 -0.141301870 0.580056667
1403638166145096960.000000 -12.419825554 3.790048838 -0.575081825 -0.202710718 -0.789744496 -0.140030339 0.561785996
1403638166345096960.000000 -12.286344528 3.986479759 -0.533839643 -0.195892990 -0.793874860 -0.141626403 0.557970166
1403638166745096960.000000 -12.047477722 4.345244884 -0.359837472 -0.194634467 -0.795258403 -0.131720081 0.558866203
1403638166945096960.000000 -11.934510231 4.510282993 -0.325434923 -0.211140379 -0.805322766 -0.104691677 0.543980479
1403638167345096960.000000 -11.774154663 4.906648636 -0.248578519 -0.200959235 -0.814165950 -0.118184015 0.531772375
1403638168095097088.000000 -11.681927681 5.808125973 -0.095693439 -0.264981002 -0.777243674 -0.131907523 0.555227637
1403638169045096960.000000 -11.525324821 7.257233620 0.092857778 -0.301796645 -0.777302980 -0.216672197 0.507712662
1403638169245096960.000000 -11.547582626 7.558321476 0.077246144 -0.303600490 -0.765529275 -0.205061868 0.528905690
1403638169445096960.000000 -11.581052780 7.858080387 0.041370381 -0.327271193 -0.741382957 -0.193249613 0.553081810
1403638169645096960.000000 -11.581502914 8.173120499 0.002600219 -0.351731688 -0.723791957 -0.213327914 0.553986788
1403638170045096960.000000 -11.477914810 8.767417908 0.027835295 -0.394508541 -0.693400264 -0.305844724 0.519632638
1403638170445096960.000000 -11.342772484 9.252564430 0.041156895 -0.477773398 -0.642012298 -0.337309808 0.495757043
1403638170645096960.000000 -11.249609947 9.454940796 0.034960598 -0.515404105 -0.608508945 -0.348739445 0.492398560
1403638170895097088.000000 -11.090240479 9.670682907 0.063956201 -0.548571587 -0.576534033 -0.375112593 0.475361109
1403638171195097088.000000 -10.848931313 9.872330666 0.070260726 -0.580657601 -0.541509330 -0.401319265 0.456669867
1403638171895097088.000000 -10.057410240 10.050698280 0.022783590 -0.613983035 -0.486824065 -0.422913045 0.455161363
1403638172345096960.000000 -9.352828026 9.874966621 0.028028086 -0.616924942 -0.480778933 -0.442270577 0.438921452
1403638172545096960.000000 -9.012884140 9.722213745 -0.028474681 -0.615028024 -0.477545917 -0.442948729 0.444395065
1403638172745096960.000000 -8.655379295 9.531386375 -0.117089570 -0.614168406 -0.476138145 -0.439043969 0.450921237
1403638172945096960.000000 -8.275170326 9.294985771 -0.220997721 -0.614781141 -0.477338016 -0.431310534 0.456249624
1403638174045096960.000000 -5.916489601 7.473201275 -1.167867780 -0.616719663 -0.514936745 -0.434591800 0.406973064
1403638174645096960.000000 -4.697417259 6.364950180 -1.687457323 -0.628089845 -0.534281969 -0.417812377 0.381416887
1403638174845096960.000000 -4.307027340 6.027957916 -1.828103185 -0.630883038 -0.541530609 -0.413393706 0.371263981
1403638175095097088.000000 -3.841551781 5.653630733 -1.968172073 -0.633416116 -0.541882753 -0.412864000 0.367002010
1403638175295097088.000000 -3.485447168 5.399811268 -2.062928438 -0.635843456 -0.540970385 -0.414580971 0.362183392
1403638175495097088.000000 -3.144069195 5.186225414 -2.129642487 -0.642186046 -0.550821364 -0.407249540 0.344006896
1403638176145096960.000000 -2.170623302 4.899464607 -2.271269083 -0.630168021 -0.566771805 -0.417514384 0.327627540
1403638177195097088.000000 -1.252008677 5.113101006 -2.306065083 -0.615604222 -0.548659921 -0.442995518 0.351793617
1403638177595097088.000000 -1.102569580 5.252556324 -2.384043455 -0.624227822 -0.538231909 -0.433506131 0.364305466
1403638178445096960.000000 -0.823575258 5.515078068 -2.493033409 -0.659282863 -0.459442466 -0.467538863 0.368328840
1403638179095097088.000000 -0.507598877 5.457721233 -2.556856155 -0.738774657 -0.378242582 -0.481023133 0.282420337
1403638179345096960.000000 -0.344212294 5.419788837 -2.604475260 -0.751848102 -0.369443685 -0.484869003 0.251272738
1403638179795097088.000000 0.000706457 5.408823013 -2.730226755 -0.770648181 -0.283048779 -0.527957499 0.217360646
1403638180445096960.000000 0.545734644 5.368182659 -2.809903860 -0.800769627 -0.227136478 -0.527385056 0.170417100
1403638180795097088.000000 0.886146307 5.365562439 -2.874060869 -0.802863121 -0.238479331 -0.521513164 0.162980139
1403638180995097088.000000 1.098110914 5.375798702 -2.883176565 -0.802053034 -0.241417482 -0.519198656 0.169886455
1403638181745096960.000000 1.990170956 5.411087513 -3.012694597 -0.793869555 -0.154954091 -0.566845238 0.156354994
1403638182195097088.000000 2.509629488 5.274062634 -3.003502369 -0.822164893 -0.104240201 -0.552394509 0.089661919
1403638182495097088.000000 2.862153053 5.164377213 -2.975148678 -0.832254350 -0.093806013 -0.539319038 0.087682821
1403638182695097088.000000 3.120584488 5.087710381 -2.933261871 -0.833433986 -0.106779583 -0.536881208 0.075793363
1403638183645096960.000000 4.459940434 4.856510162 -2.868419409 -0.827863455 -0.124252982 -0.542057395 0.073327944
1403638183945096960.000000 4.913974285 4.839369774 -2.847314358 -0.810266018 -0.123174556 -0.568086386 0.074665025
1403638184245096960.000000 5.334867477 4.859320164 -2.797132492 -0.822559595 -0.121325105 -0.550671220 0.073737741
1403638184695097088.000000 5.966935158 4.949411869 -2.754116535 -0.815067291 -0.117873289 -0.562330246 0.074537292
1403638185095097088.000000 6.500907421 5.087337971 -2.695870638 -0.814637780 -0.118719123 -0.563174248 0.071455680
1403638185495097088.000000 7.003925800 5.265132904 -2.632892370 -0.807095110 -0.136153117 -0.570832968 0.064880222
1403638185945096960.000000 7.492409706 5.561470509 -2.580903769 -0.805467844 -0.152612433 -0.558675110 0.125750735
1403638186245096960.000000 7.785444736 5.747808933 -2.546319008 -0.807564020 -0.163902596 -0.553699791 0.119970612
1403638186545096960.000000 8.082241058 5.925563335 -2.491117239 -0.806957185 -0.169692472 -0.554801226 0.110544726
1403638186795097088.000000 8.324500084 6.075197220 -2.469581127 -0.803689420 -0.180944398 -0.558362722 0.097844191
1403638189445096960.000000 8.900618553 7.651003361 -1.993951201 -0.724824429 -0.371490955 -0.517062724 0.263192207
1403638190045096960.000000 8.489381790 7.663827896 -1.883910656 -0.737133384 -0.399969578 -0.474447846 0.267503262
1403638190495097088.000000 8.244146347 7.772497654 -1.843807220 -0.691651642 -0.414600551 -0.527036428 0.268248171
1403638193445096960.000000 5.688856125 8.202101707 -1.381890059 -0.667852700 -0.429284453 -0.509160578 0.332329988
1403638196045096960.000000 3.280126572 6.776261330 -1.211110592 -0.705632269 -0.452767909 -0.454519749 0.300825924
1403638196395097088.000000 3.116468668 6.798472404 -1.165507555 -0.694420576 -0.446609974 -0.470741153 0.311002135
1403638196595097088.000000 3.032680750 6.820672035 -1.159539938 -0.698677599 -0.447511762 -0.465087175 0.308669388
1403638196895097088.000000 2.930446386 6.884459496 -1.192039132 -0.705328643 -0.449145854 -0.456790477 0.303516209
1403638198645096960.000000 2.322002649 7.427716732 -1.184074759 -0.667686462 -0.457392812 -0.507433116 0.295801282
1403638199045096960.000000 1.987686038 7.478651524 -1.308231115 -0.655283272 -0.465856224 -0.522629797 0.283619374
1403638199495097088.000000 1.360183358 7.541856289 -1.246863842 -0.654792190 -0.462285101 -0.525663018 0.284987777
1403638199695097088.000000 1.001322269 7.556641102 -1.167007089 -0.653847754 -0.472241312 -0.516383648 0.287783504
1403638199895097088.000000 0.599855125 7.579783916 -1.077484488 -0.661332786 -0.472032100 -0.491706789 0.313127965
1403638200145096960.000000 0.087632492 7.612747669 -0.999466181 -0.650641263 -0.488484263 -0.482286453 0.324728906
1403638200395097088.000000 -0.452604532 7.639837742 -0.915419519 -0.615855753 -0.512071967 -0.485017389 0.351087242
1403638200645096960.000000 -1.012920737 7.650059700 -0.805396020 -0.587776721 -0.545583427 -0.481655717 0.353362620
1403638200895097088.000000 -1.616190076 7.643802643 -0.676490963 -0.574250042 -0.569511890 -0.467313647 0.357087016
1403638201095097088.000000 -2.131241560 7.631127834 -0.601769269 -0.581751525 -0.563474894 -0.448765725 0.377717674
1403638201295097088.000000 -2.648853779 7.616994381 -0.562932849 -0.584390581 -0.560076892 -0.445510477 0.382520556
1403638201495097088.000000 -3.159958839 7.594158173 -0.552507758 -0.583800733 -0.559456348 -0.448835850 0.380436331
1403638201695097088.000000 -3.673125982 7.568127155 -0.573135912 -0.582984865 -0.556327462 -0.453617126 0.380604595
1403638201945096960.000000 -4.326028824 7.523200989 -0.629020989 -0.584656179 -0.554130197 -0.450337678 0.385114163
1403638202245096960.000000 -5.125171661 7.429037094 -0.673409522 -0.586028039 -0.565488577 -0.422718734 0.397621393
1403638202695097088.000000 -6.271439552 7.279680729 -0.709561586 -0.590093970 -0.570266485 -0.405494452 0.402690351
1403638202945096960.000000 -6.853940010 7.214153290 -0.778773546 -0.588565588 -0.569139481 -0.408785105 0.403194100
1403638203145096960.000000 -7.295126915 7.165552139 -0.811488390 -0.587032795 -0.568067074 -0.411350697 0.404330224
1403638203345096960.000000 -7.713851452 7.110520840 -0.824737787 -0.582644284 -0.565363467 -0.416960210 0.408698082
1403638203545096960.000000 -8.112432480 7.047678471 -0.858536780 -0.582760036 -0.563581586 -0.415285885 0.412679493
1403638203945096960.000000 -8.850031853 6.917025566 -0.901943564 -0.581212938 -0.565057814 -0.414453804 0.413677782
1403638204145096960.000000 -9.189416885 6.836368084 -0.871559918 -0.584574878 -0.566975951 -0.406585932 0.414123654
1403638204345096960.000000 -9.507251740 6.751293182 -0.817881525 -0.598269165 -0.564008415 -0.386124521 0.418182403
1403638204595097088.000000 -9.853060722 6.661789894 -0.750484407 -0.605364084 -0.560511470 -0.375687629 0.422161162
1403638204895097088.000000 -10.194888115 6.580859184 -0.720081985 -0.567158341 -0.593999505 -0.383062243 0.422799587
1403638205145096960.000000 -10.458623886 6.521820068 -0.728910744 -0.503631651 -0.646448910 -0.359972626 0.445958257
1403638205345096960.000000 -10.676933289 6.474155426 -0.720662057 -0.435966015 -0.689757824 -0.318601608 0.482349217
1403638205545096960.000000 -10.896553993 6.423402309 -0.684577823 -0.364788651 -0.723329067 -0.293137759 0.507734716
1403638205745096960.000000 -11.116756439 6.351684570 -0.628134251 -0.315038085 -0.736933470 -0.295001417 0.520244479
1403638205945096960.000000 -11.350039482 6.240584850 -0.560125291 -0.283852011 -0.750854850 -0.273119807 0.530142069
1403638206245096960.000000 -11.724454880 5.993400097 -0.422968507 -0.235022470 -0.768230915 -0.224101871 0.551692069
1403638206495097088.000000 -12.031480789 5.739113808 -0.329918981 -0.216682568 -0.768864095 -0.183524221 0.572901070
1403638206995097088.000000 -12.530589104 5.152399063 -0.244227141 -0.194026619 -0.770314157 -0.153848752 0.587622643
1403638207245096960.000000 -12.712496758 4.837279320 -0.278403431 -0.186217457 -0.767117798 -0.149797007 0.595327079
1403638207545096960.000000 -12.864275932 4.435082912 -0.352472484 -0.148103312 -0.772416294 -0.121425830 0.605552912
1403638207795097088.000000 -12.919492722 4.085592270 -0.364674270 -0.126812786 -0.792819738 -0.089117013 0.589417934
1403638208095097088.000000 -12.937625885 3.687212706 -0.340081751 -0.122759327 -0.802022755 -0.077612475 0.579366922
1403638208395097088.000000 -12.927008629 3.326427937 -0.341728747 -0.126589552 -0.798697114 -0.079173975 0.582914650
1403638208645096960.000000 -12.893658638 3.043527365 -0.364298224 -0.112815730 -0.804956555 -0.067950800 0.578532815
1403638208895097088.000000 -12.842264175 2.779864073 -0.358681113 -0.093052298 -0.805810213 -0.052385572 0.582466245
1403638209145096960.000000 -12.781347275 2.536452532 -0.366103232 -0.083274946 -0.805781066 -0.046005622 0.584521830
1403638209395097088.000000 -12.703170776 2.308807373 -0.411816269 -0.082384318 -0.806461215 -0.041892000 0.584019065
1403638209645096960.000000 -12.615256310 2.102599382 -0.512813985 -0.084032886 -0.803176403 -0.040724453 0.588377118
1403638209895097088.000000 -12.519769669 1.917607069 -0.717042625 -0.081055135 -0.802855730 -0.048450824 0.588646948
1403638210195097088.000000 -12.375308990 1.710066438 -1.014450192 -0.078834459 -0.789194047 -0.052442387 0.606801271
1403638210445096960.000000 -12.211923599 1.545020342 -1.238803625 -0.079387240 -0.789732516 -0.052331366 0.606037617
1403638210695097088.000000 -12.003581047 1.383371353 -1.479972601 -0.083319947 -0.787191570 -0.049533978 0.609043241
1403638210945096960.000000 -11.739305496 1.224449158 -1.704627037 -0.085477062 -0.791887939 -0.047357187 0.602797270
1403638211195097088.000000 -11.439511299 1.077266097 -1.880780339 -0.088718243 -0.799106836 -0.041719031 0.593141615
1403638211445096960.000000 -11.131120682 0.952248454 -2.015675783 -0.099507473 -0.800199687 -0.048554827 0.589424491
1403638211695097088.000000 -10.800702095 0.849881113 -2.169912577 -0.140958726 -0.793401062 -0.070002474 0.588001013
1403638211945096960.000000 -10.452503204 0.775214195 -2.337859631 -0.204857811 -0.782148361 -0.099634446 0.579957008
1403638212195097088.000000 -10.087529182 0.736861348 -2.463423014 -0.256743252 -0.767742455 -0.142540038 0.569505632
1403638212445096960.000000 -9.702436447 0.721800029 -2.536707401 -0.305294424 -0.751070559 -0.184721306 0.555487454
1403638212695097088.000000 -9.297274590 0.718874693 -2.561164379 -0.357063711 -0.729044795 -0.218668491 0.541464150
1403638212995097088.000000 -8.787276268 0.723766446 -2.538469791 -0.421524227 -0.697368920 -0.263558328 0.516266406
1403638213295097088.000000 -8.258530617 0.744099557 -2.495966673 -0.500235319 -0.656836271 -0.291602939 0.483009726
1403638213545096960.000000 -7.798570633 0.790661216 -2.499538898 -0.565594494 -0.616167068 -0.303238243 0.456604540
1403638213795097088.000000 -7.306670189 0.878605306 -2.505567551 -0.565108776 -0.592468619 -0.363950312 0.444042057
1403638213995097088.000000 -6.910223007 0.956574023 -2.486264944 -0.563747406 -0.590584099 -0.377830744 0.436627269
1403638214245096960.000000 -6.425628662 1.053170443 -2.439258099 -0.569345415 -0.606184959 -0.364080608 0.419321984
1403638214545096960.000000 -5.868218422 1.201082468 -2.407414198 -0.561768532 -0.614466488 -0.359642118 0.421312869
1403638215445096960.000000 -4.333116531 1.659636021 -2.571398497 -0.533737361 -0.617299199 -0.379897952 0.435595870
1403638215745096960.000000 -3.891545773 1.770928144 -2.610971451 -0.534247279 -0.613899946 -0.379262537 0.440302968
1403638216345096960.000000 -3.103314877 1.920184493 -2.689069510 -0.545864701 -0.600988686 -0.389648229 0.434762746
1403638219095097088.000000 -1.597218513 1.641934156 -2.805517197 -0.613929808 -0.543613195 -0.411259115 0.398046434
1403638220945096960.000000 -1.584920764 0.779761672 -2.829019785 -0.611720741 -0.543330789 -0.430820853 0.380766243
1403638221245096960.000000 -1.586052775 0.626891077 -2.866202593 -0.615411699 -0.543869734 -0.428058803 0.377147019
1403638221545096960.000000 -1.597300172 0.483271778 -2.871034384 -0.621620297 -0.541001856 -0.420915186 0.379124969
1403638222045096960.000000 -1.600940228 0.274640858 -2.887230158 -0.614931822 -0.539090931 -0.429922253 0.382631451
1403638222445096960.000000 -1.604492545 0.123676226 -2.875667095 -0.624103069 -0.548362494 -0.417308718 0.368303418
1403638222845096960.000000 -1.611965775 0.026149012 -2.919696331 -0.615510702 -0.539781749 -0.429544479 0.381148070
1403638223195097088.000000 -1.627870560 -0.059407853 -2.957129717 -0.618618011 -0.541478574 -0.424648046 0.379192263
1403638223495097088.000000 -1.641695142 -0.134955898 -2.965044260 -0.629573047 -0.532824099 -0.409279019 0.390162826
1403638223745096960.000000 -1.626485109 -0.182265908 -2.997572660 -0.619625270 -0.538128495 -0.424149692 0.382856816
1403638224045096960.000000 -1.603386998 -0.233373731 -3.047092199 -0.614404082 -0.547198534 -0.431476504 0.370012909
1403638224345096960.000000 -1.601491690 -0.265869200 -3.099307775 -0.619512916 -0.549040914 -0.423797131 0.367632687
1403638224645096960.000000 -1.613729358 -0.272852123 -3.139194965 -0.614647806 -0.538383782 -0.430999428 0.382871509
1403638224945096960.000000 -1.631572247 -0.277276546 -3.162976265 -0.622716188 -0.538998127 -0.418948770 0.382344961
1403638225195097088.000000 -1.639258862 -0.268759370 -3.155488968 -0.617772043 -0.537521422 -0.423843861 0.387020379
1403638225445096960.000000 -1.640081286 -0.262985557 -3.144687414 -0.615625799 -0.543356657 -0.425982088 0.379878670
1403638225795097088.000000 -1.647196531 -0.260708600 -3.193772554 -0.604896903 -0.535581946 -0.440955222 0.390909463
1403638226095097088.000000 -1.668638468 -0.269886851 -3.281865597 -0.630850255 -0.545045674 -0.399779618 0.380958676
1403638226495097088.000000 -1.679000020 -0.248965010 -3.305860758 -0.619910657 -0.551782548 -0.416911304 0.370717973
1403638227045096960.000000 -1.661973715 -0.263542771 -3.303988934 -0.618893862 -0.552690744 -0.418063372 0.369765252
1403638227595097088.000000 -1.659873366 -0.305402875 -3.283811808 -0.619403601 -0.553102911 -0.416928858 0.369576454
1403638228095097088.000000 -1.667309165 -0.369142860 -3.258890867 -0.619597554 -0.553873420 -0.416288048 0.368818909
1403638228495097088.000000 -1.678771734 -0.431265593 -3.239549875 -0.619704902 -0.553970456 -0.415765584 0.369082212
1403638228795097088.000000 -1.689305544 -0.485232711 -3.222271204 0.619780958 0.554073155 0.415585995 -0.369002372
