1403638538777829376.000000 4.126713753 3.803153992 5.875648975 -0.574723899 -0.610600770 -0.371576101 0.398485214
1403638539027829504.000000 4.124587059 3.814186573 5.876351833 -0.569510400 -0.604917288 -0.379592121 0.406992495
1403638539277829376.000000 4.120900631 3.834020138 5.902672291 -0.561942875 -0.595009208 -0.390788972 0.421269894
1403638540527829504.000000 4.078280449 4.081597805 6.105571747 -0.552848637 -0.616306901 -0.374267131 0.417670071
1403638542727829504.000000 2.975759983 4.964466095 6.363533974 -0.275660574 -0.764513552 -0.237476364 0.532104492
1403638543077829376.000000 2.696984768 4.975540638 6.451705456 -0.293513507 -0.769735456 -0.207620665 0.527494967
1403638543477829376.000000 2.365960598 4.966605663 6.521636963 -0.295132011 -0.770202696 -0.203796223 0.527401209
1403638543627829504.000000 2.237746477 4.962044239 6.530109406 -0.276288867 -0.778393447 -0.194702342 0.529017210
1403638545277829376.000000 0.663889945 4.905488491 6.726367474 -0.168135166 -0.804807961 -0.114516251 0.557584882
1403638545627829504.000000 0.342417508 4.901050091 6.680450916 -0.154898733 -0.806323886 -0.101566717 0.561722636
1403638545977829376.000000 0.025050409 4.889893532 6.701097012 -0.083360463 -0.820231557 -0.058891807 0.562852502
1403638546327829504.000000 -0.289698631 4.873653412 6.741699219 -0.035527624 -0.824923337 -0.029655097 0.563346982
1403638546727829504.000000 -0.665486157 4.841752529 6.735937119 -0.018562710 -0.825874090 -0.014647597 0.563358724
1403638546927829504.000000 -0.864083827 4.819521427 6.772252083 -0.006459613 -0.826793134 -0.013094003 0.562316656
1403638547727829504.000000 -1.693472266 4.626632214 6.753733635 -0.008368022 -0.828188121 -0.009544278 0.560306609
1403638548127829504.000000 -2.145113945 4.472980022 6.695215225 0.000574246 -0.828734100 -0.009245477 0.559565902
1403638548777829376.000000 -2.923938990 4.150343418 6.765404701 0.068254381 -0.826358557 0.042892236 0.557344794
1403638549227829504.000000 -3.485983610 3.913018227 6.879248619 0.072335705 -0.825675547 0.048923548 0.557345450
1403638549427829504.000000 -3.742421389 3.805669785 6.960865974 0.067579195 -0.824537516 0.053008061 0.559250593
1403638550027829504.000000 -4.528709888 3.503443480 7.171664715 0.063064761 -0.824479640 0.053705804 0.559796214
1403638550227829504.000000 -4.805532455 3.411330462 7.282777786 0.062899008 -0.825209737 0.055701021 0.558542788
1403638550627829504.000000 -5.361931324 3.245440483 7.518647194 0.059837390 -0.822059333 0.062491227 0.562790334
1403638551027829504.000000 -5.908097744 3.126022816 7.678205967 0.055724394 -0.804859996 0.066524014 0.587085843
1403638551427829504.000000 -6.367217541 3.084447622 7.828769207 0.037100840 -0.808576763 0.067710392 0.583303034
1403638553627829504.000000 -7.545158863 4.610207558 8.280052185 -0.048149899 -0.787745655 -0.031274445 0.613319099
1403638556077829376.000000 -6.003828049 6.619657516 8.635753632 -0.094733357 -0.815414786 -0.056700822 0.568251193
1403638558327829504.000000 -5.280894279 8.970499039 8.945350647 -0.097536080 -0.832673311 -0.056395203 0.542182207
1403638560927829504.000000 -6.276002407 11.652627945 8.828762054 -0.313254327 -0.742752969 -0.189124703 0.560733140
1403638563377829376.000000 -5.339186668 12.834987640 8.674276352 -0.557476699 -0.576505244 -0.378571391 0.462109566
1403638563777829376.000000 -4.983543396 12.839067459 8.607793808 -0.562996447 -0.572845101 -0.380201668 0.458617628
1403638564027829504.000000 -4.715336323 12.793926239 8.619597435 -0.559989274 -0.574466348 -0.374126047 0.465220571
1403638565227829504.000000 -2.924911737 12.151124001 8.514902115 -0.551641285 -0.581733763 -0.359338373 0.477654248
1403638566627829504.000000 -0.227701515 10.782750130 7.792417526 -0.545026243 -0.604746401 -0.379274637 0.439748853
1403638566827829504.000000 0.118411757 10.564728737 7.629696846 -0.555895209 -0.624223590 -0.358318597 0.415852368
1403638567077829376.000000 0.529205859 10.330967903 7.415659904 -0.552060068 -0.626619399 -0.357953489 0.417668700
1403638567327829504.000000 0.913809180 10.134888649 7.189837456 -0.534083307 -0.611867428 -0.384347081 0.438919783
1403638570227829504.000000 2.955612659 8.963025093 6.245685577 -0.546292186 -0.615815639 -0.384852022 0.417402595
1403638572927829504.000000 4.828032970 8.127153397 5.788881779 -0.771820068 -0.320288301 -0.505710304 0.214397565
1403638573227829504.000000 5.218609810 8.033308983 5.821372509 -0.772023380 -0.327394277 -0.501447260 0.212940335
1403638573477829376.000000 5.556063652 7.994718075 5.842172146 -0.772011817 -0.329661816 -0.501103878 0.210275561
1403638573677829376.000000 5.835292816 7.994913101 5.887814999 -0.772793770 -0.329256237 -0.502476990 0.204687759
1403638574277829376.000000 6.663284302 8.093509674 6.003338337 -0.784423649 -0.201127037 -0.556271911 0.186518520
1403638574527829504.000000 6.984592438 8.100624084 6.003843307 -0.800133944 -0.148427129 -0.562788606 0.144996479
1403638574827829504.000000 7.353936195 8.069383621 6.040494919 -0.806941748 -0.129166037 -0.566884935 0.103935845
1403638575227829504.000000 7.825989723 8.015790939 6.074274540 -0.817304254 -0.118252054 -0.552508175 0.112982832
1403638575577829376.000000 8.257346153 7.944738865 6.047935963 -0.823004425 -0.131030843 -0.541413009 0.111205742
1403638575827829504.000000 8.591584206 7.888439178 6.054028034 -0.825565100 -0.149175674 -0.535635233 0.096351825
1403638576527829504.000000 9.628946304 7.858079433 6.243982315 -0.819970429 -0.163858905 -0.542783976 0.078640774
1403638576777829376.000000 10.020198822 7.913927078 6.276117325 -0.814986587 -0.168844208 -0.549705982 0.071496777
1403638577027829504.000000 10.402199745 8.017178535 6.279693127 -0.808040142 -0.157509312 -0.560876489 0.087633073
1403638577277829376.000000 10.764323235 8.145509720 6.297622681 -0.807978094 -0.151840970 -0.561353385 0.094857857
1403638578027829504.000000 11.759323120 8.661137581 6.402407646 -0.808132410 -0.159267664 -0.559924841 0.089666493
1403638578277829376.000000 12.062500954 8.876266479 6.440048695 -0.809157610 -0.147571027 -0.558042645 0.109887138
1403638578527829504.000000 12.361556053 9.086795807 6.474015236 -0.809257329 -0.143761054 -0.558144808 0.113620706
1403638578777829376.000000 12.652439117 9.281245232 6.479148865 -0.807260334 -0.148311317 -0.561501801 0.105119862
1403638579427829504.000000 13.353672028 9.808660507 6.538896561 -0.805919945 -0.148190632 -0.562515736 0.110039495
1403638579677829376.000000 13.600976944 10.017413139 6.576855659 -0.793673277 -0.153428480 -0.574582100 0.128054500
1403638579927829504.000000 13.821448326 10.217016220 6.581580639 -0.779972970 -0.217522278 -0.567030728 0.151004314
1403638582527829504.000000 14.764393806 11.335023880 6.596855164 -0.678314269 -0.438629270 -0.501197934 0.310314089
1403638585477829376.000000 13.516938210 11.504273415 7.267519474 -0.685455561 -0.438090920 -0.492987514 0.308529556
1403638586877829376.000000 12.444100380 11.414614677 7.427881718 -0.684170961 -0.436657548 -0.497359186 0.306388974
1403638587477829376.000000 11.930679321 11.369200706 7.366444111 -0.688575387 -0.438525200 -0.490569919 0.304796159
1403638589827829504.000000 9.780247688 11.031971931 7.151965141 -0.690063655 -0.433896363 -0.491275996 0.306910515
1403638591627829504.000000 8.277912140 10.638708115 7.063620090 -0.720333099 -0.442153573 -0.450996816 0.286744386
1403638591977829376.000000 8.111854553 10.703906059 7.017998695 -0.714033902 -0.437919140 -0.460666984 0.293544680
1403638592777829376.000000 7.946877956 11.017210007 7.268216610 -0.671856403 -0.487149358 -0.440715849 0.342146188
1403638593277829376.000000 7.975649357 11.250046730 7.462267876 -0.662856460 -0.499296069 -0.441310227 0.341423512
1403638594077829376.000000 8.019778252 11.688842773 7.741124630 -0.635513425 -0.491950095 -0.469516695 0.365597934
1403638596027829504.000000 7.619830608 11.831103325 8.146953583 -0.632930756 -0.512284696 -0.461173058 0.352537066
1403638596477829376.000000 7.426371098 11.787127495 8.106184006 -0.610545397 -0.535851955 -0.488344014 0.318774402
1403638597277829376.000000 6.362669468 11.781454086 8.323638916 -0.593543112 -0.541659057 -0.511058211 0.305174828
1403638597477829376.000000 5.934610367 11.789131165 8.345017433 -0.599615157 -0.530135214 -0.506501973 0.320739985
1403638597677829376.000000 5.461887836 11.788750648 8.346508026 -0.605659068 -0.516260684 -0.500585139 0.340685487
1403638597877829376.000000 4.961640835 11.774284363 8.328728676 -0.595821679 -0.530207276 -0.503860891 0.331663996
1403638598077829376.000000 4.424512386 11.746910095 8.304987907 -0.587826788 -0.539211214 -0.500296652 0.336770207
1403638598277829376.000000 3.850334167 11.702755928 8.300684929 -0.603517711 -0.530788243 -0.471205592 0.363311976
1403638598477829376.000000 3.271744490 11.646526337 8.290138245 -0.611652970 -0.529428601 -0.456802517 0.370023608
1403638598677829376.000000 2.700684309 11.581619263 8.253052711 -0.606292546 -0.539580822 -0.448255420 0.374605060
1403638598877829376.000000 2.139337063 11.513281822 8.217855453 -0.588907540 -0.558174670 -0.436741412 0.388440341
1403638599077829376.000000 1.588178635 11.438693047 8.201715469 -0.566078782 -0.582192421 -0.421195835 0.403981328
1403638599277829376.000000 1.042773247 11.355792046 8.210119247 -0.540242791 -0.608057559 -0.403785616 0.418761224
1403638599477829376.000000 0.504474461 11.264844894 8.243961334 -0.520273924 -0.631695092 -0.383627713 0.427909166
1403638600077829376.000000 -1.052315474 11.013360977 8.249990463 -0.525695443 -0.636110902 -0.359821469 0.435357004
1403638600527829504.000000 -2.101789713 10.911515236 8.173714638 -0.558952868 -0.617618144 -0.324406236 0.448196650
1403638600727829504.000000 -2.487179518 10.910696030 8.178375244 -0.563004375 -0.618959308 -0.320509732 0.444059610
1403638600927829504.000000 -2.821307421 10.943601608 8.206748009 -0.555537939 -0.634593368 -0.329098046 0.424692065
1403638601127829504.000000 -3.127376556 11.010910988 8.223793030 -0.542325556 -0.645179331 -0.345375508 0.412725598
1403638601327829504.000000 -3.427232265 11.108381271 8.225728035 -0.524907827 -0.646168768 -0.367005318 0.415023953
1403638601527829504.000000 -3.735850573 11.223660469 8.234086037 -0.509998083 -0.647266448 -0.358126968 0.438968390
1403638601727829504.000000 -4.046347141 11.341153145 8.265323639 -0.475478917 -0.668256760 -0.343535483 0.457532644
1403638601927829504.000000 -4.360072136 11.449126244 8.322081566 -0.427402139 -0.696798325 -0.323611915 0.476523697
1403638602327829504.000000 -4.993860722 11.628611565 8.400853157 -0.362002611 -0.724996924 -0.295912504 0.505736530
1403638602777829376.000000 -5.642041683 11.679307938 8.542782784 -0.283519596 -0.707001626 -0.228552446 0.606241822
1403638602977829376.000000 -5.819951057 11.621391296 8.640196800 -0.254816055 -0.726832330 -0.190773115 0.608596087
1403638604527829504.000000 -5.846270561 10.629558563 8.726956367 -0.188431606 -0.784414113 -0.150443599 0.571449697
1403638604927829504.000000 -5.680362225 10.193678856 8.730493546 -0.199353978 -0.791840374 -0.136224464 0.560972095
1403638605177829376.000000 -5.571444035 9.930252075 8.757471085 -0.204728037 -0.805704951 -0.128503576 0.540752053
1403638605627829504.000000 -5.444608688 9.511455536 8.813785553 -0.173671842 -0.798081100 -0.170594350 0.551182568
1403638606477829376.000000 -5.432343006 8.425431252 8.875336647 -0.186052486 -0.808591902 -0.162289470 0.534065366
1403638606727829504.000000 -5.496501923 8.041501045 8.822681427 -0.192764699 -0.819413185 -0.134929776 0.522683203
1403638607227829504.000000 -5.779654026 7.353619576 8.738963127 -0.126033962 -0.827401340 -0.072228909 0.542499423
1403638607727829504.000000 -6.160124779 6.807998657 8.632364273 -0.107203938 -0.813058138 -0.058660723 0.569212258
1403638608227829504.000000 -6.508381844 6.385558605 8.406820297 -0.112860687 -0.808045089 -0.064647458 0.574583530
1403638608477829376.000000 -6.662848949 6.212753773 8.252401352 -0.109204672 -0.800553679 -0.072980858 0.584689677
1403638608727829504.000000 -6.787228584 6.048563480 8.079803467 -0.110765092 -0.796296537 -0.071097508 0.590413570
1403638609077829376.000000 -6.899233818 5.832900047 7.894608021 -0.115392633 -0.807103992 -0.063305385 0.575552166
1403638609377829376.000000 -6.958593845 5.678997517 7.775343418 -0.120783977 -0.803437233 -0.055663563 0.580345988
1403638609627829504.000000 -6.982400417 5.579061031 7.634325981 -0.117447220 -0.805929720 -0.062058251 0.576916218
1403638609927829504.000000 -6.994674683 5.481870174 7.454506874 -0.115760222 -0.806453943 -0.064610042 0.576243937
1403638610377829376.000000 -6.967679977 5.377724171 7.262425423 -0.116087548 -0.796430647 -0.065176167 0.589893281
1403638610777829376.000000 -6.853714943 5.312204361 7.041451454 -0.114314675 -0.789322972 -0.066680007 0.599545896
1403638611227829504.000000 -6.609287262 5.266882896 6.847374916 -0.113683105 -0.793143570 -0.061101705 0.595202565
1403638611677829376.000000 -6.262895584 5.239028931 6.700413227 -0.095970742 -0.801366329 -0.089690953 0.583572865
1403638611977829376.000000 -6.005607128 5.189945698 6.606596947 -0.114180423 -0.805539846 -0.067020468 0.577561080
1403638612277829376.000000 -5.747972012 5.151087761 6.528282642 -0.118145041 -0.806487620 -0.063917570 0.575789869
1403638612627829504.000000 -5.446875572 5.132265091 6.467672348 -0.113707446 -0.804517925 -0.076859906 0.577853084
1403638612877829376.000000 -5.227505207 5.118113995 6.386782646 -0.112729579 -0.801007807 -0.086521834 0.581543386
1403638613227829504.000000 -4.910748959 5.072290897 6.318375111 -0.119299456 -0.803349555 -0.082205713 0.577615321
1403638613727829504.000000 -4.456503868 4.980936527 6.284158230 -0.131577075 -0.794253588 -0.083754592 0.587225616
1403638614027829504.000000 -4.156856060 4.921956062 6.198040485 -0.160058945 -0.786358774 -0.105050564 0.587354541
1403638614277829376.000000 -3.879154921 4.872396469 6.114300251 -0.200929642 -0.783766985 -0.133365422 0.572320104
1403638614527829504.000000 -3.593589067 4.817774773 6.070419312 -0.227130413 -0.779997766 -0.144509465 0.564918041
1403638614777829376.000000 -3.302986860 4.771457672 6.076679707 -0.263402522 -0.772476077 -0.148840919 0.558342397
1403638615077829376.000000 -2.935495853 4.751389503 6.144361973 -0.325259924 -0.757362664 -0.181064621 0.536491692
1403638615327829504.000000 -2.616960049 4.773740292 6.230107307 -0.373239845 -0.727338970 -0.243097052 0.522086203
1403638615577829376.000000 -2.299592018 4.802572250 6.293469429 -0.427296460 -0.693377435 -0.289532602 0.502808511
1403638615827829504.000000 -1.992978573 4.824193954 6.347981930 -0.456797987 -0.674123704 -0.310697913 0.490265012
1403638616177829376.000000 -1.563191652 4.838747025 6.424793720 -0.493961424 -0.648644388 -0.333001673 0.473679781
1403638616427829504.000000 -1.251284599 4.842719078 6.380217075 -0.531103909 -0.620431483 -0.355906099 0.454229385
1403638616677829376.000000 -0.940554857 4.843081474 6.291411877 -0.559082448 -0.605761766 -0.364169806 0.433428049
1403638616927829504.000000 -0.629776478 4.858257771 6.187326908 -0.581195056 -0.605627477 -0.345367193 0.419701457
1403638617677829376.000000 0.297197461 5.128582001 6.166744709 -0.556747675 -0.626874447 -0.360592574 0.408697277
1403638617977829376.000000 0.617089033 5.324363708 6.277409077 -0.550099015 -0.629161537 -0.362706214 0.412299603
1403638618527829504.000000 1.117013931 5.767219543 6.412648678 -0.544448555 -0.631872296 -0.361620128 0.416586250
1403638618777829376.000000 1.307682037 5.999439716 6.455907345 -0.548241913 -0.627224565 -0.368254900 0.412805676
1403638619277829376.000000 1.628017306 6.499403954 6.538416386 -0.589898705 -0.570400715 -0.414803982 0.393192530
1403638619577829376.000000 1.788858891 6.788031101 6.504459858 -0.629023194 -0.521766543 -0.440277815 0.371813148
1403638622077829376.000000 3.347135067 8.079751015 6.222174644 -0.619615197 -0.509023309 -0.462899119 0.377752125
1403638624777829376.000000 3.840730906 6.439283848 6.234651566 -0.631076694 -0.500514507 -0.458947212 0.374959975
1403638625077829376.000000 3.860414982 6.113283634 6.240296364 -0.629009187 -0.515443861 -0.443360806 0.376956612
1403638625377829376.000000 3.882001162 5.784965515 6.230988503 -0.628376186 -0.518333912 -0.435944080 0.382656842
1403638625677829376.000000 3.916261911 5.461245537 6.250949860 -0.628509939 -0.520271301 -0.434679240 0.381244063
1403638625977829376.000000 3.962125778 5.148963928 6.281233788 -0.634584427 -0.525061309 -0.427624702 0.372492164
1403638626277829376.000000 4.021279812 4.861121178 6.268428802 -0.635326684 -0.524723291 -0.428391963 0.370817780
1403638626577829376.000000 4.084038258 4.595548153 6.224051952 -0.628402591 -0.529491544 -0.437738031 0.364875734
1403638626977829376.000000 4.147366047 4.288836479 6.193244457 -0.636079907 -0.535414398 -0.425246507 0.357630014
1403638627277829376.000000 4.187684059 4.115282536 6.186032772 -0.634742618 -0.536678255 -0.425399482 0.357929766
1403638627577829376.000000 4.223214149 3.984470367 6.152562141 -0.631888688 -0.537401974 -0.429314584 0.357218176
1403638627827829504.000000 4.244019032 3.902678013 6.117061138 -0.627151668 -0.534037828 -0.437335819 0.360862613
1403638628127829504.000000 4.252437592 3.824569941 6.072735310 -0.629805326 -0.536680758 -0.435386360 0.354623497
1403638628427829504.000000 4.240270615 3.775172234 6.046111107 -0.632856369 -0.534731686 -0.432774246 0.355332732
1403638628727829504.000000 4.218378067 3.748066902 6.042861938 -0.634233952 -0.516514599 -0.431474060 0.380513161
1403638629027829504.000000 4.214739799 3.717112780 6.015944481 -0.629792273 -0.523527920 -0.439029545 0.369504124
1403638629327829504.000000 4.209070683 3.689957857 6.001403332 -0.628070593 -0.529159725 -0.440970421 0.362025410
1403638629827829504.000000 4.176236153 3.685713053 6.003476143 -0.642817855 -0.515563309 -0.422241211 0.377746105
1403638630127829504.000000 4.183270931 3.700198889 5.963759899 -0.624155462 -0.516090751 -0.450075388 0.376181513
1403638630427829504.000000 4.179584503 3.704939842 5.898060322 -0.637955010 -0.526602626 -0.427600116 0.364501238
1403638630827829504.000000 4.177207947 3.727601051 5.884896755 -0.637348294 -0.544416904 -0.419858217 0.348017961
1403638631327829504.000000 4.174738884 3.706350803 5.888419151 -0.637014925 -0.545989573 -0.417939723 0.348473459
