#Stereo rect[ms], MP culling[ms], MP creation[ms], LBA[ms], KF culling[ms], Total[ms]
5.381029,0.089985,0.990509,0.014720,0.014720,6.487476
5.491111,0.276995,3.639439,0.004480,0.004480,9.416217
4.177142,0.016384,0.192483,0.005216,0.005216,4.396857
4.034291,0.038113,0.490662,0.005376,0.005376,4.571994
5.816139,0.114465,1.259536,0.005697,0.005697,7.201565
7.185117,0.248771,3.589230,0.004928,0.004928,11.031790
7.056186,0.555144,6.166767,0.653192,0.653192,55.007331
5.191715,0.500134,5.386982,0.441222,0.441222,34.001622
4.109973,0.031104,0.372933,0.005664,0.005664,4.524954
4.750398,0.161954,1.391762,0.004384,0.004384,6.312434
4.943840,0.064225,0.781034,0.005568,0.005568,5.798699
5.859084,0.270051,4.236086,0.004544,0.004544,10.373542
5.790827,0.469350,5.080353,0.478470,0.478470,31.313907
6.104622,0.330308,5.845100,0.520199,0.520199,34.277433
7.402687,0.512391,14.599932,1.148399,1.148399,57.897097
5.525415,0.408005,9.469242,1.204400,1.204400,45.494569
4.121685,0.032993,0.382084,0.005632,0.005632,4.550971
4.214646,0.118177,1.202608,0.004704,0.004704,5.544103
4.540218,0.044801,0.554791,0.006176,0.006176,5.149922
5.228419,0.105506,1.107726,0.006272,0.006272,6.451443
6.923801,0.357508,4.394905,0.004288,0.004288,11.684278
6.676406,0.322820,3.511245,0.551207,0.551207,32.634340
7.594721,0.479847,8.809905,0.504839,0.504839,57.843400
6.690998,0.364388,10.533640,1.254416,1.254416,58.437135
5.624584,0.342917,8.875922,0.701769,0.701769,61.492759
5.136066,0.323236,7.954118,1.537012,1.537012,58.708595
5.240931,0.266724,6.928953,1.426995,1.426995,58.042251
5.802187,0.205155,8.443372,1.795191,1.795191,39.522333
6.563733,0.200546,9.546011,55.933072,55.933072,118.594422
6.457267,0.179618,9.898912,2.628962,2.628962,64.233082
6.498835,0.140546,10.557544,2.006778,2.006778,63.312142
6.336754,0.140033,10.668938,1.730582,1.730582,66.722554
7.015291,0.112769,14.905760,1.817304,1.817304,75.902449
6.528724,0.125185,15.732843,1.870328,1.870328,78.736885
6.841176,0.151842,16.533237,2.039258,2.039258,78.591379
5.664105,0.206883,16.353330,2.054074,2.054074,78.827158
6.607285,0.214146,17.429889,2.100123,2.100123,88.069229
6.527828,0.200547,17.284510,1.943385,1.943385,96.023796
7.094907,0.265700,19.504187,2.526593,2.526593,98.302033
7.473408,0.148162,19.729534,2.284478,2.284478,119.682404
6.752567,0.206275,15.911756,3.164744,3.164744,94.853092
7.397216,0.135745,19.306585,3.106312,3.106312,93.436978
7.060059,0.093698,19.344344,2.948102,2.948102,88.492627
7.850117,0.104865,20.504904,2.858757,2.858757,90.685775
7.628738,0.120866,16.953562,3.113352,3.113352,86.940607
7.597953,0.105218,16.233329,2.983527,2.983527,88.852119
7.164668,0.108994,17.342335,3.172360,3.172360,75.269961
6.669302,0.123585,19.089942,4.185078,4.185078,76.715163
6.579957,0.163074,20.519976,3.716176,3.716176,99.669698
4.422137,0.130689,11.352882,3.120936,3.120936,52.247232
4.705629,0.104225,9.351641,2.475872,2.475872,49.580062
3.909170,0.099329,7.621634,2.552673,2.552673,47.566980
3.932082,0.092258,7.430815,2.603393,2.603393,53.416175
6.047374,0.169922,14.736061,2.330654,2.330654,64.640735
7.517473,0.202562,15.648970,1.783991,1.783991,75.558092
7.711524,0.162114,15.213827,3.093000,3.093000,99.594082
4.760797,0.093089,9.372057,2.116028,2.116028,66.603865
4.490010,0.053505,0.704873,0.005536,0.005536,5.258724
4.666556,0.203971,1.576980,0.003744,0.003744,6.455411
5.884363,0.338309,2.730051,0.268547,0.268547,23.125929
6.099215,0.288227,5.138658,0.806090,0.806090,26.733976
5.590696,0.258692,9.156437,1.098063,1.098063,43.631890
5.218979,0.303684,8.357227,1.294577,1.294577,37.014524
4.014163,0.260324,5.938764,1.300433,1.300433,41.384468
4.681564,0.039681,0.541127,0.005376,0.005376,5.275172
4.119669,0.049569,0.653608,0.005888,0.005888,4.831999
4.352536,0.217443,3.162345,0.003904,0.003904,7.739780
3.818321,0.496935,3.646447,0.309252,0.309252,18.558415
4.093301,0.026016,0.385157,0.005472,0.005472,4.514426
3.995444,0.029856,0.399013,0.005568,0.005568,4.434041
5.043009,0.157410,1.790871,0.004736,0.004736,6.999482
4.560187,0.280131,7.383103,0.480422,0.480422,28.413101
5.404678,0.403845,5.280004,0.569383,0.569383,24.002613
5.500582,0.217411,7.383615,0.773642,0.773642,34.755743
4.188406,0.295364,7.491137,0.960364,0.960364,33.620817
4.020052,0.256707,7.836837,1.015213,1.015213,36.935291
4.577371,0.220995,7.316990,1.091566,1.091566,38.782195
5.422566,0.045536,0.557319,0.005504,0.005504,6.034733
3.580590,0.203490,3.153001,0.004096,0.004096,6.944729
3.824561,0.019296,0.247907,0.005312,0.005312,4.101301
3.787441,0.017728,0.239715,0.005664,0.005664,4.054228
4.048948,0.015168,0.204611,0.005376,0.005376,4.277623
3.857810,0.020160,0.262180,0.006208,0.006208,4.150902
4.276407,0.060641,0.817611,0.004480,0.004480,5.162947
4.055476,0.025121,0.323332,0.005408,0.005408,4.413881
4.851135,0.050336,0.764074,0.004192,0.004192,5.673385
4.711645,0.086881,0.957644,0.214690,0.214690,13.290347
4.921887,0.074785,1.366546,0.362596,0.362596,15.485031
5.234339,0.034721,1.509747,0.535591,0.535591,18.570351
5.430694,0.015520,1.864056,0.681737,0.681737,22.157469
5.326405,0.022464,2.274173,0.874155,0.874155,26.828729
5.751434,0.015073,2.364606,1.272784,1.272784,24.244952
6.093614,0.015745,2.769315,1.551860,1.551860,27.418913
6.154159,0.010592,3.239690,42.783686,42.783686,69.369148
6.744278,0.008097,3.936018,1.794423,1.794423,60.740429
4.041172,0.027489,0.344548,0.005248,0.005248,4.422457
4.424921,0.052544,0.737098,0.004128,0.004128,5.222467
4.734909,0.070656,0.980301,0.138881,0.138881,14.051700
5.012193,0.066401,1.355985,0.372037,0.372037,16.597494
5.227235,0.032161,2.221404,0.565735,0.565735,22.807749
5.229923,0.038657,2.264541,0.745193,0.745193,23.418605
5.508743,0.034688,2.792388,0.953453,0.953453,27.356224
6.085678,0.031360,3.078056,1.369330,1.369330,24.348345
6.155471,0.021377,3.198505,1.655733,1.655733,26.749848
6.246480,0.020320,3.663984,78.608595,78.608595,106.658684
6.916985,0.012896,4.136853,1.822359,1.822359,66.721690
4.764509,0.015136,0.201187,0.005312,0.005312,4.991392
3.728976,0.054433,0.724201,0.004384,0.004384,4.515514
3.753168,0.123554,1.153966,0.090337,0.090337,10.665641
4.519706,0.163810,3.970995,0.257284,0.257284,17.682468
5.467558,0.157794,5.106274,0.396421,0.396421,22.343199
5.796202,0.189219,7.160092,0.580616,0.580616,30.947854
6.683894,0.269444,11.172783,0.820586,0.820586,42.135678
7.214781,0.302308,15.707690,0.602920,0.602920,56.093842
8.160105,0.375653,17.693923,0.918476,0.918476,64.649184
8.613359,0.370373,19.437818,38.111082,38.111082,106.115541
8.967156,0.306563,22.557091,1.550292,1.550292,75.519468
9.008756,0.257987,24.816383,1.997658,1.997658,72.638758
9.861758,0.256996,28.084041,1.623829,1.623829,80.237800
10.325093,0.221283,28.267915,1.705366,1.705366,82.806473
11.154672,0.244355,33.204971,1.972889,1.972889,91.230262
10.957389,0.218147,29.615101,2.295806,2.295806,89.242300
12.421215,0.257924,32.775877,2.333694,2.333694,112.992013
12.743940,0.258243,36.386452,2.658434,2.658434,121.586332
12.274654,0.311300,35.475944,2.534785,2.534785,129.695716
11.749431,0.283172,35.778284,3.822865,3.822865,121.240631
11.924602,0.254403,33.785619,2.849284,2.849284,121.583580
12.377631,0.336100,37.037341,3.745360,3.745360,123.003086
12.234621,0.338629,42.053245,3.743121,3.743121,128.494453
12.152700,0.380517,39.245273,3.315946,3.315946,122.812428
11.607253,0.388645,39.286586,2.937318,2.937318,119.336255
10.715818,0.370789,40.300614,2.888005,2.888005,116.476506
8.154345,0.255491,30.755948,2.726467,2.726467,112.878700
7.557281,0.286724,28.682801,2.984678,2.984678,95.964722
7.763556,0.227171,27.906215,2.959302,2.959302,88.229423
7.904101,0.243235,25.830861,2.805060,2.805060,84.505406
8.256683,0.236227,26.637174,2.636194,2.636194,84.682306
8.245386,0.216450,27.031836,2.587105,2.587105,147.362695
5.584264,0.186050,17.348992,2.557857,2.557857,73.241582
7.256925,0.203523,20.887725,2.466080,2.466080,74.243195
8.090760,0.176162,25.562569,2.411711,2.411711,83.012268
7.914950,0.157154,24.957281,1.750231,1.750231,84.097658
7.953383,0.153698,32.216606,2.873093,2.873093,99.967750
7.618018,0.178370,26.268306,3.474285,3.474285,91.783069
7.803460,0.242947,26.528789,1.722358,1.722358,93.266255
8.680112,0.253507,30.431464,2.661538,2.661538,100.375051
8.949555,0.238531,32.787686,2.703523,2.703523,103.947737
5.954380,0.167331,16.880217,1.738038,1.738038,70.793678
8.570894,0.222211,23.417261,2.335838,2.335838,92.755785
7.599522,0.201891,21.738551,2.435103,2.435103,84.288188
8.274987,0.184834,24.155127,2.360543,2.360543,89.849220
7.970663,0.187778,22.565250,1.646230,1.646230,95.902930
6.946649,0.152706,20.565513,2.426047,2.426047,99.047802
6.592692,0.149794,17.452129,2.461120,2.461120,78.398896
10.598921,0.215650,34.599005,2.360831,2.360831,116.023989
10.769706,0.197155,34.483675,1.747158,1.747158,118.863352
11.367698,0.239683,35.729835,2.420255,2.420255,119.434880
11.044462,0.217667,37.094813,2.224189,2.224189,122.186372
10.653033,0.212610,32.766790,1.644213,1.644213,126.888384
10.889036,0.193187,37.752037,2.355358,2.355358,122.443271
10.955693,0.238403,36.652152,1.575348,1.575348,121.122582
11.518836,0.240451,37.681413,2.517504,2.517504,123.811928
11.330961,0.232547,38.966550,2.486432,2.486432,125.273355
11.083310,0.240803,38.010217,2.615905,2.615905,125.595407
10.626057,0.284995,36.401013,1.703254,1.703254,121.975169
9.769086,0.369381,34.718526,2.041306,2.041306,129.817382
10.432039,0.377220,36.239699,3.700111,3.700111,130.132042
9.711516,0.342181,32.518466,2.083547,2.083547,125.650640
9.878431,0.343460,31.948475,1.901496,1.901496,120.654319
10.160003,0.322692,35.763148,3.049287,3.049287,116.694141
10.604457,0.305732,35.627274,2.917605,2.917605,125.711537
10.370309,0.306436,35.141380,2.927333,2.927333,127.400006
10.702474,0.324836,32.283839,3.068296,3.068296,123.627127
10.133699,0.329316,34.257080,2.803460,2.803460,119.553922
9.411801,0.273284,34.623293,2.105371,2.105371,115.880915
9.420505,0.297636,32.607075,3.470605,3.470605,105.860658
6.227376,0.192803,21.491252,2.483680,2.483680,105.886002
6.414323,0.147074,18.836786,3.290954,3.290954,98.581620
5.000224,0.117410,16.761847,3.357292,3.357292,98.245232
4.717052,0.115394,14.762494,3.513773,3.513773,89.462526
5.236611,0.107105,16.473652,2.805412,2.805412,92.123297
5.257412,0.124514,15.715914,2.098843,2.098843,100.753680
4.940640,0.113345,14.245496,2.616546,2.616546,72.355779
6.964633,0.168579,21.110223,3.170793,3.170793,100.714095
5.679305,0.103777,15.460423,2.634882,2.634882,89.124122
6.410706,0.119458,18.585935,3.106312,3.106312,95.482412
5.161027,0.100449,16.080399,3.131144,3.131144,100.095208
4.828350,0.120194,14.330904,3.053224,3.053224,62.224801
7.702819,0.147618,24.715998,2.206652,2.206652,80.104646
8.419020,0.206019,27.106684,2.529057,2.529057,112.033505
6.157935,0.150818,18.283179,2.875685,2.875685,71.481688
7.506816,0.212643,24.842656,2.146396,2.146396,81.940798
9.012212,0.224387,29.101654,2.983207,2.983207,100.816497
6.247920,0.162946,25.173156,2.369887,2.369887,76.736155
9.079605,0.219139,34.315833,3.397260,3.397260,122.032034
8.735440,0.264611,33.199979,3.346251,3.346251,101.315543
6.245552,0.173858,26.436980,2.838468,2.838468,104.533472
5.503495,0.141826,21.145072,3.580910,3.580910,93.764214
5.851499,0.148994,21.706999,3.993779,3.993779,95.427083
5.640617,0.123649,17.693956,4.284983,4.284983,87.845258
5.928044,0.146818,19.236887,2.787748,2.787748,89.105690
6.352977,0.103362,21.983803,5.273572,5.273572,95.120103
6.167087,0.084033,18.731153,4.329528,4.329528,88.433073
5.830475,0.087329,20.808395,2.984838,2.984838,87.897674
6.569940,0.105250,25.544072,3.406060,3.406060,96.009907
6.868856,0.138626,24.075126,3.310634,3.310634,94.487967
5.633481,0.109313,18.830898,4.127317,4.127317,86.256022
5.896172,0.129122,21.896313,2.610465,2.610465,93.300784
5.933868,0.117569,23.710641,3.805233,3.805233,92.583014
5.873419,0.121218,18.837266,3.994099,3.994099,87.152225
6.411570,0.148002,22.236350,3.087496,3.087496,90.107495
5.757962,0.112226,20.164035,2.356926,2.356926,89.573344
5.621609,0.110369,21.265682,3.916882,3.916882,88.013196
5.709513,0.113122,20.413254,2.181820,2.181820,88.131117
5.930829,0.115809,22.143229,2.790756,2.790756,102.774858
4.715581,0.108257,14.525019,2.924549,2.924549,73.798997
5.493446,0.111682,17.607650,2.383839,2.383839,80.643437
5.606825,0.121185,23.492494,2.602753,2.602753,89.171195
5.230499,0.114914,20.439047,1.956825,1.956825,79.941796
6.953274,0.152162,25.653738,1.495955,1.495955,93.789431
5.909420,0.142306,25.000001,2.234589,2.234589,88.413521
6.807800,0.145697,26.491541,1.403474,1.403474,90.578093
6.565077,0.143906,24.795487,2.582049,2.582049,87.502950
7.044699,0.157090,27.581539,2.304158,2.304158,91.074612
6.884089,0.138146,26.833561,2.855493,2.855493,408.894604
4.289335,0.139714,14.952545,1.914041,1.914041,76.556153
9.142261,0.174147,42.309152,2.022554,2.022554,132.502568
9.485626,0.195715,37.873959,1.545812,1.545812,125.377037
10.125058,0.193315,41.465397,2.046554,2.046554,124.186237
9.890368,0.227491,46.234322,2.746692,2.746692,135.987222
10.384326,0.228419,46.225907,2.008377,2.008377,129.283231
10.922732,0.235556,48.810067,2.341886,2.341886,140.583984
8.891506,0.210851,39.278777,1.835479,1.835479,134.250206
11.430419,0.282308,46.887579,2.748707,2.748707,138.080976
11.452563,0.230403,40.136901,2.198140,2.198140,130.217547
11.774039,0.202147,37.994249,2.594753,2.594753,130.790866
11.986138,0.201763,47.480738,4.166293,4.166293,160.478864
12.624355,0.232387,45.938638,2.454207,2.454207,163.334965
11.207505,0.162690,42.645188,4.190902,4.190902,142.176901
13.497550,0.213090,49.717120,2.731492,2.731492,184.764105
14.183350,0.237475,39.395195,2.939653,2.939653,142.570633
14.883136,0.202210,46.847707,3.062759,3.062759,157.206278
13.087048,0.139714,37.688805,4.559259,4.559259,146.365275
9.499962,0.160354,26.963995,3.281291,3.281291,131.738271
13.164169,0.177474,34.353114,4.766077,4.766077,143.937339
12.252765,0.187171,32.604163,4.308728,4.308728,139.729509
11.553397,0.203554,29.550876,3.256906,3.256906,137.054979
13.937332,0.133313,38.328621,5.834955,5.834955,153.902812
14.948224,0.272452,49.187544,4.647516,4.647516,179.924970
14.587964,0.203875,41.716600,4.296215,4.296215,156.400796
14.211415,0.257219,47.655717,3.644175,3.644175,181.076377
13.912435,0.267811,38.213772,6.226352,6.226352,159.801639
6.235568,0.154402,18.826547,4.091701,4.091701,122.968558
9.419193,0.253411,25.818700,5.899084,5.899084,143.218578
6.772567,0.234819,20.932398,3.749392,3.749392,131.804063
7.682915,0.340612,28.335404,5.500007,5.500007,162.687212
7.266142,0.401157,29.723038,5.962796,5.962796,164.593446
7.002971,0.337124,25.795788,4.060820,4.060820,159.734983
7.130172,0.367684,26.551990,3.989715,3.989715,161.518046
7.408415,0.340932,25.756172,3.716816,3.716816,162.262343
6.948377,0.327429,23.108393,3.337963,3.337963,162.598571
6.767159,0.404294,22.791429,1.802423,1.802423,164.357634
7.330975,0.434597,22.033884,2.296157,2.296157,179.683751
7.669570,0.400709,23.876819,2.567361,2.567361,179.268257
8.315979,0.394469,24.072054,2.257917,2.257917,182.103911
7.646114,0.402534,22.168381,3.565229,3.565229,180.876886
7.493409,0.426277,21.525298,4.346519,4.346519,163.468754
7.435582,0.350372,21.287693,2.295453,2.295453,166.114382
7.568831,0.270500,29.208272,4.256656,4.256656,188.521566
8.439263,0.259203,28.733602,3.594120,3.594120,182.993799
8.664929,0.278307,24.014926,3.955468,3.955468,158.872375
4.949720,0.224098,13.166804,3.958253,3.958253,140.060229
4.946392,0.209186,15.234411,3.469479,3.469479,139.610368
5.535326,0.191842,15.903923,4.739029,4.739029,140.461865
6.219621,0.225987,21.471409,3.815051,3.815051,146.790576
6.046116,0.264675,16.905694,3.619817,3.619817,147.081364
5.057497,0.226690,11.146782,3.386470,3.386470,140.805421
7.459156,0.332931,24.225361,2.732095,2.732095,163.484652
7.265682,0.269475,23.164900,3.134147,3.134147,164.284565
6.132613,0.310723,18.421551,3.674218,3.674218,158.035823
6.854413,0.221858,21.948727,4.897399,4.897399,160.168295
5.950275,0.148034,13.629177,4.126702,4.126702,134.886251
7.202897,0.243491,22.762624,4.742421,4.742421,154.930477
6.303110,0.288100,17.914825,3.418855,3.418855,154.093059
5.020089,0.298851,16.325176,3.080130,3.080130,147.037716
5.989699,0.323844,19.964256,3.133827,3.133827,147.539898
6.174885,0.333028,21.756181,1.789268,1.789268,147.583291
6.762380,0.205923,19.878495,2.943073,2.943073,138.385428
6.106405,0.225410,17.446884,1.765428,1.765428,135.490675
6.461737,0.262339,21.140590,3.111491,3.111491,131.551271
6.620683,0.322851,20.164227,3.248516,3.248516,142.460321
6.715019,0.303364,18.979957,1.685106,1.685106,133.397563
6.913582,0.327332,19.243800,4.083662,4.083662,132.611091
7.162897,0.304323,19.540988,3.510119,3.510119,134.484456
7.336307,0.249058,21.119022,3.614537,3.614537,135.512468
7.716791,0.260899,23.037763,3.664201,3.664201,132.924886
7.476852,0.286467,24.416595,4.309905,4.309905,138.208722
7.098159,0.243491,21.826294,4.057933,4.057933,136.062170
6.638475,0.182306,18.951509,3.485255,3.485255,128.322083
6.068773,0.206338,18.013931,3.797867,3.797867,129.978806
5.892610,0.244227,19.430523,2.889472,2.889472,128.250466
5.782049,0.207682,19.276889,2.670590,2.670590,131.773578
5.729952,0.311044,19.946080,3.235940,3.235940,133.668543
5.849058,0.258114,21.119022,3.753706,3.753706,130.185720
4.821975,0.341219,16.990752,3.083523,3.083523,133.956227
5.392701,0.311236,18.878804,3.091939,3.091939,126.243084
4.720341,0.255459,15.396045,3.239749,3.239749,115.825111
4.973368,0.253922,16.047957,2.670654,2.670654,126.404750
4.729653,0.168610,14.160640,3.397798,3.397798,112.316816
4.854391,0.159458,15.104745,3.732586,3.732586,129.121101
4.377841,0.173058,13.400567,3.647593,3.647593,115.039694
3.137667,0.078081,8.023546,2.670046,2.670046,88.333666
5.208186,0.154722,12.628270,2.435387,2.435387,97.092612
5.604895,0.129057,15.085930,3.596968,3.596968,115.403890
5.713825,0.166658,15.391533,2.200089,2.200089,117.357577
6.532906,0.226755,17.743591,2.973250,2.973250,130.910978
6.763020,0.228418,19.427899,2.910113,2.910113,126.107211
7.203025,0.284676,23.810156,2.904833,2.904833,126.219149
7.082736,0.327459,22.045304,3.653353,3.653353,121.657049
6.950895,0.362340,21.168686,2.448764,2.448764,118.631288
6.042340,0.205954,22.259355,3.035202,3.035202,120.551437
6.978382,0.197442,23.475945,3.161156,3.161156,116.631585
7.154865,0.228002,25.465855,3.241380,3.241380,114.290983
6.100293,0.245155,21.103981,3.292997,3.292997,116.475199
5.841410,0.209026,22.129337,3.076387,3.076387,116.941605
4.922999,0.157410,20.601224,3.841740,3.841740,110.028727
5.204506,0.114594,21.033516,5.287611,5.287611,116.165595
3.106915,0.065633,10.000913,3.335654,3.335654,77.390376
4.748117,0.070593,18.354030,3.933996,3.933996,99.374015
3.518919,0.070561,12.887217,4.049422,4.049422,84.918748
4.378546,0.085441,15.645232,4.065454,4.065454,92.133262
3.014818,0.075969,10.245716,2.340122,2.340122,52.126731
4.013069,0.108001,16.238423,3.487368,3.487368,71.033824
4.540307,0.075264,17.330244,3.932652,3.932652,77.224133
4.632533,0.092609,16.859293,3.547816,3.547816,78.320754
4.720021,0.104322,16.907550,3.704073,3.704073,109.835285
5.282524,0.107233,17.888233,3.684553,3.684553,113.731617
3.827595,0.068545,7.430868,3.582184,3.582184,76.154138
4.968280,0.109602,17.348227,3.897164,3.897164,101.344726
5.138938,0.099201,19.802655,3.630889,3.630889,134.084487
4.882455,0.122338,19.031798,3.153859,3.153859,108.847882
3.549512,0.093921,8.394110,3.473415,3.473415,73.066327
3.870571,0.097474,14.553092,2.770431,2.770431,59.768993
3.306085,0.070881,12.347755,3.305349,3.305349,68.572900
2.676222,0.065249,9.574124,3.600328,3.600328,67.926845
2.163097,0.045280,8.326174,2.606110,2.606110,58.618069
2.109656,0.056481,7.662486,4.185263,4.185263,64.641496
1.845781,0.066176,7.160561,4.757237,4.757237,56.495420
1.554130,0.044864,7.311507,4.316432,4.316432,56.252218
1.383184,0.066721,5.988035,5.346396,5.346396,47.277269
1.229742,0.045760,5.926179,4.099214,4.099214,49.003080
0.919947,0.067393,4.580819,3.730506,3.730506,43.702317
0.697800,0.050752,4.174191,1.905845,1.905845,33.218294
1.157933,0.064672,4.510291,5.549918,5.549918,53.124727
2.819104,0.055905,7.976057,0.247971,0.247971,45.604066
4.664148,0.091041,8.425663,1.052236,1.052236,44.034576
4.161774,0.144578,9.441291,1.528369,1.528369,82.977319
4.604500,0.158178,14.149792,1.587282,1.587282,94.848174
5.201211,0.124897,14.969449,1.509617,1.509617,87.544027
5.736225,0.171362,17.903562,2.228473,2.228473,101.951934
4.815735,0.112961,11.125245,1.808564,1.808564,86.870292
6.096709,0.128321,14.009726,1.950358,1.950358,87.836351
6.356776,0.106017,19.362043,2.146136,2.146136,94.341384
7.773784,0.133569,17.736744,1.501553,1.501553,90.785536
8.022650,0.193986,31.736198,2.767616,2.767616,124.395035
8.663522,0.193122,26.051782,1.597522,1.597522,122.547142
8.490336,0.278979,34.630246,1.802484,1.802484,122.859689
9.357545,0.306916,35.499120,2.143193,2.143193,121.970624
9.781038,0.254627,28.070845,1.360847,1.360847,127.497150
9.846063,0.274627,35.734259,2.180889,2.180889,128.671500
9.879472,0.248514,34.428709,1.499505,1.499505,118.620474
10.086033,0.273443,36.472060,1.294671,1.294671,121.313624
10.258452,0.295875,33.326712,2.206841,2.206841,124.726207
9.577836,0.297027,33.930943,1.864693,1.864693,125.441095
9.424459,0.296163,32.952308,1.051596,1.051596,121.567612
7.169393,0.284355,26.336042,1.914005,1.914005,115.220884
8.742723,0.323780,31.556516,1.130028,1.130028,118.131701
8.295678,0.257219,27.840698,2.164633,2.164633,125.978254
7.466069,0.253347,25.299933,1.578418,1.578418,121.647645
6.375304,0.254211,22.466557,3.406215,3.406215,108.903917
5.791009,0.225667,20.122595,3.262405,3.262405,114.370827
5.642720,0.254179,18.912789,2.614045,2.614045,120.425743
6.026596,0.260675,18.002315,1.942614,1.942614,124.205498
6.687979,0.320772,20.265093,2.694719,2.694719,123.297872
6.805293,0.421476,23.751277,2.299482,2.299482,117.953651
7.447060,0.417061,26.744398,1.893557,1.893557,123.342992
8.130364,0.416805,27.013553,3.494119,3.494119,125.145637
8.435967,0.454597,32.305837,2.675294,2.675294,127.321757
7.156624,0.299364,24.588117,2.847488,2.847488,118.069077
5.604095,0.267363,22.630623,2.919553,2.919553,114.409835
7.067696,0.242019,26.286345,4.523443,4.523443,128.729134
8.352831,0.260099,31.142751,3.858924,3.858924,139.605065
7.728056,0.248866,28.298560,3.802955,3.802955,133.373507
8.653794,0.206723,32.852179,3.578952,3.578952,145.956561
9.494027,0.219298,35.053708,5.253339,5.253339,144.004538
9.511372,0.160674,38.983896,4.466258,4.466258,147.379169
10.103890,0.181570,39.321885,5.153114,5.153114,148.174730
9.107911,0.173314,28.832038,4.422642,4.422642,128.972114
10.249460,0.269155,43.942480,4.880631,4.880631,153.299844
10.829851,0.219906,44.661081,5.220635,5.220635,160.094513
6.501578,0.240290,21.925496,4.005133,4.005133,126.471285
8.260766,0.227426,27.297525,5.184219,5.184219,130.400354
9.068262,0.244867,28.594083,4.438898,4.438898,139.465608
8.535488,0.234915,27.321397,4.479858,4.479858,153.209795
7.736056,0.322115,27.029138,3.287621,3.287621,152.604989
7.462964,0.458758,26.912048,3.069635,3.069635,163.278550
7.690455,0.517158,28.253439,2.994754,2.994754,159.137735
7.439156,0.522342,24.427860,3.126404,3.126404,151.811637
6.214438,0.360516,19.274298,2.380923,2.380923,132.777949
7.291795,0.338116,23.872493,2.251354,2.251354,148.970869
7.499925,0.301859,22.890883,3.461255,3.461255,139.651499
8.010555,0.411781,25.517216,3.525576,3.525576,153.286982
7.903833,0.463749,18.614099,1.851604,1.851604,146.427607
7.835865,0.522982,24.389012,3.432999,3.432999,156.034437
7.128048,0.530214,21.631061,2.871584,2.871584,154.392626
6.654251,0.552935,19.299226,2.764160,2.764160,151.486098
5.907107,0.331428,15.872019,3.333253,3.333253,134.738996
7.420276,0.364004,19.572253,1.401520,1.401520,142.893904
7.555958,0.389284,20.589481,2.811456,2.811456,155.190236
7.811832,0.341604,25.332927,3.301670,3.301670,178.324962
7.662487,0.433061,25.065244,2.961409,2.961409,162.790386
8.025627,0.407204,28.837702,3.752714,3.752714,167.144323
4.452594,0.203778,10.983293,3.189700,3.189700,130.134048
6.387177,0.269507,19.866976,3.314598,3.314598,137.647446
7.643190,0.270691,23.167846,3.573288,3.573288,151.531346
6.917166,0.274051,21.028654,3.484264,3.484264,145.634416
7.493653,0.295939,21.641109,5.361725,5.361725,143.671578
7.456052,0.249827,21.615988,2.718943,2.718943,142.197001
9.236265,0.321795,32.092588,4.447251,4.447251,170.292424
5.105466,0.210659,14.536484,4.282865,4.282865,133.720682
6.982319,0.262883,20.903724,2.178777,2.178777,142.472652
10.056529,0.388613,35.443569,2.898976,2.898976,186.190459
10.234099,0.398309,33.806431,3.652810,3.652810,183.467293
10.349270,0.371908,37.554921,2.332282,2.332282,185.717815
10.675641,0.395685,37.171365,3.930541,3.930541,184.857710
10.716377,0.395045,36.981699,4.276304,4.276304,184.859565
10.169268,0.396228,35.505906,5.196027,5.196027,183.920099
8.351070,0.371813,30.645819,4.662709,4.662709,187.434763
9.878416,0.506053,37.088613,4.866423,4.866423,182.850103
10.028370,0.553574,36.266011,6.088357,6.088357,184.625324
9.954065,0.503398,37.747724,6.292647,6.292647,185.821978
9.896496,0.435269,33.752734,6.098885,6.098885,186.727523
9.854511,0.402277,36.393372,4.985689,4.985689,184.277608
9.795887,0.393636,36.437277,5.075386,5.075386,182.218289
7.522389,0.328068,25.205598,6.981775,6.981775,156.814449
7.436820,0.327620,25.937062,6.114054,6.114054,159.777107
7.969082,0.296003,25.501762,6.557962,6.557962,153.646734
9.585389,0.303843,33.977954,5.398109,5.398109,165.018575
6.660524,0.189410,15.963925,5.783938,5.783938,129.548797
9.172008,0.242819,33.892736,5.453053,5.453053,161.295428
6.108453,0.128738,13.713883,8.323487,8.323487,136.778607
7.219122,0.171938,22.584256,6.929647,6.929647,144.612840
6.554922,0.188994,20.850861,7.141809,7.141809,138.821318
6.856270,0.190498,21.009902,6.376841,6.376841,137.725306
8.815876,0.253827,28.106142,8.022043,8.022043,152.555842
6.132774,0.264291,17.901451,8.005339,8.005339,136.016999
6.885486,0.277443,19.547389,6.007588,6.007588,133.298791
6.529034,0.273539,19.600702,7.018607,7.018607,133.389640
6.761709,0.358724,21.404755,5.952771,5.952771,160.654782
7.607638,0.434853,27.052755,7.182257,7.182257,163.418909
8.171101,0.449445,26.965394,6.330696,6.330696,159.769108
8.738627,0.446949,27.740186,5.754401,5.754401,161.544264
8.664963,0.422372,29.715601,5.418333,5.418333,158.391557
5.286972,0.244739,16.459835,5.657568,5.657568,127.571335
6.751469,0.301379,20.059620,6.370312,6.370312,132.209340
6.066149,0.277027,20.106468,5.580959,5.580959,133.868623
4.324881,0.190018,13.237686,6.358280,6.358280,117.024624
3.744459,0.145601,9.571309,5.892227,5.892227,104.569667
3.536456,0.113186,9.615117,5.907939,5.907939,103.270260
3.484584,0.160994,10.143635,6.022628,6.022628,104.539842
3.493704,0.124385,10.543608,6.434441,6.434441,102.434123
3.690570,0.140833,10.721882,6.091045,6.091045,101.612065
3.333190,0.119553,10.403670,5.765313,5.765313,67.095097
7.605846,0.269795,25.812133,7.121169,7.121169,138.380418
8.191709,0.238019,29.575631,6.093221,6.093221,141.151874
7.886489,0.259267,31.403621,5.277596,5.277596,137.044563
8.277278,0.313411,32.338159,7.565462,7.565462,139.607376
8.615778,0.286691,32.898006,5.244092,5.244092,134.838331
8.395775,0.256195,38.707383,5.472895,5.472895,139.982709
9.458539,0.244067,36.616064,6.378153,6.378153,138.378467
9.638925,0.325156,39.556033,7.294034,7.294034,140.936799
9.203400,0.226979,39.180957,5.525374,5.525374,142.039308
9.470315,0.215427,37.362344,7.445332,7.445332,140.123926
10.108627,0.233635,44.554105,5.517759,5.517759,148.222387
8.899941,0.154114,35.542643,7.146993,7.146993,132.233821
9.494219,0.199555,33.609469,4.977913,4.977913,129.864098
10.446135,0.190754,33.623166,5.623424,5.623424,131.466165
10.068019,0.185218,42.365441,5.140378,5.140378,145.211281
8.630242,0.149730,40.668846,7.158098,7.158098,151.186741
8.732323,0.194722,41.229268,6.089925,6.089925,144.734155
10.419862,0.215107,46.430031,3.912045,3.912045,153.298413
8.747172,0.157314,38.513909,6.688268,6.688268,140.788960
11.417410,0.201602,44.953535,6.544682,6.544682,151.893245
11.958824,0.204866,48.153187,5.948131,5.948131,162.548182
7.050096,0.138497,24.557271,3.674698,3.674698,128.904696
10.455094,0.140450,34.892236,6.014596,6.014596,132.352575
11.784326,0.135009,36.980580,4.648181,4.648181,136.538767
12.307244,0.136386,32.249934,6.207623,6.207623,132.494658
12.884786,0.127202,36.080218,4.878679,4.878679,136.926772
12.892178,0.140066,35.056014,4.277744,4.277744,134.975357
13.736956,0.159330,47.831424,6.599627,6.599627,196.919518
14.270114,0.163106,42.143487,4.127534,4.127534,153.506512
10.717850,0.083233,32.155725,6.902382,6.902382,140.008983
13.067796,0.108833,37.427210,4.340177,4.340177,145.856633
13.242966,0.114370,46.093419,5.754626,5.754626,166.147264
15.782516,0.219874,54.013478,6.522122,6.522122,193.367350
15.626833,0.204163,37.862638,5.105658,5.105658,158.276774
15.107340,0.200834,49.600788,4.852568,4.852568,189.401769
11.620292,0.218531,30.112662,5.555328,5.555328,146.952071
9.498284,0.141506,30.178103,7.395252,7.395252,144.950256
7.744056,0.166594,28.322882,7.749017,7.749017,141.314023
8.024571,0.194306,28.061311,6.988303,6.988303,146.666659
7.727928,0.266819,28.885896,7.581206,7.581206,150.671344
5.906275,0.307236,21.351858,11.136319,11.136319,140.382460
9.054855,0.440485,30.223959,10.489112,10.489112,188.197084
7.834617,0.302755,29.684594,9.747919,9.747919,160.407552
9.059719,0.333604,45.233250,5.093786,5.093786,184.671508
9.256873,0.350180,46.170958,6.406473,6.406473,190.316565
8.099740,0.323140,31.460422,3.709354,3.709354,156.857976
6.652171,0.233923,24.622712,5.184411,5.184411,145.634296
5.970276,0.211522,24.174675,5.755553,5.755553,147.730960
7.184498,0.280035,32.112813,4.317585,4.317585,174.180285
7.337843,0.231043,35.339922,6.679244,6.679244,172.958255
6.793838,0.287619,29.016842,5.297500,5.297500,163.304674
6.392585,0.225250,29.755283,4.302033,4.302033,164.699890
7.645335,0.210466,30.727646,7.597046,7.597046,162.487640
7.681015,0.183810,40.637391,7.605302,7.605302,189.359274
7.788281,0.152193,35.818456,7.086288,7.086288,173.178194
8.493121,0.260611,44.621820,8.399296,8.399296,192.520559
9.175497,0.229282,43.768210,4.914136,4.914136,199.277564
9.597933,0.219363,42.621957,7.256146,7.256146,193.313080
9.798064,0.205378,35.247697,4.377618,4.377618,192.081098
8.995462,0.173346,30.430490,6.249191,6.249191,169.255846
10.086899,0.145921,43.093675,6.478313,6.478313,203.851248
9.314474,0.201251,37.665932,4.734486,4.734486,194.452806
6.216935,0.130146,17.602632,7.921658,7.921658,154.179324
11.189599,0.202595,40.589646,7.879962,7.879962,198.456723
9.076456,0.159617,30.332186,7.511637,7.511637,209.262735
6.004004,0.094625,17.717482,6.993967,6.993967,154.103482
6.196231,0.124129,18.444402,8.041276,8.041276,155.935056
5.887523,0.108225,18.182287,7.386772,7.386772,154.988228
5.956708,0.124322,18.832534,4.900600,4.900600,153.557909
8.586018,0.141377,27.345464,9.544237,9.544237,169.275368
6.096165,0.118273,18.469043,7.182130,7.182130,153.877752
5.619072,0.117953,16.328954,8.926021,8.926021,149.302532
6.651147,0.094306,20.179365,9.998418,9.998418,151.234970
12.508175,0.171618,39.737828,9.582029,9.582029,191.341795
10.009714,0.172194,31.392326,6.678476,6.678476,167.888857
13.173494,0.222306,42.775240,9.589837,9.589837,186.416843
10.453015,0.234851,33.881090,7.954267,7.954267,165.410269
6.783214,0.132289,21.465717,8.719588,8.719588,138.040805
7.120273,0.173186,23.980561,8.433792,8.433792,139.787704
7.865914,0.186690,26.301900,10.381846,10.381846,146.730984
7.790264,0.194147,24.203475,9.636558,9.636558,143.574724
8.019003,0.211651,25.612931,10.096883,10.096883,147.366447
5.996132,0.205026,18.134895,8.516929,8.516929,133.665266
11.937832,0.254787,48.360871,10.447319,10.447319,190.287096
9.993041,0.220099,34.610474,7.867450,7.867450,169.324745
11.661701,0.259075,40.073033,8.947494,8.947494,183.363690
11.139455,0.259203,35.789656,7.276979,7.276979,159.876798
6.430410,0.150977,19.077722,9.261961,9.261961,134.421372
12.771858,0.272163,45.713961,7.598263,7.598263,188.389027
11.166687,0.248739,35.457236,9.721551,9.721551,158.816882
7.551766,0.174562,24.122963,8.416736,8.416736,138.811598
7.729432,0.198562,27.331832,11.274177,11.274177,145.186871
6.799533,0.210595,22.530401,7.528438,7.528438,136.714198
8.692963,0.214947,28.099840,10.077331,10.077331,147.250511
11.832039,0.346596,62.162277,10.849980,10.849980,193.740129
11.122495,0.397572,58.860255,7.826617,7.826617,192.356177
10.631929,0.461414,61.558045,9.328042,9.328042,197.256137
9.724559,0.432613,51.598797,8.790885,8.790885,193.480895
7.630935,0.311364,36.587617,8.175838,8.175838,159.912576
8.201246,0.280675,38.664921,11.196256,11.196256,183.206409
7.417716,0.226435,34.438120,8.368096,8.368096,159.720765
6.921039,0.263427,33.208699,8.127357,8.127357,159.739486
7.595959,0.254178,33.763522,10.351766,10.351766,160.522087
6.932911,0.240995,34.511369,10.538808,10.538808,193.325341
7.867994,0.231874,34.235239,10.231732,10.231732,156.737275
5.717409,0.144066,23.245673,10.794587,10.794587,175.915926
8.601986,0.194146,34.479913,7.822521,7.822521,160.622472
6.951759,0.136770,24.930460,12.302924,12.302924,150.713943
11.068542,0.233155,44.253240,7.746488,7.746488,193.167707
8.885606,0.214498,34.790381,10.506872,10.506872,196.323808
11.199392,0.259395,49.544693,10.253781,10.253781,191.849357
11.189440,0.265731,50.728578,11.683781,11.683781,198.367095
9.944434,0.258915,41.473849,8.736484,8.736484,190.311740
7.886714,0.249859,31.422886,13.017877,13.017877,167.323509
5.675137,0.205283,19.809538,9.254154,9.254154,143.764361
10.447928,0.295971,39.588932,11.551940,11.551940,194.233449
8.015676,0.219074,28.965195,12.602800,12.602800,164.155378
10.904029,0.270659,39.957096,10.023058,10.023058,193.477664
10.995902,0.212578,44.861568,10.952125,10.952125,202.482119
11.783399,0.253859,51.638605,10.206453,10.206453,194.849553
12.140042,0.269795,50.162493,11.206560,11.206560,206.323443
8.806980,0.199170,30.521405,11.567652,11.567652,165.829957
11.305313,0.316420,43.143212,18.399762,18.399762,200.679571
7.391348,0.224387,26.880562,13.057781,13.057781,158.980407
10.816507,0.279139,52.258965,10.984606,10.984606,195.925757
11.317089,0.265795,47.102618,10.906365,10.906365,197.471663
8.314431,0.241987,35.353972,10.861596,10.861596,172.100974
7.855450,0.248739,31.721834,9.612237,9.612237,165.447201
5.273533,0.146337,20.284040,9.702479,9.702479,144.101358
5.856419,0.205506,23.742863,8.337279,8.337279,148.182172
5.915972,0.216642,23.594798,10.887229,10.887229,151.934952
6.135142,0.225219,23.084007,9.555181,9.555181,149.793327
8.768772,0.276963,39.992873,6.215335,6.215335,181.055060
8.965287,0.255363,36.893445,9.571757,9.571757,184.522908
7.714488,0.238979,34.638603,6.230855,6.230855,173.166234
11.443299,0.264931,42.445413,8.424608,8.424608,192.144595
8.480385,0.235170,30.350555,10.941725,10.941725,165.242879
6.715021,0.155970,21.648407,8.587458,8.587458,149.026663
6.270056,0.140929,20.899951,10.821980,10.821980,149.398699
6.122598,0.160450,20.299144,10.470776,10.470776,147.974075
6.357449,0.150754,22.137085,10.079411,10.079411,147.816569
6.498954,0.159394,23.204489,11.377410,11.377410,150.764730
11.907016,0.226851,42.387460,10.808923,10.808923,191.336746
9.361483,0.177378,32.267761,9.874225,9.874225,164.092019
12.126731,0.264579,46.044590,11.921064,11.921064,191.986610
8.619715,0.197346,36.075420,10.739866,10.739866,180.629744
8.295903,0.236387,34.861806,10.116339,10.116339,189.095281
12.025514,0.319043,48.898703,15.221358,15.221358,203.626616
12.539535,0.341444,47.156571,12.755026,12.755026,198.464605
8.124893,0.224546,38.334166,14.090593,14.090593,195.971968
8.643939,0.218626,33.360158,12.973365,12.973365,168.536007
8.314079,0.205986,36.308991,13.106453,13.106453,184.508990
7.989627,0.236547,31.826412,12.729969,12.729969,167.658909
11.577509,0.282531,38.508824,14.045793,14.045793,198.276156
8.329919,0.244195,31.245925,17.340391,17.340391,171.925486
12.035850,0.273091,43.751125,14.486533,14.486533,193.574150
13.655740,0.280740,56.052833,16.597534,16.597534,214.194514
8.886886,0.227362,32.370962,14.308547,14.308547,191.332908
14.745704,0.225539,34.949264,15.764948,15.764948,193.364739
15.331215,0.277091,55.716286,15.446032,15.446032,212.812770
16.442237,0.235810,56.002369,16.251066,16.251066,213.080486
17.827436,0.226467,53.080959,18.499507,18.499507,211.152080
10.214677,0.199330,34.722765,17.788139,17.788139,200.991355
18.538612,0.232546,53.333539,20.020421,20.020421,222.397905
12.937908,0.188642,36.092637,15.621267,15.621267,197.678454
10.680635,0.175842,30.655774,14.830890,14.830890,175.231670
13.805054,0.187074,37.839761,17.403784,17.403784,199.697198
18.586741,0.252611,58.205434,14.084321,14.084321,222.677493
18.891225,0.260067,52.439512,17.442567,17.442567,214.475671
19.039610,0.301668,50.774213,16.991011,16.991011,214.192853
9.982578,0.198018,25.872489,17.982830,17.982830,175.462137
12.903507,0.196611,34.544747,18.003886,18.003886,200.410262
10.183093,0.171970,27.390809,15.976823,15.976823,175.299351
13.444666,0.217731,35.692952,19.272028,19.272028,204.357764
9.803249,0.157954,27.148086,17.845292,17.845292,175.953727
12.597425,0.209794,37.543982,20.599404,20.599404,206.667071
8.551298,0.194658,23.612847,16.150489,16.150489,167.742369
12.335437,0.249699,33.418751,18.990617,18.990617,203.502970
15.801493,0.284995,50.375745,16.698015,16.698015,213.305963
17.148708,0.325956,52.778845,16.670367,16.670367,218.450886
17.244069,0.264419,53.840041,14.576519,14.576519,216.326606
11.402595,0.233506,34.915632,16.359996,16.359996,195.188604
18.769943,0.283907,47.861860,16.092952,16.092952,212.693572
11.547109,0.184738,39.016191,14.933163,14.933163,200.129557
9.744239,0.171906,28.208196,18.343507,18.343507,197.235860
10.044531,0.199139,30.113945,17.714027,17.714027,201.412676
10.334934,0.196771,27.790942,15.349808,15.349808,178.846209
12.722386,0.232899,33.224540,13.781246,13.781246,195.132252
18.266546,0.318915,51.707025,13.021589,13.021589,215.438789
8.424768,0.215715,22.648835,12.495951,12.495951,164.861121
8.088221,0.204386,22.928583,15.734709,15.734709,163.559539
8.371392,0.213186,22.586979,18.618229,18.618229,166.280306
11.694662,0.261347,35.752154,13.024438,13.024438,194.855162
15.787573,0.326403,46.352628,16.267226,16.267226,205.090126
11.619013,0.278179,35.728954,16.796512,16.796512,199.717394
15.812021,0.344644,51.925523,15.068525,15.068525,213.906004
15.286447,0.391781,52.163510,14.560967,14.560967,209.750596
11.076831,0.293251,36.001213,17.500520,17.500520,195.744260
14.650568,0.344452,41.323514,14.760329,14.760329,198.908969
14.587911,0.363268,47.226205,13.759134,13.759134,204.869357
14.390437,0.430373,47.916582,10.296502,10.296502,205.557525
9.579182,0.343044,28.856811,10.628058,10.628058,174.303567
13.011893,0.466181,44.055386,14.209315,14.209315,203.522782
12.789202,0.424741,42.667626,12.812755,12.812755,205.073040
15.689044,0.415909,44.905123,12.534608,12.534608,202.647381
11.190593,0.306051,33.266014,11.987433,11.987433,181.819782
16.152857,0.567142,42.470408,17.557962,17.557962,202.057070
8.154878,0.129249,19.840260,17.976782,17.976782,163.324754
6.703661,0.093057,21.016594,15.823030,15.823030,154.060232
6.649837,0.100833,17.666923,18.939514,18.939514,155.252310
12.426094,0.181635,47.048859,15.769333,15.769333,204.879279
13.151607,0.217794,56.707947,17.174502,17.174502,218.549548
13.910432,0.308740,49.819899,15.387664,15.387664,209.891081
15.038284,0.306596,53.083777,18.466676,18.466676,219.913532
13.578652,0.307300,49.503768,16.152089,16.152089,216.391028
12.472911,0.353444,41.537693,17.168101,17.168101,198.859051
9.130633,0.296259,34.712879,12.099723,12.099723,194.779452
7.766425,0.188578,26.133036,16.074584,16.074584,169.892382
9.707983,0.243971,34.431467,13.584380,13.584380,198.688905
14.793258,0.230819,36.697221,15.524819,15.524819,199.488467
6.839374,0.155394,22.785990,13.342393,13.342393,161.667520
9.339659,0.193826,33.663107,12.513232,12.513232,198.646185
9.183017,0.210211,30.693504,15.758325,15.758325,172.073368
13.795742,0.245187,43.992025,16.356188,16.356188,197.628573
9.722639,0.164514,34.021767,12.212588,12.212588,173.068323
12.068938,0.214595,40.609906,13.590364,13.590364,196.825396
8.782980,0.202083,29.072846,14.536423,14.536423,166.685402
7.028432,0.175426,22.600772,13.796190,13.796190,155.384472
6.858287,0.134625,21.573656,11.983977,11.983977,154.155818
6.503115,0.150242,19.524064,10.180885,10.180885,148.131942
7.042673,0.139041,20.382090,14.191747,14.191747,154.175211
6.739661,0.137986,19.365694,12.649937,12.649937,150.138012
13.692413,0.222755,43.029838,10.829117,10.829117,191.740443
14.092290,0.180866,42.953933,13.591836,13.591836,196.730132
10.376344,0.162209,29.382354,10.374839,10.374839,178.810695
9.406316,0.157121,30.551519,13.631740,13.631740,194.082806
13.574492,0.154242,47.038525,12.464400,12.464400,198.973423
13.365850,0.196450,35.523192,14.858379,14.858379,200.164989
15.315952,0.258211,42.872396,14.947372,14.947372,194.169943
16.241211,0.227971,45.668269,13.599132,13.599132,198.439785
14.539655,0.178466,40.753172,10.747099,10.747099,193.986997
16.354268,0.159394,38.443705,17.346631,17.346631,196.242671
11.535109,0.146817,29.081007,12.485199,12.485199,163.133939
8.653891,0.111617,23.698449,16.458621,16.458621,156.213027
8.854598,0.119809,22.639588,12.475664,12.475664,150.302272
8.906919,0.116673,23.707345,16.760256,16.760256,156.956269
8.564770,0.133698,20.145543,11.264257,11.264257,144.894529
9.023368,0.119266,21.419574,11.641094,11.641094,163.633370
9.274635,0.084289,23.935411,17.904910,17.904910,157.944376
8.947814,0.084065,22.404930,14.801610,14.801610,150.509186
9.907218,0.108353,24.316536,13.508667,13.508667,153.181857
9.078344,0.110593,21.625849,14.951084,14.951084,151.901042
19.023739,0.158081,40.724821,14.648712,14.648712,191.281015
12.085483,0.112961,30.858307,11.052959,11.052959,162.562189
13.527899,0.127906,40.591891,15.240239,15.240239,195.395302
18.809912,0.202915,52.635645,14.690441,14.690441,204.640689
19.969318,0.196322,54.851031,15.207439,15.207439,207.310417
19.581089,0.214498,54.146031,15.811382,15.811382,207.499954
11.572677,0.171266,34.141705,16.384412,16.384412,172.940421
17.179494,0.244643,45.358986,17.894574,17.894574,195.674315
11.600677,0.206242,29.927321,14.037249,14.037249,162.954674
8.698372,0.095297,23.360525,18.207921,18.207921,155.467516
17.023651,0.226083,40.915351,13.018038,13.018038,193.335376
11.859689,0.176290,32.732248,14.491527,14.491527,168.597748
12.469071,0.181698,39.079554,13.235352,13.235352,185.251507
10.537050,0.165890,28.856300,13.673501,13.673501,162.677840
16.725536,0.184354,47.142366,16.856962,16.856962,193.548114
10.742428,0.153474,42.047172,16.400124,16.400124,179.821558
13.419386,0.194339,50.446436,18.022064,18.022064,197.405888
8.775557,0.165026,39.950252,13.649725,13.649725,172.038108
13.082966,0.270947,59.460780,13.085719,13.085719,202.483930
9.288267,0.258787,46.199188,12.694226,12.694226,189.206274
8.854438,0.279908,43.645878,13.122967,13.122967,186.045182
9.261131,0.260259,42.901422,13.784959,13.784959,188.636284
8.280735,0.339940,29.986137,8.909799,8.909799,164.324612
8.386113,0.310627,32.962460,12.423151,12.423151,182.865849
7.858586,0.315524,30.290205,6.392810,6.392810,162.869619
10.886877,0.347492,44.550689,9.032296,9.032296,194.984196
9.552942,0.331524,30.985669,9.597358,9.597358,170.663533
8.593091,0.287427,33.605955,7.971644,7.971644,188.308088
7.685081,0.274915,26.601682,9.934002,9.934002,163.066998
10.520089,0.378597,40.800694,8.636932,8.636932,190.322672
9.855473,0.327460,39.989836,9.040232,9.040232,199.502329
8.104093,0.260579,27.958146,8.573507,8.573507,169.106715
10.570138,0.357892,35.634938,7.604312,7.604312,187.047274
8.912295,0.308803,28.293734,10.056596,10.056596,173.539023
9.641743,0.396133,31.599532,8.612579,8.612579,191.588191
7.719897,0.340996,23.359437,8.544386,8.544386,164.544551
5.118907,0.190147,14.651592,5.945700,5.945700,146.032018
8.786181,0.456773,32.458390,7.228307,7.228307,189.623976
8.502530,0.510501,31.298409,5.755810,5.755810,189.897163
7.673145,0.603591,29.578644,6.944528,6.944528,193.245106
8.115517,0.571847,32.163026,6.830351,6.830351,189.697225
8.261983,0.647751,30.896900,6.090246,6.090246,192.446441
8.486530,0.582919,31.460618,8.174942,8.174942,195.771184
6.230088,0.392453,21.398838,6.208967,6.208967,165.864151
6.455275,0.319331,22.908328,7.398517,7.398517,177.184698
6.493835,0.246626,23.221452,7.818106,7.818106,166.974852
7.788922,0.261347,23.090378,6.593004,6.593004,176.478994
7.664888,0.246275,23.435150,7.660568,7.660568,161.711624
7.351189,0.190338,23.090699,8.448353,8.448353,162.803893
7.412437,0.228675,24.143606,5.896132,5.896132,93.640983
5.202812,0.150978,17.593674,5.193916,5.193916,77.385244
6.054149,0.144514,20.017095,5.565632,5.565632,86.092704
6.810191,0.130881,20.034887,6.403978,6.403978,79.230226
7.777242,0.138529,25.778986,5.126108,5.126108,95.794833
7.989660,0.100993,25.089089,6.309801,6.309801,85.953983
8.106653,0.120258,26.458417,6.498826,6.498826,83.512610
8.785829,0.108130,28.401703,8.695332,8.695332,156.056871
7.256500,0.095873,22.180320,9.980243,9.980243,137.450737
6.827503,0.116001,19.384991,4.627957,4.627957,70.453964
7.847067,0.177058,21.994269,7.656441,7.656441,76.516819
7.820506,0.247491,24.723805,4.458195,4.458195,84.784369
7.745497,0.140354,22.866632,6.908400,6.908400,83.219488
7.520983,0.157185,23.010794,4.634037,4.634037,75.937579
7.555864,0.150625,25.063905,6.255432,6.255432,86.998891
6.564844,0.094529,22.300289,5.099195,5.099195,75.769162
7.296340,0.150914,24.432505,5.205660,5.205660,82.748890
6.668141,0.081313,19.015067,5.114843,5.114843,73.073931
7.352309,0.113569,24.575388,9.209514,9.209514,78.408456
6.879119,0.066209,20.852560,5.219772,5.219772,75.457606
