#Stereo rect[ms], MP culling[ms], MP creation[ms], LBA[ms], KF culling[ms], Total[ms]
9.029201,0.042849,0.489062,0.015552,0.015552,9.589176
9.422357,0.112482,0.884555,0.004416,0.004416,10.427938
9.461814,0.153026,1.528403,0.218083,0.218083,20.743939
9.847163,0.156578,2.386622,0.320164,0.320164,25.411006
10.056766,0.159938,3.163079,0.419877,0.419877,22.970943
10.381761,0.173570,20.345951,0.629224,0.629224,66.058233
10.678342,0.265891,22.150005,0.832075,0.832075,72.046469
12.204920,0.421062,30.314170,0.864971,0.864971,88.063852
12.905953,0.496742,29.979351,1.339345,1.339345,97.719781
13.855309,0.394245,36.246021,67.951601,67.951601,171.030233
15.133246,0.407653,37.802648,0.988973,0.988973,101.319667
15.845126,0.289892,41.463206,1.127566,1.127566,132.965822
16.069833,0.401701,38.393343,1.237391,1.237391,111.496273
16.465102,0.385253,33.530499,1.406577,1.406577,126.773840
17.665533,0.258499,34.734738,1.538003,1.538003,126.310603
19.428914,0.251363,38.884294,1.685206,1.685206,128.589223
17.064725,0.268548,45.670138,1.939161,1.939161,140.315834
19.718999,0.325124,46.833705,2.127994,2.127994,149.719504
21.585326,0.498182,47.830550,2.107163,2.107163,158.931491
17.442906,0.213379,38.531233,2.243100,2.243100,143.045244
21.800369,0.231042,46.869290,2.719138,2.719138,161.555427
23.619623,0.407909,61.823556,5.311266,5.311266,201.958683
20.577761,0.290884,48.214170,3.704014,3.704014,383.036083
20.642914,0.395013,45.292566,4.755387,4.755387,169.785706
24.928504,0.478086,63.111860,4.199541,4.199541,224.554551
18.905293,0.455749,58.835936,3.941617,3.941617,188.012334
23.767753,0.559911,56.529091,3.380747,3.380747,195.668206
23.273827,0.331620,41.556871,3.609773,3.609773,178.144306
25.251771,0.410885,51.186144,3.968145,3.968145,197.438723
17.464282,0.278596,34.546319,5.385604,5.385604,175.454929
27.038162,0.308036,52.634706,4.135123,4.135123,206.600886
29.595186,0.385893,55.380820,5.672615,5.672615,245.597053
13.152996,0.200514,29.327023,4.516281,4.516281,174.304162
13.144452,0.227683,30.502590,6.829813,6.829813,202.187199
23.026240,0.404229,55.329268,5.379011,5.379011,226.276812
9.299797,0.195234,23.392740,6.865430,6.865430,163.421307
8.280967,0.098689,19.412051,4.017138,4.017138,144.814193
17.405785,0.156194,39.968404,5.237505,5.237505,160.704984
17.789407,0.128097,48.903971,7.229818,7.229818,199.851170
9.831450,0.045249,0.532839,0.005888,0.005888,10.419394
9.673241,0.100961,1.016237,0.005344,0.005344,10.799911
9.900411,0.172675,1.344144,0.497831,0.497831,23.685096
10.073822,0.135842,1.853399,0.571975,0.571975,26.940881
10.295105,0.031136,2.034714,0.658440,0.658440,24.892183
10.482979,0.038977,2.448094,0.817290,0.817290,26.312105
10.692549,0.034433,2.955717,0.902859,0.902859,29.021802
11.045514,0.041760,3.607949,0.786025,0.786025,31.911182
11.321806,0.041472,3.958322,1.053741,1.053741,34.570000
11.595793,0.038913,4.265685,59.859308,59.859308,96.123281
11.835252,0.027712,4.517048,1.458035,1.458035,48.400637
12.062678,0.012417,5.471268,1.439698,1.439698,54.132996
9.249395,0.044993,0.536935,0.006560,0.006560,9.842299
9.668409,0.130754,0.923147,0.004704,0.004704,10.731206
9.836507,0.151362,1.470802,0.468390,0.468390,23.536166
10.009501,0.149346,1.806487,0.638824,0.638824,22.543386
10.297249,0.046240,2.070522,0.690441,0.690441,30.800417
10.542884,0.044449,2.403390,0.789674,0.789674,26.198824
10.707654,0.038144,2.798595,0.872523,0.872523,29.093291
10.952521,0.038784,3.254857,0.959884,0.959884,31.734860
11.131275,0.036448,3.869905,1.054381,1.054381,34.970645
11.460879,0.034273,4.263925,44.215369,44.215369,80.811410
11.923413,0.030657,4.989790,1.296528,1.296528,50.441207
12.290906,0.009920,5.683463,1.373330,1.373330,54.216806
9.176051,0.048321,0.573351,0.005888,0.005888,9.807611
9.688857,0.152546,1.420978,0.005440,0.005440,11.273869
10.246208,0.301539,5.906346,0.534374,0.534374,35.819519
10.574277,0.415653,6.345807,0.742954,0.742954,32.499287
11.360686,0.428966,12.013814,1.020461,1.020461,59.515816
9.115218,0.313924,15.657636,1.362673,1.362673,62.935347
9.923356,0.436293,21.592878,1.497778,1.497778,82.928172
14.089169,0.500806,28.184480,1.460275,1.460275,99.461308
14.831225,0.475366,33.568836,1.628981,1.628981,121.508719
16.004072,0.473286,37.147057,117.507452,117.507452,246.279814
16.664272,0.374149,39.259178,1.659285,1.659285,121.812402
17.339769,0.401669,38.792741,1.798006,1.798006,131.495596
18.294725,0.491046,46.985515,2.067514,2.067514,150.790141
16.638928,0.360901,35.124503,2.189564,2.189564,123.904397
19.919257,0.415301,42.410195,2.488319,2.488319,145.521115
18.169027,0.385220,38.989256,2.862212,2.862212,160.150161
10.738694,0.310660,24.085197,2.831267,2.831267,134.050859
19.426003,0.475078,49.376393,2.660897,2.660897,185.788210
19.446483,0.567495,54.105445,2.985957,2.985957,222.879170
10.329441,0.375556,23.862763,3.659118,3.659118,168.109557
20.382943,0.550343,55.229906,4.081843,4.081843,201.061329
20.443360,0.518918,54.124965,5.613030,5.613030,218.996465
9.840187,0.406085,25.284028,5.516485,5.516485,401.675772
11.626514,0.520134,32.210579,5.419620,5.419620,191.411257
11.422478,0.440070,40.384377,5.483717,5.483717,188.588981
10.868936,0.476870,31.988400,5.381091,5.381091,164.131203
15.266527,0.619656,40.772541,4.029010,4.029010,176.422397
8.054724,0.339845,20.576513,5.705832,5.705832,151.618791
8.038149,0.354276,20.485056,4.676603,4.676603,149.760336
16.485870,0.604935,40.614300,5.856809,5.856809,206.078863
12.756319,0.494055,32.734649,4.665114,4.665114,193.081229
10.588100,0.448038,31.759405,7.208154,7.208154,197.114848
10.589444,0.431813,27.489624,4.730395,4.730395,167.559470
8.089413,0.280835,20.746531,7.549695,7.549695,167.225610
7.659744,0.374852,19.708311,4.809308,4.809308,153.540415
7.856450,0.317828,21.088424,5.679239,5.679239,161.893768
7.767873,0.341732,20.135900,3.716910,3.716910,158.544893
7.636960,0.298915,19.777688,3.080167,3.080167,188.633558
9.128594,0.423686,25.627552,5.251169,5.251169,178.908572
11.748595,0.548871,32.671416,2.997861,2.997861,201.549303
11.290573,0.459686,29.662195,3.683502,3.683502,186.616861
14.534069,0.553639,38.403776,3.821456,3.821456,204.445723
13.480104,0.465670,36.492968,3.694158,3.694158,204.691934
12.236217,0.410085,31.881935,4.883901,4.883901,207.983624
11.115051,0.395493,28.191649,4.378070,4.378070,199.955715
11.471471,0.341252,28.263330,6.707764,6.707764,209.818078
10.716774,0.365797,26.446858,7.233530,7.233530,191.701596
13.735947,0.332452,36.989199,6.120940,6.120940,220.955273
12.138776,0.369636,29.182317,7.501534,7.501534,218.168647
11.204972,0.412165,28.183584,6.279919,6.279919,196.640506
16.853266,0.424518,47.941367,8.071141,8.071141,232.792093
14.815033,0.495719,37.868121,7.805953,7.805953,213.395339
18.220900,0.619048,50.146610,6.030508,6.030508,230.381216
11.863092,0.342373,32.343508,4.527961,4.527961,217.057913
12.902465,0.383141,33.185151,4.740635,4.740635,200.616107
16.301835,0.510567,38.047227,9.067505,9.067505,225.531266
17.236695,0.542503,47.488209,5.313794,5.313794,226.724337
14.172721,0.468166,36.941422,7.960259,7.960259,278.033971
11.160523,0.452614,28.786088,5.590374,5.590374,194.028633
16.751953,0.534823,41.013569,8.806254,8.806254,219.630265
19.198608,0.605575,49.034469,4.194452,4.194452,227.023893
16.968948,0.545479,43.787555,9.733114,9.733114,232.111605
13.117508,0.483718,33.435074,4.986047,4.986047,197.771880
17.195990,0.590056,42.725622,10.181088,10.181088,213.319146
15.497730,0.524039,41.107458,5.223521,5.223521,206.481589
19.379922,0.621352,47.041900,6.944343,6.944343,219.394806
14.926906,0.401189,42.166927,5.810152,5.810152,206.954650
12.838337,0.403397,34.060937,6.756501,6.756501,197.050175
17.861312,0.526694,42.594229,7.209338,7.209338,220.063583
20.294398,0.591143,51.886184,6.568754,6.568754,225.723909
19.836664,0.522758,53.818529,7.475261,7.475261,233.432645
19.302993,0.561063,56.395457,6.187693,6.187693,707.721005
17.422169,0.976973,56.600451,6.966839,6.966839,234.455666
11.498544,0.587303,33.125918,7.149881,7.149881,199.131001
11.446895,0.511238,32.265460,7.774242,7.774242,217.117146
18.376581,0.841515,46.599526,8.683020,8.683020,228.699466
18.093506,0.779337,51.597541,9.321748,9.321748,233.359716
12.344666,0.592583,34.087882,7.484830,7.484830,218.196231
8.756814,0.695432,25.001465,9.344405,9.344405,190.669615
10.316545,0.568967,29.812597,8.765070,8.765070,203.906485
9.578936,0.741801,27.698298,11.542800,11.542800,193.986361
11.538640,0.641640,35.778271,8.749421,8.749421,208.070632
7.935972,0.696456,24.254992,11.709554,11.709554,188.980250
12.072599,0.651657,37.041550,12.023926,12.023926,215.428229
8.279368,0.649640,25.922852,11.971798,11.971798,192.942956
11.149355,0.769929,33.577764,13.756460,13.756460,219.234836
12.044470,0.978604,48.475998,7.507358,7.507358,229.142064
12.017686,0.954732,47.014700,9.714841,9.714841,231.903122
10.983977,0.740362,44.666510,13.193893,13.193893,229.569749
8.646956,0.563527,26.094086,12.230361,12.230361,192.669384
12.818336,0.735434,37.327602,13.758316,13.758316,215.173314
11.165580,0.710249,35.383066,7.998308,7.998308,208.739281
9.356949,0.601351,28.628358,8.545611,8.545611,214.112020
14.539254,0.831723,47.814357,8.900719,8.900719,230.793797
7.933027,0.597448,26.055077,17.239544,17.239544,218.258120
13.657515,0.850187,46.957578,11.958229,11.958229,228.023490
8.503595,0.593255,29.712884,8.466698,8.466698,199.188762
9.966652,0.536135,29.863349,13.073348,13.073348,217.375869
14.356180,0.775337,45.352887,11.093131,11.093131,229.042095
8.620076,0.564903,27.456663,11.802836,11.802836,217.456126
13.755916,0.715113,46.092096,10.112222,10.112222,231.657168
13.610090,0.780202,49.701261,11.576497,11.576497,235.204348
10.739878,0.632520,32.520247,13.212933,13.212933,205.833677
12.032918,0.552007,34.870516,7.882914,7.882914,208.034952
14.660343,0.689417,53.484860,10.675429,10.675429,242.624568
11.398415,0.683528,35.395867,6.797557,6.797557,209.844159
8.819566,0.623080,27.583737,9.549400,9.549400,194.726818
10.536772,0.569255,32.395093,11.266541,11.266541,206.724856
9.730874,0.601127,27.484344,11.126315,11.126315,199.082456
10.371521,0.552391,29.937398,11.849492,11.849492,223.091332
9.223347,0.607816,28.928937,9.403766,9.403766,200.716685
11.264077,0.665928,38.135197,10.373570,10.373570,216.497682
7.904547,0.469797,24.026605,9.279379,9.279379,190.077736
7.888226,0.473030,24.421778,9.088178,9.088178,192.344836
8.566987,0.445414,25.730497,10.370626,10.370626,196.020754
7.912259,0.439781,25.196347,6.346607,6.346607,190.804753
7.378044,0.384581,24.393713,11.433391,11.433391,193.001325
7.170394,0.409093,23.426437,8.265703,8.265703,178.973629
9.091633,0.546407,33.056701,8.596620,8.596620,192.738697
9.425814,0.547143,34.288236,5.860361,5.860361,110.260066
6.925047,0.350500,27.928797,8.025477,8.025477,177.681069
10.092190,0.553959,37.025071,9.718393,9.718393,189.874438
11.516976,0.608295,43.805540,5.429923,5.429923,131.921841
12.166905,0.642280,47.198285,8.420745,8.420745,202.003965
9.252051,0.564615,35.262489,8.008708,8.008708,202.146110
9.465654,0.670984,32.970365,8.127910,8.127910,180.040938
13.966767,0.996556,54.259591,9.453846,9.453846,216.885431
10.948841,0.741385,41.326436,8.180839,8.180839,212.734563
10.082367,0.696072,33.035357,7.749761,7.749761,184.259328
14.901466,1.085614,55.501558,5.297218,5.297218,221.220333
12.272986,0.571399,42.976473,9.184915,9.184915,207.878375
10.762726,0.646504,33.620004,10.680230,10.680230,190.809937
14.367316,0.684105,42.766326,9.744090,9.744090,221.732084
16.118858,0.750793,58.919457,9.009200,9.009200,226.898676
16.456526,0.636616,60.004846,11.163403,11.163403,232.401337
16.659792,0.577256,60.974138,6.605682,6.605682,230.592610
16.801714,0.659912,58.252824,10.808935,10.808935,231.140713
9.269044,0.445797,27.757339,9.984893,9.984893,184.953032
16.584208,0.639848,50.556408,7.998948,7.998948,222.954563
8.981008,0.390661,26.296969,11.199468,11.199468,202.192927
9.625496,0.484454,27.811100,11.209516,11.209516,203.445167
9.548920,0.477894,28.989642,9.685721,9.685721,207.491170
9.894971,0.478790,30.242810,9.509239,9.509239,189.631842
16.322540,0.828074,50.382038,10.020733,10.020733,227.394138
8.284231,0.383685,24.020620,8.450986,8.450986,186.494619
10.444163,0.599015,31.299880,7.013399,7.013399,195.440299
8.604587,0.524967,27.790043,11.830932,11.830932,199.561950
8.343176,0.438245,23.600711,10.161120,10.161120,182.641227
15.072349,0.745481,50.977213,9.609912,9.609912,230.299839
8.185575,0.465381,25.869316,11.410799,11.410799,191.007252
15.718213,0.828202,55.137521,10.109438,10.109438,242.022577
10.274208,0.543687,46.879850,10.505187,10.505187,226.974773
11.416463,0.647912,48.430525,10.643013,10.643013,239.717908
10.893992,0.743593,43.434431,5.962058,5.962058,230.689859
11.417039,0.800106,47.736949,3.410122,3.410122,231.840242
15.835462,0.876619,50.499991,6.183181,6.183181,242.909404
15.082237,0.793834,31.777421,5.245794,5.245794,264.474090
10.033853,0.689961,32.393109,5.449573,5.449573,213.986323
9.143923,0.503654,28.335746,5.660230,5.660230,214.810621
9.969948,0.545735,28.638630,6.252462,6.252462,243.926792
11.781107,0.589128,37.536565,4.750940,4.750940,259.046886
9.443830,0.427077,29.965751,5.487780,5.487780,217.841475
8.367785,0.343012,26.902545,7.532094,7.532094,213.593806
16.035336,0.599464,47.942391,6.097004,6.097004,261.120736
16.442029,0.700969,53.232249,8.143301,8.143301,268.317913
10.223840,0.428837,35.369978,6.633906,6.633906,237.079316
13.953614,0.538887,41.577448,6.449329,6.449329,250.796415
15.312032,0.450661,51.297921,9.510007,9.510007,260.537113
9.022193,0.427654,32.309043,8.401257,8.401257,222.709696
8.399657,0.303012,32.863322,12.992994,12.992994,226.459566
8.779278,0.336516,31.109541,8.338953,8.338953,221.879414
8.806830,0.320292,33.954089,11.825907,11.825907,224.417365
9.010064,0.282532,31.712076,5.900234,5.900234,219.074866
9.546327,0.308580,33.005629,8.218310,8.218310,219.971485
9.460022,0.327108,31.781581,9.275412,9.275412,210.581608
8.148197,0.292516,29.038443,6.079884,6.079884,210.840427
9.367413,0.287396,35.449563,9.862812,9.862812,211.474388
8.000580,0.290212,33.818727,8.575307,8.575307,212.110011
15.220222,0.395525,51.617701,7.215258,7.215258,235.959205
15.380769,0.406661,59.722026,7.188442,7.188442,255.450617
15.500450,0.475398,62.457709,6.093420,6.093420,259.125127
11.204844,0.338020,42.595508,5.697031,5.697031,220.618661
17.496411,0.482086,59.119395,7.200250,7.200250,266.130110
13.316838,0.384453,41.170978,7.676864,7.676864,224.994716
9.044945,0.337860,33.852807,12.853953,12.853953,218.779695
13.459465,0.427653,40.921279,10.558340,10.558340,233.111298
7.116825,0.266979,21.342187,7.979748,7.979748,196.908413
7.864738,0.264867,27.777628,10.190783,10.190783,213.720047
7.655199,0.239587,26.347018,8.193543,8.193543,196.644666
15.441921,0.220707,58.448922,7.782017,7.782017,256.409125
16.005256,0.390468,50.483928,9.836987,9.836987,234.013549
6.990679,0.203843,21.243529,8.067876,8.067876,185.401325
10.908296,0.275908,33.014076,8.165126,8.165126,212.183068
8.563179,0.345956,26.212872,8.474442,8.474442,192.543398
11.859125,0.355044,38.383552,8.479754,8.479754,214.628635
7.244794,0.254915,22.362968,8.643660,8.643660,183.654775
10.188799,0.271108,28.081631,11.696914,11.696914,195.571916
9.351285,0.200163,27.170259,9.094130,9.094130,192.664265
14.381844,0.325604,43.432831,7.623743,7.623743,214.124692
12.962114,0.314564,35.048694,12.001814,12.001814,202.221920
13.025315,0.303844,34.384045,11.852917,11.852917,213.023271
11.106891,0.395396,32.237843,10.128671,10.128671,194.007993
13.225541,0.458758,36.623498,11.902901,11.902901,212.646978
9.893371,0.447334,29.364175,15.995144,15.995144,209.950016
8.888591,0.467942,28.270593,11.295886,11.295886,180.940214
12.039383,0.486630,34.697585,14.061551,14.061551,197.952650
12.048183,0.573159,45.811644,11.651954,11.651954,211.563221
9.471895,0.365700,29.185293,17.675645,17.675645,197.800521
9.300020,0.490278,25.533248,9.603288,9.603288,180.880885
11.731571,0.358020,33.219072,10.998058,10.998058,198.853686
10.144095,0.425701,30.895843,16.517166,16.517166,194.954661
10.758534,0.378629,29.913046,12.229817,12.229817,186.285176
13.941679,0.387813,35.767423,16.623760,16.623760,203.001610
12.865985,0.437734,34.361645,9.547608,9.547608,209.174807
11.896149,0.401317,31.540778,13.430824,13.430824,213.019783
11.513424,0.341604,29.286158,17.216983,17.216983,196.899261
10.625445,0.391557,25.102298,15.386945,15.386945,195.779632
13.764652,0.516103,40.658844,12.392027,12.392027,210.181987
11.131659,0.343941,28.099871,15.743429,15.743429,176.564383
13.991279,0.368709,32.958044,14.628343,14.628343,200.465514
14.178641,0.428550,33.457026,12.634014,12.634014,185.926388
22.523897,0.536999,56.566723,17.226135,17.226135,231.809169
16.315052,0.365093,42.567092,16.363021,16.363021,210.951533
13.450888,0.343685,34.948948,13.872333,13.872333,205.445640
17.234359,0.438758,46.172929,17.361945,17.361945,210.605001
18.100643,0.378788,44.642862,14.601206,14.601206,207.133149
23.197218,0.574024,54.513577,15.363520,15.363520,233.633065
22.179573,0.574119,57.842483,13.663595,13.663595,226.442126
15.420640,0.370309,45.809725,12.898913,12.898913,208.031528
13.695851,0.421541,34.416590,12.605469,12.605469,194.927972
18.503816,0.449541,43.319166,15.568354,15.568354,215.429381
11.117419,0.343748,27.841532,16.011848,16.011848,187.129827
14.202641,0.431526,36.447815,16.823602,16.823602,205.097219
12.841728,0.467558,35.251673,16.669201,16.669201,206.550294
10.078653,0.463526,25.123610,14.744056,14.744056,188.045870
14.693591,0.585672,38.263774,11.595153,11.595153,211.259824
9.715449,0.689961,28.787976,11.245741,11.245741,190.637007
16.436942,0.523782,44.199657,18.053569,18.053569,230.831621
8.381001,0.504006,25.887236,12.162552,12.162552,203.602545
9.261140,0.475878,39.688944,17.740638,17.740638,212.727043
8.701709,0.445958,38.951335,18.540744,18.540744,212.464320
8.736941,0.464614,38.990216,11.780116,11.780116,208.197419
8.063589,0.419397,37.464852,18.099458,18.099458,212.815940
8.483658,0.460710,37.987867,19.460883,19.460883,215.147297
8.655405,0.440229,38.384992,18.204996,18.204996,217.006297
8.886415,0.433445,37.571222,22.971487,22.971487,224.094481
8.804686,0.425445,36.388711,21.463724,21.463724,218.016837
8.715021,0.371428,36.780876,18.202979,18.202979,211.638805
8.732238,0.289603,32.026257,22.016883,22.016883,214.429785
8.955279,0.486279,30.466940,18.827147,18.827147,204.600029
9.447126,0.413733,32.838171,16.670416,16.670416,215.757353
9.137746,0.441285,31.957776,21.539885,21.539885,220.047390
8.966256,0.332325,31.563818,16.997332,16.997332,219.832348
9.233043,0.438278,33.131838,16.576080,16.576080,209.115702
17.034581,0.567015,51.918857,18.532616,18.532616,244.944726
17.069782,0.745225,59.627369,17.800446,17.800446,251.658058
16.921075,0.593384,56.939336,16.909267,16.909267,250.355705
14.976155,0.483622,47.927447,13.061315,13.061315,242.846587
13.852845,0.530247,44.478124,17.672765,17.672765,241.188103
8.924624,0.494630,30.257146,17.462938,17.462938,229.115376
9.999709,0.486502,32.600983,24.034476,24.034476,234.652597
10.173631,0.527367,32.754681,16.930964,16.930964,229.426228
19.424531,0.760041,52.318478,16.013544,16.013544,260.535257
15.902183,0.490022,48.401085,19.137743,19.137743,261.360387
12.299546,0.613895,39.493358,17.529692,17.529692,249.643441
21.771632,0.974444,61.529569,14.537909,14.537909,288.828410
12.829824,0.772266,53.348155,18.508712,18.508712,262.221838
9.327861,0.697768,32.013552,10.358690,10.358690,228.774924
8.521834,0.596232,28.696486,16.026696,16.026696,230.856613
8.990257,0.681512,30.159641,13.578122,13.578122,238.593639
9.432662,0.617032,32.095793,14.264498,14.264498,244.792116
18.847692,1.059949,55.992988,19.861208,19.861208,287.633868
13.204229,0.915211,55.806650,16.637232,16.637232,273.339225
15.460193,0.880651,60.042574,11.957269,11.957269,282.296264
13.855950,0.749929,44.814608,15.759237,15.759237,260.957374
13.909165,0.526919,49.953520,17.311288,17.311288,268.989698
20.418335,0.897259,70.857526,11.759251,11.759251,308.664370
11.132683,0.503719,38.645379,16.817074,16.817074,253.345375
15.033244,0.403525,47.101741,19.452403,19.452403,273.422010
17.841183,0.770922,61.103579,14.655927,14.655927,296.183158
11.948821,0.468134,37.793081,21.973619,21.973619,274.082594
11.060906,0.424069,35.842880,19.543988,19.543988,256.420645
22.473688,0.459558,63.472826,20.630306,20.630306,302.016223
11.372558,0.478982,33.445123,19.499795,19.499795,254.566702
11.464048,0.428901,33.631364,20.354782,20.354782,258.945285
14.635447,0.580711,45.277270,24.899863,24.899863,276.482720
12.709887,0.468102,43.125467,20.241725,20.241725,268.633438
20.572321,0.672041,62.508621,23.453765,23.453765,304.319004
16.707217,0.658888,59.212452,24.124973,24.124973,301.446264
14.321011,0.847978,60.068751,25.368605,25.368605,297.037569
8.113221,0.640809,31.857838,17.624157,17.624157,174.919979
12.407451,0.734825,45.020787,24.424593,24.424593,284.139295
9.542967,0.483782,32.843419,20.990471,20.990471,257.186127
10.424451,0.607495,38.266559,13.271398,13.271398,268.961955
9.834651,0.552263,34.903220,16.614480,16.614480,260.487929
20.100284,0.669000,70.626931,20.109148,20.109148,311.779002
21.482093,0.557831,54.663595,17.598844,17.598844,313.427790
21.979315,0.464390,60.036206,20.979814,20.979814,309.859842
13.099876,0.309476,47.300207,19.415730,19.415730,288.481622
13.394407,0.371397,46.179489,23.881418,23.881418,292.258437
12.786816,0.342660,39.733201,17.200247,17.200247,309.963426
25.118298,0.452102,58.177047,24.712693,24.712693,320.535751
18.910989,0.406181,50.282932,17.837631,17.837631,327.519454
12.530557,0.254339,39.019752,22.909566,22.909566,313.901108
23.820970,0.435941,55.930491,20.634146,20.634146,342.179221
12.911650,0.320548,47.081964,25.613280,25.613280,300.709679
14.435189,0.294308,42.558580,17.817855,17.817855,301.120693
18.290308,0.367045,44.823664,25.593472,25.593472,338.142915
14.861722,0.236195,38.061372,21.197609,21.197609,299.148572
25.532671,0.318212,53.531869,26.272328,26.272328,332.356090
15.865542,0.232867,42.080462,26.086470,26.086470,333.097124
32.962812,0.320804,62.767505,21.726320,21.726320,332.507229
34.611057,0.380100,63.806206,23.295044,23.295044,339.877785
16.567247,0.213283,38.916198,19.654486,19.654486,281.522559
36.232101,0.443590,64.054688,22.085332,22.085332,338.853452
36.024419,0.431813,59.195940,21.096135,21.096135,337.755423
27.040306,0.325668,57.252652,20.863429,20.863429,326.441425
19.159184,0.249667,45.958046,26.637997,26.637997,330.009917
33.586084,0.387973,64.304580,28.976362,28.976362,369.152135
40.908383,0.415141,78.691928,30.254938,30.254938,402.949421
18.366469,0.315428,43.657762,29.992759,29.992759,330.130975
38.992711,0.388613,70.328047,31.831438,31.831438,352.382549
29.556945,0.336869,61.307422,24.166798,24.166798,330.257344
16.526415,0.265763,38.665124,26.009701,26.009701,313.804915
17.265368,0.309476,40.108341,29.942198,29.942198,314.857344
17.031541,0.357828,38.716388,25.751746,25.751746,303.528242
25.676545,0.497414,48.796482,25.217724,25.217724,307.063231
23.374788,0.424069,49.103814,30.978787,30.978787,307.648741
14.276115,0.356004,31.908751,22.743165,22.743165,302.741225
15.040188,0.278339,32.262068,26.624653,26.624653,300.846737
15.637540,0.385477,33.156894,29.949271,29.949271,271.996297
19.107247,0.259588,36.756651,25.510431,25.510431,278.331960
19.747703,0.251811,39.092649,25.980421,25.980421,278.969568
14.530518,0.334468,29.066284,26.530796,26.530796,208.844787
10.030846,0.156162,21.719407,25.806306,25.806306,166.786501
8.881935,0.097378,20.304157,20.756547,20.756547,129.994649
17.678397,0.334916,45.180021,19.500660,19.500660,174.805353
17.737054,0.153218,48.159610,17.781022,17.781022,169.168835
17.051190,0.141889,46.256323,20.654114,20.654114,165.807385
17.716830,0.132418,51.415138,21.113704,21.113704,171.488864
18.603688,0.161218,53.209401,20.454784,20.454784,166.741796
