1403637149738319104.000000 0.752345681 1.548927069 -1.271806359 -0.594134450 -0.543999434 -0.406571120 0.431009024
1403637150038319104.000000 0.771165907 1.544275284 -1.264147758 -0.605967820 -0.571429849 -0.385094941 0.397458076
1403637150838319104.000000 0.916093349 1.708411217 -1.065825224 -0.605241179 -0.554335237 -0.420493305 0.386757195
1403637151088318976.000000 0.955398023 1.780987978 -1.020458341 -0.596351802 -0.547828317 -0.432686448 0.396271497
1403637151838319104.000000 1.052980900 1.923972130 -0.838610113 -0.600398719 -0.558044851 -0.416449219 0.393290341
1403637152088318976.000000 1.091905475 1.970328212 -0.793295503 -0.600285470 -0.559379697 -0.415237337 0.392848134
1403637152438319104.000000 1.149027944 2.037197351 -0.740703225 -0.603630960 -0.559789836 -0.409928113 0.392713755
1403637153888318976.000000 1.450184703 2.331169844 -0.640406191 -0.597238302 -0.560048878 -0.418880939 0.392670840
1403637154388318976.000000 1.536535740 2.440252066 -0.664328158 -0.618363619 -0.554047406 -0.389573097 0.398610979
1403637154738319104.000000 1.649871826 2.542545080 -0.729387283 -0.607635319 -0.561986327 -0.414801836 0.378008097
1403637154938319104.000000 1.718817949 2.608373404 -0.759553194 -0.623754442 -0.553538203 -0.417616218 0.360724926
1403637156838319104.000000 2.532072067 3.245464802 -0.888205767 -0.774793327 -0.262817115 -0.533094585 0.215482354
1403637157038319104.000000 2.661888599 3.236731768 -0.957440138 -0.784551263 -0.256496727 -0.531179130 0.191147894
1403637157438319104.000000 2.953608036 3.221148729 -1.083630443 -0.789442539 -0.246789917 -0.522541702 0.206942946
1403637157738319104.000000 3.218211174 3.185241461 -1.097883582 -0.788249791 -0.248867020 -0.517981946 0.220050588
1403637158188318976.000000 3.702434540 3.067311287 -1.091981530 -0.770079613 -0.263027012 -0.543288410 0.206474856
1403637159288318976.000000 4.834165573 2.441799164 -1.061839461 -0.808065414 -0.150321826 -0.550388277 0.146650642
1403637159538319104.000000 5.097324848 2.247803926 -1.092055202 -0.807433546 -0.156552613 -0.549053490 0.148602813
1403637159738319104.000000 5.322051525 2.085930109 -1.127779722 -0.806661248 -0.171601251 -0.548857868 0.136402786
1403637161238319104.000000 6.946085453 0.944635272 -1.343087316 0.823022246 -0.070102543 0.563659489 -0.002831342
1403637163138319104.000000 8.092741966 -1.049179435 -1.132791996 0.766391575 -0.180750251 0.606326759 0.111091256
1403637163338319104.000000 8.016977310 -1.284281611 -1.169711590 0.751460195 -0.234450623 0.595605075 0.159984350
1403637164288318976.000000 7.210702896 -2.299298048 -1.189634204 0.737435997 -0.332349271 0.559391856 0.181143552
1403637164488318976.000000 6.957515717 -2.558111906 -1.133528113 0.746633351 -0.322601914 0.552518547 0.182181016
1403637164688318976.000000 6.691413879 -2.829247713 -1.109489918 0.749539077 -0.322746187 0.553269327 0.167090550
1403637167438319104.000000 4.253248692 -4.851324081 -1.264413238 0.754410565 -0.273585588 0.497047544 0.330090076
1403637168938319104.000000 5.490776062 -3.180385590 -1.712882280 0.765715361 -0.286818475 0.528929055 0.227264374
1403637169088318976.000000 5.631734371 -3.013194084 -1.763783216 0.768293321 -0.281840056 0.523987293 0.236069769
1403637170688318976.000000 7.130662441 -0.355974525 -2.048331976 -0.766881704 -0.067661017 -0.636698723 0.043923348
1403637170888318976.000000 7.193455696 0.061739042 -2.137127161 -0.759924114 -0.120853566 -0.631542206 0.095206484
1403637171088318976.000000 7.189026356 0.451898843 -2.192081928 -0.760131657 -0.178270414 -0.608541906 0.141761333
1403637171788318976.000000 6.821737289 1.540108800 -2.160187006 -0.738197863 -0.252727628 -0.604325593 0.161193267
1403637172038319104.000000 6.555276394 1.865094662 -2.168528318 -0.736754894 -0.245928079 -0.611456096 0.151106000
1403637172288318976.000000 6.208309174 2.169367313 -2.205561638 -0.755263329 -0.223895967 -0.592302680 0.169190392
1403637173338319104.000000 4.785881996 2.830904484 -2.106472969 -0.841385961 -0.110219203 -0.509540439 0.142443255
1403637173788318976.000000 4.588590622 2.830554247 -2.224380970 0.843438447 -0.003290862 0.526985407 -0.104342148
1403637173988318976.000000 4.593362808 2.750304222 -2.300753355 0.856748641 -0.028025704 0.509549618 -0.074536242
1403637174188318976.000000 4.665890694 2.618759394 -2.310386181 0.828921497 -0.013418315 0.558501303 -0.028025774
1403637174588318976.000000 4.826047421 2.298230410 -2.214844704 0.801735699 -0.045819189 0.593758643 -0.050706416
1403637174788318976.000000 4.878152847 2.085564613 -2.158944845 0.794146776 -0.066606805 0.604033530 -0.006154983
1403637176838319104.000000 3.722597599 -0.761333525 -2.005073547 0.786893070 -0.187969103 0.578497410 0.103960305
1403637179538319104.000000 4.117419243 -3.540085316 -2.309951544 0.769407272 -0.260346353 0.541637361 0.216474563
1403637180288318976.000000 4.927446842 -3.242121220 -2.573156595 0.764542878 -0.265034884 0.547256708 0.213871136
1403637180538319104.000000 5.202605247 -3.043243408 -2.648193359 0.781610250 -0.279555142 0.523165405 0.192956939
1403637180788318976.000000 5.499870777 -2.849754810 -2.652783632 0.774237752 -0.266916722 0.531371891 0.216691867
1403637181288318976.000000 6.147169590 -2.371694565 -2.524357796 0.761158526 -0.276497602 0.540348172 0.228496403
1403637181538319104.000000 6.485664368 -2.066833019 -2.397500515 0.756451964 -0.280650109 0.542885721 0.233004540
1403637181838319104.000000 6.867746353 -1.656036496 -2.202849150 0.755377829 -0.297365338 0.539367259 0.223743573
1403637182138319104.000000 7.233434677 -1.231945753 -2.047578573 0.747933567 -0.298822463 0.549766600 0.221488833
1403637182388318976.000000 7.501375198 -0.862656772 -1.949897289 0.734422505 -0.302442938 0.571994185 0.204876989
1403637182688318976.000000 7.739788055 -0.399680495 -1.844397306 0.728813052 -0.287207603 0.582296252 0.217426926
1403637183588318976.000000 7.796312332 1.072647810 -1.843152642 0.712189257 -0.321954995 0.599735081 0.171608075
1403637183838319104.000000 7.594558239 1.438408852 -1.899877548 0.714510560 -0.335665137 0.594584286 0.152555406
1403637184088318976.000000 7.291512966 1.739452720 -1.930360794 0.719159722 -0.351072073 0.584741533 0.132797569
1403637184388318976.000000 6.795684338 1.991111755 -1.937702656 0.737923205 -0.331881672 0.563064873 0.168172657
1403637184938319104.000000 5.826751709 2.266992092 -2.080066204 0.777316689 -0.323113590 0.511029899 0.173852667
1403637185238319104.000000 5.380466938 2.302848816 -2.082423925 0.783326089 -0.323616117 0.501336992 0.174166530
1403637185488318976.000000 5.067318439 2.263000011 -2.025285244 0.794447422 -0.318552613 0.483832747 0.182437718
1403637185738319104.000000 4.815729141 2.174843311 -1.914448261 0.778301835 -0.312272161 0.508349597 0.195737109
1403637186038319104.000000 4.577307701 2.026542902 -1.830724001 0.764690578 -0.303140610 0.528089345 0.210892454
1403637186688318976.000000 4.160056591 1.731452227 -1.546631098 0.753971398 -0.311613917 0.541769683 0.202261046
1403637187188318976.000000 3.841068268 1.479681611 -1.424740076 0.746241152 -0.336637527 0.547843456 0.172240838
1403637187438319104.000000 3.656364441 1.278058648 -1.433666110 0.762742579 -0.335661113 0.516153395 0.197841093
1403637187838319104.000000 3.387579679 0.923095047 -1.470605135 0.767958105 -0.347584695 0.499051690 0.200929314
1403637188138319104.000000 3.232384682 0.581948400 -1.521354556 0.766981244 -0.338872641 0.500264883 0.215963334
1403637189238319104.000000 2.873485088 -0.720395505 -1.840576530 0.726394236 -0.406061739 0.495531261 0.248825461
1403637189538319104.000000 2.760804892 -1.094864964 -1.966407299 0.711514473 -0.402900279 0.516060591 0.255147010
1403637189788318976.000000 2.659698009 -1.417537689 -2.016472816 0.715109348 -0.391808987 0.514884591 0.264572024
1403637190038319104.000000 2.545054197 -1.718507886 -1.999507666 0.714722753 -0.387622297 0.516284525 0.269018024
1403637191938319104.000000 1.607353926 -3.206071615 -1.780250192 0.745322227 -0.343348533 0.503001392 0.271286279
1403637192188318976.000000 1.530447483 -3.294754744 -1.697892785 0.753959060 -0.349003047 0.486843705 0.269677103
1403637192438319104.000000 1.516630411 -3.370059729 -1.586900473 0.756333768 -0.343539208 0.481544107 0.279383928
1403637193238319104.000000 1.804541826 -3.620345116 -1.332273006 0.744733393 -0.386520654 0.498944521 0.216860250
1403637193488318976.000000 1.929536343 -3.750705719 -1.277182341 0.745080531 -0.369051933 0.500015676 0.242157027
1403637194088318976.000000 2.324711323 -4.130868435 -1.129467607 0.742361665 -0.351973563 0.505367935 0.263850570
1403637194388318976.000000 2.563920975 -4.297301292 -1.140583038 0.743283749 -0.355194122 0.503482223 0.260522753
1403637195838319104.000000 4.051412106 -4.916907787 -1.005368233 0.740367532 -0.329212397 0.525625825 0.259215593
1403637196088318976.000000 4.315976620 -4.955525875 -0.963547945 0.746144414 -0.303964227 0.518648803 0.286142796
1403637196588318976.000000 4.907932281 -4.781374931 -0.943149388 0.727663100 -0.281294733 0.537425578 0.320239693
1403637196838319104.000000 5.219141960 -4.549047470 -1.018767715 0.726437151 -0.293799341 0.539605498 0.307891279
1403637197088318976.000000 5.522951126 -4.227064133 -1.128796101 0.723263919 -0.301253706 0.550480366 0.288282573
1403637197388318976.000000 5.862464428 -3.739865303 -1.271613479 0.753169715 -0.272306561 0.555169284 0.224436432
1403637197588318976.000000 6.071527958 -3.381728411 -1.317355394 0.785663724 -0.208747357 0.553765655 0.180279478
1403637197888318976.000000 6.363108635 -2.818967581 -1.329585910 0.805123389 -0.090813883 0.573944330 0.118815020
1403637198638319104.000000 6.955011845 -1.175442457 -1.123907924 -0.794158995 -0.089070581 -0.599959075 -0.037777781
1403637199788318976.000000 6.800976276 1.885383129 -1.319051623 -0.755518496 -0.190213308 -0.611782849 0.136866704
1403637199938319104.000000 6.664808750 2.274745703 -1.397684574 -0.739522159 -0.212265238 -0.607374489 0.197855294
1403637200138319104.000000 6.448000908 2.726535559 -1.518756747 -0.702313721 -0.258679926 -0.604802191 0.272129685
1403637200288318976.000000 6.254548073 2.987061024 -1.624171734 -0.688449681 -0.314713985 -0.587461293 0.286149323
1403637202988318976.000000 4.287894726 3.366297960 -1.876706839 -0.757739544 -0.312616497 -0.533749282 0.207878426
1403637205938319104.000000 4.348797321 2.545458078 -2.004817247 -0.748297989 -0.325545520 -0.537564814 0.212354466
1403637208538319104.000000 3.765305519 2.322577238 -1.772167802 -0.758742750 -0.301270247 -0.534626424 0.218449980
1403637209038319104.000000 3.696518660 2.228296518 -1.809335113 -0.749572277 -0.316155165 -0.548193991 0.194089517
1403637211938319104.000000 4.967976093 4.832443714 -2.429334641 -0.763437450 -0.340651363 -0.487176180 0.252545655
1403637212488318976.000000 5.623818874 5.551490307 -2.423506737 -0.737011135 -0.338949293 -0.529852688 0.247354299
1403637212788318976.000000 5.971882820 5.894261360 -2.349993944 -0.751164854 -0.344343096 -0.512047827 0.234491795
1403637213088318976.000000 6.299257755 6.240223408 -2.262228251 -0.750985861 -0.350098103 -0.510529280 0.229807600
1403637213388318976.000000 6.626685619 6.597004414 -2.216613531 -0.749663889 -0.350102991 -0.509495497 0.236318395
1403637213688318976.000000 6.949564457 6.960323811 -2.212789536 -0.739233315 -0.360414654 -0.523692071 0.222220853
1403637213938319104.000000 7.186160088 7.261230946 -2.259684801 -0.737723827 -0.369163841 -0.524218678 0.211368114
1403637214188318976.000000 7.378404617 7.585094929 -2.296128035 -0.725986421 -0.369919628 -0.528654337 0.237966076
1403637214388318976.000000 7.500220299 7.849903584 -2.289629698 -0.703967631 -0.393010497 -0.530818999 0.261158139
1403637214688318976.000000 7.619833469 8.216303825 -2.230654001 -0.652779758 -0.457830459 -0.536187112 0.277079940
1403637214988318976.000000 7.620922565 8.560989380 -2.138512373 -0.632276475 -0.479358554 -0.536504090 0.287411094
1403637215288318976.000000 7.474552155 8.862209320 -2.081968069 -0.628746688 -0.472125411 -0.538341224 0.303255528
1403637215588318976.000000 7.202155113 9.099246979 -2.061587811 -0.606420994 -0.478152722 -0.525326550 0.357289284
1403637215838319104.000000 6.901225090 9.215519905 -2.030256987 -0.586186528 -0.529279888 -0.481743187 0.379699320
1403637216088318976.000000 6.566639900 9.254629135 -1.977397084 -0.570406795 -0.565365314 -0.437555492 0.404405057
1403637216688318976.000000 5.811670780 9.170929909 -1.865726233 -0.544506848 -0.566529274 -0.422373563 0.451837897
1403637217138319104.000000 5.340570450 8.873134613 -1.821863055 -0.554822028 -0.553358078 -0.423160762 0.454865277
1403637217488318976.000000 5.064580441 8.489686966 -1.809899092 -0.577318847 -0.539533734 -0.402534753 0.462138623
1403637217788318976.000000 4.924089909 8.093802452 -1.854024768 -0.529026031 -0.571554959 -0.426175982 0.460250527
1403637218088318976.000000 4.805286884 7.597517490 -1.859607697 -0.486973405 -0.619712472 -0.398586124 0.468980283
1403637218338319104.000000 4.710019588 7.126148224 -1.859629273 -0.476075590 -0.636116803 -0.383914381 0.470443636
1403637218588318976.000000 4.617020130 6.620392799 -1.888129115 -0.474043101 -0.636426032 -0.383288950 0.472582847
1403637218888318976.000000 4.522913933 5.967337132 -1.923531890 -0.481127381 -0.641607821 -0.382382751 0.458954573
1403637219138319104.000000 4.421812534 5.395729542 -2.006956577 -0.476168334 -0.646503508 -0.392999381 0.448161215
1403637219388318976.000000 4.294945717 4.802678585 -2.081242800 -0.481738269 -0.645443797 -0.388523966 0.447637826
1403637220588318976.000000 3.406642914 2.191763401 -1.723655224 -0.523409843 -0.639977932 -0.337413877 0.450135887
1403637223088318976.000000 2.429876566 0.265010864 -2.009402275 -0.650409460 -0.529960394 -0.420729876 0.345102698
1403637225188318976.000000 2.407491684 0.345560998 -1.876581311 -0.619444489 -0.529893458 -0.450389713 0.364212245
1403637225438319104.000000 2.378948689 0.327648669 -1.932449341 -0.616101682 -0.530167818 -0.452502072 0.366855294
1403637226838319104.000000 2.012611866 0.174174950 -1.804639697 -0.627453208 -0.545757949 -0.431728423 0.349372804
1403637228288318976.000000 1.773244977 0.347721726 -1.907900214 -0.618477166 -0.521433771 -0.453145683 0.374502122
1403637229188318976.000000 1.669181228 0.294759780 -1.855148792 -0.616149426 -0.530383289 -0.454366297 0.364149272
1403637229438319104.000000 1.619249582 0.257059097 -1.888078451 -0.632735014 -0.519792140 -0.450296849 0.355942994
1403637230238319104.000000 1.585615754 0.145697474 -2.004858255 -0.745498359 -0.362051398 -0.506142557 0.238685310
1403637230738319104.000000 1.603557348 0.173459083 -1.911100388 -0.748748422 -0.307665139 -0.544776440 0.218944281
1403637230988318976.000000 1.594648957 0.161361054 -1.840857625 -0.789507806 -0.254190773 -0.526704371 0.186136752
1403637231238319104.000000 1.605751395 0.142487168 -1.816857100 -0.817313194 -0.175184667 -0.532140017 0.134671986
1403637231488318976.000000 1.637847304 0.110301934 -1.871807456 -0.829477072 -0.073498972 -0.547872245 0.080011323
1403637231788318976.000000 1.705134988 0.039705031 -2.034805775 0.833387971 -0.045006417 0.550848067 -0.002310052
1403637232088318976.000000 1.826198220 -0.076936021 -2.129657507 0.817621410 -0.135126993 0.557150662 0.053095881
1403637232438319104.000000 1.962187767 -0.279713511 -2.157605648 0.783237159 -0.210960895 0.572577953 0.119120128
1403637232738319104.000000 2.038314104 -0.522743165 -2.113160849 0.771865070 -0.300171465 0.542650223 0.140185803
1403637232988318976.000000 2.070517302 -0.787354052 -2.054929256 0.774465322 -0.341650546 0.506409645 0.164400876
1403637233238319104.000000 2.112678289 -1.133454084 -1.970846653 0.786592305 -0.346066803 0.478803992 0.179602772
1403637233788318976.000000 2.401309013 -2.112123251 -1.990251184 0.790355086 -0.251902819 0.484593302 0.277584642
1403637234088318976.000000 2.729734898 -2.579509497 -2.095778942 0.781221509 -0.218684360 0.492219508 0.315578759
1403637235238319104.000000 4.823877811 -2.628099918 -2.750506878 0.776729286 -0.155425683 0.589691460 0.157475501
1403637235488318976.000000 5.211129189 -2.443508863 -2.854412556 0.803962350 -0.130504012 0.564841211 0.132542789
1403637235738319104.000000 5.585328102 -2.232238770 -2.913006544 0.813886702 -0.099923678 0.561251163 0.112252891
1403637235988318976.000000 5.951144218 -1.977015138 -2.902906418 0.802249551 -0.032690890 0.583216369 0.123229720
1403637236288318976.000000 6.355835915 -1.562715530 -2.858169079 -0.803129375 -0.033089116 -0.586213052 -0.101205766
1403637236638319104.000000 6.772317886 -0.876541615 -2.716803312 -0.799433708 -0.069524251 -0.594905019 -0.046476681
1403637236938319104.000000 7.053404808 -0.224586278 -2.636187315 -0.771203279 -0.093048491 -0.629734039 -0.004758598
1403637238738319104.000000 5.234118938 2.547402859 -1.502881408 0.821277022 -0.142946899 0.547123969 -0.075668789
1403637238988318976.000000 4.827323437 2.398893833 -1.403369427 0.859564006 -0.181180164 0.473739594 -0.062404815
1403637239288318976.000000 4.521404743 1.949052334 -1.268577576 0.857499599 -0.163054645 0.487850100 0.010485657
1403637239488318976.000000 4.405354977 1.538881183 -1.199832916 0.842099965 -0.186508045 0.504145861 0.043809392
1403637239738319104.000000 4.311135292 0.956614375 -1.197442532 0.815145671 -0.235258088 0.520334303 0.097176626
1403637239988318976.000000 4.247246742 0.326421738 -1.278309107 0.769774735 -0.272632927 0.549762428 0.175725892
1403637240238319104.000000 4.175592899 -0.297081292 -1.403413415 0.738964319 -0.328671306 0.541449249 0.229651153
1403637240488318976.000000 4.090922356 -0.895478308 -1.542364597 0.744910777 -0.370308012 0.492730826 0.255335808
1403637240688318976.000000 4.045431137 -1.372272372 -1.618168354 0.746669292 -0.375608832 0.479381800 0.267574400
1403637240988318976.000000 4.039231777 -2.080694675 -1.663237691 0.730019808 -0.354457796 0.506354153 0.291609883
1403637241288318976.000000 4.082236767 -2.737559319 -1.717778325 0.737903595 -0.346353978 0.503083229 0.287131697
1403637241588318976.000000 4.171262741 -3.333844423 -1.818610549 0.741567194 -0.319478840 0.502092898 0.309700012
1403637241838319104.000000 4.298297882 -3.739602804 -1.874385476 0.728654087 -0.306543946 0.523040593 0.318626136
1403637242088318976.000000 4.451131821 -4.034434319 -1.890992284 0.708950520 -0.314849108 0.553084552 0.303902537
1403637242388318976.000000 4.621410370 -4.252863884 -1.864826202 0.717925966 -0.304434597 0.533789515 0.327063709
1403637242638319104.000000 4.772541046 -4.314621449 -1.859859347 0.717805743 -0.290204734 0.537328124 0.334386915
1403637242888318976.000000 4.942955971 -4.245718002 -1.847780466 0.724332690 -0.274775445 0.561224520 0.291320503
1403637243188318976.000000 5.130459309 -4.022036552 -1.794632912 0.737054408 -0.256340086 0.559636652 0.279011637
1403637243438319104.000000 5.272689342 -3.752154589 -1.809892058 0.746988654 -0.266807407 0.551020920 0.259225190
1403637243738319104.000000 5.430212021 -3.355366230 -1.828614354 0.752991557 -0.286571234 0.542969763 0.236779690
1403637244038319104.000000 5.572324276 -2.939841270 -1.759589314 0.755380750 -0.316886604 0.535980225 0.204225168
1403637244338319104.000000 5.691620350 -2.570518255 -1.616716981 0.753914714 -0.319639415 0.533850729 0.210823819
1403637244638319104.000000 5.792789936 -2.255718708 -1.453382730 0.771952212 -0.291155994 0.523706615 0.212248653
1403637244888318976.000000 5.894582748 -2.029181719 -1.341721654 0.786986113 -0.258799016 0.522296965 0.202192694
1403637245138319104.000000 6.031757832 -1.820085406 -1.268095255 0.796539068 -0.266569704 0.516354322 0.166865841
1403637245388318976.000000 6.191634655 -1.652812839 -1.230448008 0.795907259 -0.255716681 0.519039035 0.178154707
1403637245688318976.000000 6.439877033 -1.503053188 -1.215761304 0.802661240 -0.226439297 0.524012983 0.172831580
1403637245988318976.000000 6.751785278 -1.367659807 -1.237402081 0.800191581 -0.156568840 0.563342869 0.133507997
1403637246288318976.000000 7.078460693 -1.218174458 -1.320395350 0.807470441 -0.045155205 0.585161626 0.059483588
1403637246588318976.000000 7.357062340 -1.032354355 -1.426212549 -0.795504987 -0.087611884 -0.599504173 0.009523101
1403637246888318976.000000 7.574915409 -0.820795000 -1.602326989 -0.766418755 -0.189702138 -0.608210266 0.081826478
1403637247188318976.000000 7.685745239 -0.529608190 -1.653266072 -0.778838515 -0.242560759 -0.565001249 0.123888701
1403637247488318976.000000 7.737408638 -0.230419502 -1.749729514 -0.756822884 -0.238205820 -0.590587437 0.147252962
1403637247788318976.000000 7.709742546 0.069910891 -1.853301287 -0.744531214 -0.266533166 -0.595076203 0.143240377
1403637248088318976.000000 7.567412376 0.371328294 -1.927657843 -0.735009193 -0.298524797 -0.581026852 0.181802869
1403637248388318976.000000 7.341891289 0.670426369 -1.988867402 -0.741023183 -0.326963842 -0.549869418 0.204016969
1403637248688318976.000000 7.080851078 0.961234927 -2.048740149 -0.734031737 -0.329482406 -0.555674255 0.209439442
1403637248988318976.000000 6.774613857 1.235256195 -2.058496952 -0.748391211 -0.324100584 -0.542962611 0.200152859
1403637249238319104.000000 6.501222134 1.467558742 -2.016622066 -0.749543011 -0.319958001 -0.545548797 0.195419118
1403637249488318976.000000 6.218826771 1.711595654 -1.965485334 -0.749927402 -0.314717621 -0.547632217 0.196623087
1403637252338319104.000000 3.862054586 3.438821316 -1.705768824 -0.675900042 -0.431729019 -0.500892639 0.325385481
1403637253888318976.000000 3.572534561 3.215493202 -1.829214334 -0.681895852 -0.437433243 -0.498851508 0.307924539
1403637256688318976.000000 2.468120098 2.217786551 -1.611269236 -0.576830208 -0.576730549 -0.419180483 0.398668468
1403637256988318976.000000 2.301031828 2.079796076 -1.649267077 -0.587000608 -0.572839320 -0.404278576 0.404776692
1403637257288318976.000000 2.148379803 1.943093419 -1.634641767 -0.564969718 -0.590711474 -0.404814243 0.409871668
1403637257888318976.000000 1.829662800 1.705713987 -1.590290308 -0.559486568 -0.616635621 -0.376753360 0.405945957
1403637259538319104.000000 1.023610950 1.497849226 -1.694188237 -0.504968464 -0.637673020 -0.329361558 0.479479939
1403637260038319104.000000 0.972104073 1.471790314 -1.705069423 -0.502081573 -0.640547037 -0.336269051 0.473853081
1403637260338319104.000000 0.980279446 1.454853177 -1.751897573 -0.491641879 -0.653704166 -0.349442989 0.456999898
1403637260638319104.000000 0.987174571 1.423828006 -1.818369865 -0.492058128 -0.665098488 -0.346528679 0.442086726
1403637260888318976.000000 0.974860191 1.400262594 -1.869803548 -0.490456492 -0.657454371 -0.346706927 0.454973191
1403637261138319104.000000 0.951414287 1.374204874 -1.921183825 -0.491682738 -0.658069968 -0.343648612 0.455079854
1403637261438319104.000000 0.908846736 1.354230165 -1.981525302 -0.494119346 -0.658489525 -0.340180129 0.454439461
1403637261688318976.000000 0.873660922 1.350427389 -2.003471613 -0.500397801 -0.664510667 -0.331604570 0.445046037
1403637261938319104.000000 0.828391433 1.374915600 -1.979500294 -0.492866606 -0.656319320 -0.344553232 0.455643117
1403637262238319104.000000 0.768462896 1.413644075 -2.014197826 -0.496081591 -0.645585656 -0.344833195 0.467132032
1403637262438319104.000000 0.763576925 1.423939347 -2.007832766 -0.511727273 -0.620673239 -0.352868855 0.477894872
1403637262788318976.000000 0.798065066 1.438233018 -1.912493706 -0.525900424 -0.600877166 -0.348583013 0.490780264
1403637262988318976.000000 0.844675541 1.464840651 -1.829933167 -0.527334750 -0.602759659 -0.345692009 0.488974273
1403637263388318976.000000 0.991478026 1.532018900 -1.689959764 -0.527033627 -0.604161859 -0.345402151 0.487771869
1403637263588318976.000000 1.084056973 1.575413227 -1.627103806 -0.527024209 -0.604376018 -0.345652401 0.487339228
1403637263988318976.000000 1.304065704 1.683910966 -1.503806114 -0.527141869 -0.604088366 -0.345385224 0.487757862
1403637264388318976.000000 1.565673351 1.820195436 -1.386385202 -0.527250230 -0.604042947 -0.345080763 0.487912416
1403637264588318976.000000 1.713833809 1.899923444 -1.327944160 -0.527338743 -0.604004502 -0.344997019 0.487923682
1403637264988318976.000000 2.046241045 2.082021236 -1.212465525 -0.527505398 -0.603913665 -0.344624162 0.488119423
1403637265188318976.000000 2.230093718 2.184909821 -1.155378819 -0.527473271 -0.603921473 -0.344583333 0.488173425
1403637265288318976.000000 2.326325178 2.239034653 -1.127337337 -0.527429223 -0.604222476 -0.344328582 0.488028109
1403637265388318976.000000 2.425474882 2.295268059 -1.099569321 -0.527285516 -0.604374826 -0.344171643 0.488105446
1403637265488318976.000000 2.527552605 2.353585243 -1.071893215 0.527318299 0.604371548 0.344111353 -0.488116682
