1403638535877829376.000000 2.053360939 1.204875708 -1.459133267 -0.521555662 -0.657675743 -0.336991251 0.426473141
1403638536727829504.000000 2.053539753 1.204903126 -1.458928347 -0.521914423 -0.657597065 -0.336633712 0.426437914
1403638537227829504.000000 2.053507805 1.204290271 -1.458649039 -0.522142231 -0.657535255 -0.336539209 0.426328838
1403638537477829376.000000 2.053336859 1.205000162 -1.458749652 -0.522187650 -0.657576084 -0.336460590 0.426272213
1403638540127829504.000000 2.012356997 1.326431394 -1.265699625 -0.517783523 -0.661405861 -0.331810713 0.429353118
1403638540727829504.000000 1.924943566 1.546787858 -1.211947203 -0.469964623 -0.680072010 -0.326605469 0.458218455
1403638542177829376.000000 1.163389564 2.054077625 -1.021636844 -0.309747249 -0.764978826 -0.215388909 0.521988094
1403638542777829376.000000 0.699057221 2.146825314 -0.966503203 -0.213124633 -0.786090553 -0.185049057 0.549905896
1403638543327829504.000000 0.262797624 2.073724270 -0.834601164 -0.233406588 -0.790445149 -0.161939800 0.542672515
1403638543527829504.000000 0.098446473 2.041250944 -0.814220548 -0.225178570 -0.793867230 -0.155738294 0.542968690
1403638543827829504.000000 -0.158023924 1.983314157 -0.796203494 -0.165337965 -0.809009790 -0.130034462 0.548869431
1403638544677829376.000000 -0.959386885 1.803130031 -0.653001547 -0.104164220 -0.811369538 -0.070904523 0.570790648
1403638545127829504.000000 -1.383066773 1.726317406 -0.604964495 -0.101693302 -0.815180838 -0.066413283 0.566328526
1403638545927829504.000000 -2.102289677 1.590386868 -0.648941636 -0.025898337 -0.823274255 -0.018107960 0.566763461
1403638546027829504.000000 -2.189585447 1.572025418 -0.631305158 -0.001995261 -0.824773908 -0.006862082 0.565417528
1403638546277829376.000000 -2.408833981 1.523172855 -0.601900280 0.032667309 -0.825010955 0.013290939 0.564015150
1403638546677829376.000000 -2.772110224 1.431242466 -0.611199915 0.047889102 -0.824776649 0.030719489 0.562589109
1403638547127829504.000000 -3.202310324 1.302314281 -0.550764740 0.072970785 -0.824157178 0.028331390 0.560925603
1403638547577829376.000000 -3.643136501 1.109152794 -0.564076424 0.063617289 -0.825674951 0.038480397 0.559225380
1403638547727829504.000000 -3.794079065 1.033852577 -0.584841967 0.061757248 -0.826002061 0.037632361 0.559008598
1403638548627829504.000000 -4.751260281 0.467773616 -0.599078715 0.129397899 -0.819041550 0.082824923 0.552781403
1403638548777829376.000000 -4.921128750 0.360818058 -0.583771169 0.138126761 -0.817412257 0.089685537 0.552009642
1403638549227829504.000000 -5.437371731 0.032233760 -0.469974607 0.142130658 -0.816399336 0.095786162 0.551467180
1403638549527829504.000000 -5.790762901 -0.191242173 -0.352954447 0.135518745 -0.815838814 0.101077914 0.553014398
1403638549827829504.000000 -6.147218227 -0.406933844 -0.266512245 0.133582935 -0.814396679 0.100875638 0.555641711
1403638550277829376.000000 -6.717885017 -0.718324065 -0.036141723 0.133350268 -0.816625714 0.102040693 0.552202642
1403638550427829504.000000 -6.912571430 -0.816700816 0.060954608 0.133514896 -0.815849423 0.103332512 0.553069651
1403638550877829376.000000 -7.502580643 -1.081022382 0.275694489 0.125855818 -0.804876924 0.114216916 0.568584085
1403638551327829504.000000 -8.037142754 -1.253297448 0.439764500 0.116938926 -0.797539353 0.121205367 0.579280078
1403638553677829376.000000 -9.564539909 0.086389042 0.941377580 0.020237109 -0.789207816 0.020145180 0.613462150
1403638555877829376.000000 -8.481504440 2.094791412 1.244628310 -0.028127881 -0.819731712 -0.005664922 0.572028577
1403638558777829376.000000 -8.219891548 5.190830231 1.723823309 -0.037617359 -0.838776112 0.000893359 0.543174803
1403638561577829376.000000 -9.522130966 7.667109966 1.455595016 -0.308102369 -0.749120295 -0.207081139 0.548643053
1403638561977829376.000000 -9.421240807 7.922269821 1.381358266 -0.308111012 -0.751486242 -0.217308074 0.541399360
1403638563527829504.000000 -8.662611008 8.543037415 1.288977623 -0.508447945 -0.612343788 -0.346558571 0.496399939
1403638563827829504.000000 -8.377609253 8.572919846 1.254887462 -0.512404621 -0.618278921 -0.338983476 0.490166187
1403638564227829504.000000 -7.905344963 8.554971695 1.266394377 -0.501709580 -0.623592913 -0.332178026 0.499076277
1403638564527829504.000000 -7.481170654 8.502478600 1.284225583 -0.489585638 -0.628362715 -0.335474938 0.502914310
1403638566877829376.000000 -2.919472933 7.146117210 0.238637075 -0.503767192 -0.671370506 -0.318568707 0.440447927
1403638567077829376.000000 -2.568166018 7.020562172 0.068596333 -0.497948438 -0.670292318 -0.322126508 0.446083039
1403638567777829376.000000 -1.477541566 6.644402981 -0.526827991 -0.490032405 -0.660923243 -0.345564842 0.451257974
1403638568027829504.000000 -1.150105000 6.519777775 -0.663944542 -0.494933367 -0.662642658 -0.341860861 0.446180195
1403638569877829376.000000 0.059414066 6.094850063 -1.084203959 -0.488190979 -0.665819049 -0.355912954 0.437813342
1403638572777829376.000000 1.837668777 5.602380276 -1.561776876 -0.741146266 -0.381332904 -0.486045837 0.262767941
1403638572977829376.000000 2.103247404 5.562035561 -1.533028603 -0.742248833 -0.386139214 -0.485213578 0.254029423
1403638573327829504.000000 2.571818829 5.545630932 -1.500838757 -0.740760803 -0.393486440 -0.480769515 0.255543917
1403638573477829376.000000 2.775228739 5.560753822 -1.485826492 -0.741586387 -0.393852562 -0.481357992 0.251444370
1403638573777829376.000000 3.184978247 5.638262749 -1.409073353 -0.743062735 -0.388653785 -0.488416493 0.241361588
1403638574377829376.000000 3.971965790 5.868441105 -1.316523671 -0.773521245 -0.244772926 -0.542863786 0.216909960
1403638574577829376.000000 4.221853256 5.906785488 -1.316184163 -0.787163496 -0.208053559 -0.550160706 0.185500920
1403638574827829504.000000 4.528534412 5.930697918 -1.281129241 -0.793369174 -0.197294608 -0.555826485 0.150656015
1403638575027829504.000000 4.766322613 5.945136070 -1.252620459 -0.801996231 -0.195033699 -0.545603216 0.145193398
1403638575277829376.000000 5.064985275 5.959982872 -1.247567773 -0.804770052 -0.186873019 -0.540031791 0.160590753
1403638576127829504.000000 6.202180386 5.995507717 -1.186010242 -0.808905542 -0.221962497 -0.525978386 0.140539035
1403638576327829504.000000 6.500752449 6.041295528 -1.119477987 -0.804916620 -0.224808529 -0.532030642 0.136065811
1403638576627829504.000000 6.955731869 6.148101807 -1.059922934 -0.803062379 -0.236543149 -0.534230769 0.117199332
1403638576927829504.000000 7.401150703 6.324378967 -1.039361238 -0.792354345 -0.231287658 -0.550382376 0.125539050
1403638577227829504.000000 7.813251019 6.544571877 -1.031076908 -0.792653024 -0.218604252 -0.550984144 0.142582640
1403638577377829376.000000 8.009737968 6.661927223 -1.004996777 -0.790778637 -0.226247475 -0.553202271 0.132093400
1403638578277829376.000000 9.045928001 7.525927544 -0.888977230 -0.793859422 -0.216029540 -0.546732605 0.155569658
1403638578427829504.000000 9.203249931 7.682644844 -0.864370465 -0.794164479 -0.213032797 -0.546408176 0.159242049
1403638578777829376.000000 9.563233376 8.027277946 -0.846999109 -0.792000413 -0.216474771 -0.550433636 0.151317194
1403638579077829376.000000 9.856971741 8.317207336 -0.842683852 -0.789281666 -0.224419266 -0.553644538 0.141944677
1403638579527829504.000000 10.256066322 8.776101112 -0.754314542 -0.790806472 -0.212174922 -0.550131559 0.164201975
1403638582477829376.000000 11.306048393 10.394775391 -0.753854573 -0.639647365 -0.495394319 -0.471847177 0.350422770
1403638585277829376.000000 10.188941002 10.408298492 -0.048649222 -0.647494316 -0.496524721 -0.462333024 0.347077072
1403638588127829504.000000 7.950420856 9.790610313 -0.043040179 -0.649221778 -0.493702799 -0.464091212 0.345525682
1403638589677829376.000000 6.563513279 9.312696457 -0.174861595 -0.649472237 -0.490383565 -0.464498401 0.349214882
1403638589977829376.000000 6.298017025 9.193995476 -0.166673660 -0.652007103 -0.490882069 -0.462928623 0.345859140
1403638591777829376.000000 4.932040215 8.631645203 -0.283878893 -0.679040253 -0.500419676 -0.427454233 0.325219184
1403638592077829376.000000 4.802647114 8.690260887 -0.303643912 -0.672331393 -0.495907515 -0.436349005 0.334134400
1403638594777829376.000000 4.454476833 9.760057449 0.693029404 -0.586711764 -0.557628930 -0.425853342 0.404311925
1403638595127829504.000000 4.368799686 9.765934944 0.795540154 -0.592630267 -0.557526410 -0.421031922 0.400856525
1403638595577829376.000000 4.266328335 9.737885475 0.815201819 -0.594478548 -0.558123708 -0.419920325 0.398447037
1403638596327829504.000000 4.062687874 9.635479927 0.769413590 -0.571083963 -0.580861866 -0.451281309 0.364428014
1403638597127829504.000000 3.212577105 9.466545105 0.958308339 -0.545904636 -0.594243526 -0.481388986 0.342238784
1403638597427829504.000000 2.624612093 9.379689217 1.007836342 -0.551050067 -0.582997739 -0.479506701 0.355711758
1403638597577829376.000000 2.285271645 9.324911118 1.013822198 -0.558413386 -0.569718540 -0.471494675 0.375883073
1403638597727829504.000000 1.929699659 9.259989738 1.008866310 -0.559990525 -0.566177726 -0.470338345 0.380309403
1403638597877829376.000000 1.559917688 9.184521675 0.993039608 -0.549403012 -0.578589499 -0.473850667 0.372633874
1403638598027829504.000000 1.171338677 9.098155022 0.972098529 -0.540814757 -0.587262154 -0.473073691 0.372617632
1403638598177829376.000000 0.760080457 9.000758171 0.963270247 -0.548924863 -0.582991004 -0.453278095 0.391588897
1403638598477829376.000000 -0.079404153 8.776030540 0.953052163 -0.565098941 -0.579205215 -0.423841029 0.406870276
1403638598627829504.000000 -0.493301064 8.656645775 0.926393986 -0.562477767 -0.585368693 -0.416689157 0.409062803
1403638598777829376.000000 -0.901368856 8.536428452 0.893953562 -0.551161289 -0.596821249 -0.408446133 0.416170090
1403638598927829504.000000 -1.303743601 8.414481163 0.872932613 -0.534137011 -0.611840308 -0.398720771 0.425876737
1403638599227829504.000000 -2.093550205 8.161216736 0.867705762 -0.494254172 -0.645422399 -0.371936977 0.448113352
1403638599377829376.000000 -2.483324289 8.028506279 0.885235190 -0.475013942 -0.663848758 -0.355013639 0.455666542
1403638599527829504.000000 -2.867621899 7.894102097 0.913620710 -0.461514682 -0.677289963 -0.343522877 0.458557099
1403638599827829504.000000 -3.619681358 7.631681442 0.931690454 -0.457293510 -0.684758008 -0.332620800 0.459730923
1403638600577829376.000000 -5.351958275 7.137764931 0.830628276 -0.505131423 -0.662719071 -0.286087006 0.473074973
1403638600727829504.000000 -5.632722378 7.091545582 0.837383270 -0.508809030 -0.664357305 -0.281707942 0.469450086
1403638600877829376.000000 -5.887984276 7.069495678 0.858849168 -0.505033851 -0.673880935 -0.285477787 0.457523525
1403638601027829504.000000 -6.126360416 7.069916248 0.877989948 -0.491363525 -0.686435044 -0.302535534 0.442539483
1403638601327829504.000000 -6.595637798 7.125847816 0.885062218 -0.468525946 -0.688182294 -0.330569685 0.444536060
1403638601477829376.000000 -6.838359356 7.170874119 0.889208257 -0.460122466 -0.686757684 -0.321874768 0.461571127
1403638601627829504.000000 -7.083155632 7.218323231 0.906845570 -0.437576711 -0.695046723 -0.312783390 0.477077931
1403638601777829376.000000 -7.328348637 7.264068127 0.937262237 -0.404853553 -0.712317228 -0.299255997 0.489023149
1403638602227829504.000000 -8.066440582 7.361587524 1.048211575 -0.317423612 -0.750865042 -0.260192037 0.517439902
1403638602377829376.000000 -8.314551353 7.372769833 1.067233324 -0.292042524 -0.750964701 -0.242538959 0.540313005
1403638602827829504.000000 -8.927955627 7.291100025 1.224206448 -0.213207811 -0.732758164 -0.170807168 0.623243809
1403638603127829504.000000 -9.124885559 7.144615173 1.364138126 -0.169649705 -0.750165641 -0.110504225 0.629491270
1403638604827829504.000000 -8.734736443 5.949315071 1.384111047 -0.129449829 -0.801889718 -0.089943469 0.576303601
1403638605127829504.000000 -8.551631927 5.656173706 1.401403904 -0.135263428 -0.818550467 -0.082251936 0.552189887
1403638605977829376.000000 -8.221262932 4.855808735 1.503972650 -0.098008245 -0.810029089 -0.134069398 0.562381268
1403638606327829504.000000 -8.149663925 4.386528492 1.540834904 -0.099849574 -0.813897908 -0.137019351 0.555721164
1403638606677829376.000000 -8.126872063 3.843473196 1.488868713 -0.125665665 -0.829685330 -0.094213039 0.535681129
1403638606827829504.000000 -8.142947197 3.612852812 1.447514534 -0.112011574 -0.837151110 -0.079985134 0.529371142
1403638606977829376.000000 -8.181342125 3.389049053 1.410387874 -0.088719644 -0.841943622 -0.060090758 0.528818488
1403638607427829504.000000 -8.405626297 2.782800436 1.369707108 -0.042372853 -0.821791470 -0.013819614 0.568042636
1403638607627829504.000000 -8.519329071 2.546877146 1.317886233 -0.039548196 -0.821060479 -0.007996499 0.569413483
1403638607977829376.000000 -8.711565971 2.181012392 1.188664556 -0.045995191 -0.821629941 -0.004377791 0.568145752
1403638609227829504.000000 -9.153638840 1.255378366 0.496783227 -0.050770976 -0.811619520 -0.008931462 0.581907451
1403638609577829376.000000 -9.173552513 1.096000552 0.323915720 -0.049081936 -0.813098073 -0.013174648 0.579904318
1403638609877829376.000000 -9.171892166 0.993716717 0.139598966 -0.047005054 -0.813606918 -0.016075648 0.579289258
1403638610277829376.000000 -9.141140938 0.899287164 -0.027996967 -0.048103295 -0.804192245 -0.015656294 0.592212737
1403638610627829504.000000 -9.062438965 0.852634788 -0.214412466 -0.046283193 -0.792071998 -0.018747894 0.608381748
1403638611027829504.000000 -8.871601105 0.830229938 -0.404402643 -0.048288018 -0.802662969 -0.010926398 0.594374537
1403638611327829504.000000 -8.682956696 0.843997300 -0.537860990 -0.044164773 -0.800790608 -0.013136837 0.597169399
1403638611627829504.000000 -8.446329117 0.867016733 -0.632279396 -0.027223956 -0.805700481 -0.040621396 0.590301275
1403638612027829504.000000 -8.096423149 0.861604452 -0.752947509 -0.047191329 -0.813088834 -0.016673896 0.579984069
1403638612327829504.000000 -7.834691525 0.870270371 -0.818990052 -0.049519032 -0.814227164 -0.015526270 0.578222156
1403638612777829376.000000 -7.446449757 0.913479924 -0.919949472 -0.043778695 -0.809993386 -0.035318494 0.583735168
1403638613027829504.000000 -7.221521378 0.926931739 -0.994354367 -0.048385728 -0.808594525 -0.035340324 0.585307360
1403638613277829376.000000 -6.989955902 0.927137971 -1.024128437 -0.051293239 -0.811211765 -0.033476576 0.581535757
1403638613677829376.000000 -6.619425297 0.914720654 -1.046053052 -0.061600719 -0.805770934 -0.034612644 0.587996960
1403638613977829376.000000 -6.320538998 0.905546784 -1.123283625 -0.086968586 -0.797180414 -0.048440352 0.595477521
1403638614377829376.000000 -5.869318485 0.901878715 -1.251287699 -0.145843014 -0.798122287 -0.092247218 0.577252984
1403638614527829504.000000 -5.694517136 0.898515582 -1.270022273 -0.160570487 -0.796455801 -0.096380495 0.574966311
1403638614977829376.000000 -5.156586170 0.923363149 -1.223226190 -0.239071757 -0.787961304 -0.117126592 0.555196345
1403638615127829504.000000 -4.972795486 0.957780898 -1.180169821 -0.270841330 -0.778172851 -0.146497741 0.547384977
1403638615427829504.000000 -4.601153851 1.053965092 -1.078523159 -0.333792508 -0.744099140 -0.219855249 0.535315573
1403638615577829376.000000 -4.418392658 1.103119731 -1.045336723 -0.367313474 -0.726888299 -0.246295527 0.525407255
1403638615727829504.000000 -4.239156246 1.148763061 -1.018096924 -0.388767600 -0.715398014 -0.262533218 0.517824173
1403638615877829376.000000 -4.061660767 1.189891338 -0.976924419 -0.404221952 -0.706966937 -0.270210207 0.513603806
1403638616027829504.000000 -3.882814646 1.228332758 -0.937554240 -0.420034736 -0.698183656 -0.279911727 0.507700622
1403638616177829376.000000 -3.702286005 1.264043093 -0.917742431 -0.437631607 -0.687843144 -0.292144269 0.500002146
1403638616527829504.000000 -3.273140669 1.341856360 -0.993829787 -0.490171850 -0.654731810 -0.323532730 0.475798845
1403638617327829504.000000 -2.305365801 1.632711649 -1.216920733 -0.508922338 -0.660873234 -0.327667475 0.443710029
1403638617827829504.000000 -1.774555445 1.981417298 -1.126234412 -0.497331470 -0.673529744 -0.327278644 0.438072890
1403638618077829376.000000 -1.555357814 2.198259354 -1.028420806 -0.493846476 -0.673669934 -0.326676518 0.442229599
1403638618577829376.000000 -1.191452146 2.679698467 -0.922850013 -0.488943428 -0.675208032 -0.326842934 0.445199102
1403638618877829376.000000 -1.021944404 2.998575926 -0.864589036 -0.494848937 -0.667787552 -0.336486638 0.442674994
1403638619077829376.000000 -0.925834179 3.219322205 -0.818623245 -0.508715391 -0.648623765 -0.356298327 0.439940304
1403638619277829376.000000 -0.838944733 3.436546564 -0.803278148 -0.539298475 -0.618235409 -0.380666852 0.426655501
1403638621927829504.000000 0.517017245 5.239290237 -1.068269134 -0.574701905 -0.561212957 -0.429692596 0.412458569
1403638623727829504.000000 1.098710060 4.697846889 -1.104609609 -0.586245894 -0.557499707 -0.422508806 0.408651620
1403638624227829504.000000 1.213758588 4.260897636 -1.052145243 -0.594381392 -0.556120932 -0.417638779 0.403755128
1403638624727829504.000000 1.331434965 3.794579268 -1.095961332 -0.589029729 -0.545917213 -0.426269859 0.416308165
1403638625177829376.000000 1.442121029 3.318595648 -1.095323324 -0.584073663 -0.567116201 -0.404991686 0.416195780
1403638625577829376.000000 1.550777435 2.895489454 -1.098022223 -0.581600130 -0.569919825 -0.402450472 0.418289810
1403638625977829376.000000 1.678004384 2.492206097 -1.055011630 -0.588122308 -0.576554716 -0.395017445 0.407011300
1403638626377829376.000000 1.821262717 2.133018494 -1.080119729 -0.583462477 -0.577748835 -0.404015034 0.403174520
1403638626627829504.000000 1.906236172 1.926747918 -1.121591091 -0.582822502 -0.580919862 -0.404081613 0.399459869
1403638626927829504.000000 1.991213322 1.706863165 -1.146102309 -0.588644445 -0.587033272 -0.394390762 0.391593784
1403638627277829376.000000 2.072102785 1.510726929 -1.151950717 -0.587263227 -0.588089883 -0.394188225 0.392285317
1403638627727829504.000000 2.150392294 1.338967562 -1.206704736 -0.580948114 -0.585664332 -0.403925657 0.395399332
1403638628127829504.000000 2.182718515 1.234043002 -1.266941905 -0.582345009 -0.587632000 -0.404489934 0.389808714
1403638628527829504.000000 2.171784878 1.171920300 -1.297279954 -0.587538898 -0.577339351 -0.399747610 0.402093470
1403638629027829504.000000 2.161607981 1.122510195 -1.326542497 -0.583582580 -0.574318409 -0.406829596 0.405067235
1403638629277829376.000000 2.161800623 1.099793315 -1.340682268 -0.580979466 -0.578836679 -0.409579188 0.399569631
1403638629477829376.000000 2.153762579 1.083431363 -1.343686223 -0.586836100 -0.584000230 -0.402543068 0.390545964
1403638629977829376.000000 2.129329205 1.094261169 -1.347741008 -0.586719275 -0.563911557 -0.405722588 0.416117191
1403638630327829504.000000 2.136894226 1.092877746 -1.443407774 -0.582624316 -0.576748073 -0.412451088 0.397233695
1403638630477829376.000000 2.127982855 1.104595661 -1.434835315 -0.580594957 -0.574523985 -0.410204262 0.405665278
1403638630677829376.000000 2.119260550 1.119291186 -1.451843619 -0.589384496 -0.590617955 -0.393110871 0.386342227
1403638630777829376.000000 2.124017000 1.119767547 -1.454214215 -0.588463902 -0.599523842 -0.389942020 0.377129436
1403638631177829376.000000 2.128859520 1.093531013 -1.452763081 -0.588509977 -0.597831607 -0.388133138 0.381583691
1403638631677829376.000000 2.133946419 1.064818978 -1.439193130 0.589154303 0.597566903 0.387055099 -0.382098496
