1403638538777829376.000000 5.243303776 4.896544933 -11.559461594 -0.558587015 -0.625034511 -0.362598240 0.407228410
1403638539027829504.000000 5.240523815 4.906862259 -11.558423042 -0.553478181 -0.619249165 -0.370412380 0.415917277
1403638539277829376.000000 5.236041546 4.925863266 -11.532137871 -0.546126723 -0.609178007 -0.381269842 0.430442959
1403638539777829376.000000 5.227246284 4.970523834 -11.398591042 -0.545714200 -0.616954029 -0.374710649 0.425623983
1403638540027829504.000000 5.219635010 5.003922939 -11.376245499 -0.551473677 -0.625275016 -0.363319367 0.415820777
1403638542127829504.000000 4.493661404 5.824707508 -11.131322861 -0.362398028 -0.741646647 -0.254532754 0.503826380
1403638542477829376.000000 4.238621235 5.927485466 -11.094332695 -0.286613792 -0.765638232 -0.221714050 0.531501293
1403638542927829504.000000 3.891534328 5.980833054 -11.033636093 -0.266387135 -0.775900304 -0.203528970 0.534408629
1403638543277829376.000000 3.610911608 5.958234787 -10.943737984 -0.277599245 -0.775845349 -0.194899663 0.531993330
1403638543477829376.000000 3.446002007 5.944159031 -10.920030594 -0.274671882 -0.778075397 -0.191820368 0.531374693
1403638545777829376.000000 1.308665633 5.757964611 -10.769278526 -0.108490743 -0.816251576 -0.072685592 0.562743127
1403638545927829504.000000 1.172415137 5.745656490 -10.753572464 -0.073707439 -0.821382284 -0.053050112 0.563102245
1403638546377829376.000000 0.761175692 5.702280521 -10.697938919 -0.012752051 -0.826839566 -0.013686426 0.562126756
1403638546727829504.000000 0.422174722 5.656030655 -10.694095612 0.003309537 -0.827446401 -0.001899408 0.561531663
1403638546877829376.000000 0.275361389 5.633121490 -10.667268753 0.012569210 -0.827783585 0.000274550 0.560906768
1403638547277829376.000000 -0.125868827 5.547799587 -10.635204315 0.027551655 -0.828358769 -0.009392135 0.559441149
1403638547927829504.000000 -0.816131353 5.294364929 -10.718718529 0.017015835 -0.829831779 -0.004528552 0.557735682
1403638548127829504.000000 -1.037170291 5.203523159 -10.741312981 0.023291912 -0.830463767 0.001773085 0.556582630
1403638548577829376.000000 -1.556379795 4.954643726 -10.678392410 0.077270843 -0.828800797 0.044091377 0.552425981
1403638548777829376.000000 -1.792313933 4.841221333 -10.637666702 0.091610163 -0.827618539 0.053019218 0.551220596
1403638549127829504.000000 -2.216325998 4.638194084 -10.577515602 0.096210651 -0.826726198 0.059006572 0.551167548
1403638549777829376.000000 -3.035232544 4.265048504 -10.390233040 0.086888976 -0.822297931 0.064848587 0.558633208
1403638550027829504.000000 -3.363497734 4.127511501 -10.304203987 0.084341168 -0.823579192 0.066664472 0.556919992
1403638550327829504.000000 -3.766283751 3.971919060 -10.144759178 0.084421590 -0.823741078 0.068722971 0.556417942
1403638550577829376.000000 -4.098313332 3.856278896 -10.019044876 0.081396356 -0.821233273 0.075198084 0.559728444
1403638550977829376.000000 -4.640189171 3.709293604 -9.827509880 0.077012882 -0.805895448 0.080705963 0.581453443
1403638553727829504.000000 -6.398055553 5.166837215 -9.158738136 -0.027765309 -0.791584134 -0.017964110 0.610164821
1403638554027829504.000000 -6.259184361 5.425914764 -9.073944092 -0.030876679 -0.798904181 -0.016784869 0.600430727
1403638556777829376.000000 -4.665387154 7.757604122 -8.772110939 -0.089447170 -0.824358165 -0.024351045 0.558426321
1403638558977829376.000000 -4.545760632 10.212206841 -8.372933388 -0.086586565 -0.827770412 -0.035457712 0.553210378
1403638561677829376.000000 -5.404218197 12.653220177 -8.662759781 -0.351471573 -0.733544350 -0.241736591 0.529097378
1403638561877829376.000000 -5.335495949 12.773337364 -8.691426277 -0.349134684 -0.735004723 -0.244450644 0.527367949
1403638564027829504.000000 -3.958793163 13.351463318 -8.839834213 -0.544648707 -0.589347482 -0.363430321 0.473229110
1403638564277829376.000000 -3.642221928 13.299652100 -8.836281776 -0.534982920 -0.596202791 -0.361984253 0.476763040
1403638564527829504.000000 -3.284743309 13.215209961 -8.821830750 -0.525752246 -0.600096881 -0.363325834 0.481105775
1403638565077829376.000000 -2.387046814 12.910809517 -8.864656448 -0.535257459 -0.595515966 -0.347536206 0.487933308
1403638566277829376.000000 -0.043154873 12.027083397 -9.495427132 -0.522171021 -0.611655831 -0.382080078 0.455224514
1403638566777829376.000000 0.858404636 11.520708084 -9.820528984 -0.533778965 -0.636097908 -0.355514467 0.429032654
1403638567077829376.000000 1.355411291 11.266238213 -10.077215195 -0.530712545 -0.642349482 -0.352323502 0.426144809
1403638567477829376.000000 1.994162321 11.001605034 -10.457501411 -0.513424158 -0.626002431 -0.378534257 0.448584914
1403638567677829376.000000 2.280963182 10.879928589 -10.607765198 -0.519599617 -0.630894661 -0.375140518 0.437330306
1403638569477829376.000000 3.791934729 10.125669479 -11.168647766 -0.525929630 -0.640472710 -0.376518875 0.414036751
1403638572277829376.000000 4.941977501 9.667830467 -11.678276062 -0.731381416 -0.377170116 -0.485157341 0.295713246
1403638573327829504.000000 6.290365219 9.285596848 -11.648488045 -0.758379042 -0.349788398 -0.499193639 0.230900735
1403638573527829504.000000 6.565156937 9.277700424 -11.626060486 -0.759313345 -0.349788249 -0.500049829 0.225924104
1403638573727829504.000000 6.842559814 9.296023369 -11.563653946 -0.760383606 -0.347699702 -0.502620399 0.219760254
1403638573927829504.000000 7.125699043 9.339531898 -11.489461899 -0.758607030 -0.325289071 -0.525180519 0.207094058
1403638574377829376.000000 7.712597847 9.447059631 -11.436711311 -0.782383978 -0.199806273 -0.558941603 0.188512668
1403638574677829376.000000 8.092273712 9.457630157 -11.421159744 -0.795881987 -0.153647274 -0.568156838 0.141993925
1403638574877829376.000000 8.334652901 9.447484016 -11.377625465 -0.803063869 -0.150438234 -0.564293563 0.118446805
1403638575177829376.000000 8.684917450 9.425832748 -11.351808548 -0.811048746 -0.141528055 -0.552994192 0.127934009
1403638575377829376.000000 8.930474281 9.409350395 -11.348604202 -0.813611567 -0.142444998 -0.547825575 0.132788643
1403638575577829376.000000 9.182140350 9.383906364 -11.357554436 -0.817576706 -0.154141858 -0.540139854 0.126719013
1403638576377829376.000000 10.329362869 9.360319138 -11.186621666 -0.813239872 -0.181093812 -0.543356061 0.103005581
1403638576777829376.000000 10.945734978 9.457839966 -11.122081757 -0.807640135 -0.191575527 -0.550918043 0.086634770
1403638576977829376.000000 11.243855476 9.556286812 -11.117348671 -0.800190091 -0.183248967 -0.562445700 0.098845012
1403638577277829376.000000 11.676988602 9.732652664 -11.091176987 -0.801365614 -0.174607784 -0.561405957 0.110220745
1403638577527829504.000000 12.019008636 9.904664040 -11.031024933 -0.799576938 -0.184810236 -0.563225091 0.096433252
1403638577927829504.000000 12.529547691 10.223228455 -10.978099823 -0.802172840 -0.181003004 -0.559301078 0.104589604
1403638578177829376.000000 12.831137657 10.452902794 -10.948517799 -0.801586926 -0.176670998 -0.559600532 0.114424802
1403638578427829504.000000 13.125795364 10.685977936 -10.904508591 -0.802949369 -0.167395845 -0.557437420 0.128509119
1403638578677829376.000000 13.412001610 10.899689674 -10.899758339 -0.802137434 -0.166553691 -0.559192002 0.127042904
1403638578877829376.000000 13.633285522 11.068054199 -10.907893181 -0.799611032 -0.174780890 -0.562990844 0.114522062
1403638579127829504.000000 13.899662018 11.290672302 -10.913699150 -0.797561169 -0.179034114 -0.565310001 0.110759974
1403638579377829376.000000 14.146144867 11.525304794 -10.870237350 -0.798470736 -0.172628209 -0.563808978 0.121504545
1403638582177829376.000000 15.520990372 13.069048882 -10.899351120 -0.668524742 -0.455273092 -0.488457769 0.327429414
1403638585077829376.000000 14.572078705 13.374547005 -10.045806885 -0.674137890 -0.461018682 -0.482549965 0.316457778
1403638586177829376.000000 13.701884270 13.209810257 -9.873626709 -0.681395948 -0.461211205 -0.474560827 0.312691182
1403638586477829376.000000 13.488970757 13.176667213 -9.845977783 -0.668868303 -0.461385548 -0.493073374 0.310833305
1403638587977829376.000000 12.222433090 12.989724159 -9.977845192 -0.677778423 -0.456796616 -0.481548518 0.316329300
1403638588827829504.000000 11.464539528 12.826942444 -10.060872078 -0.675349832 -0.455675095 -0.483704776 0.319832087
1403638590127829504.000000 10.274981499 12.463392258 -10.145980835 -0.678492069 -0.454205304 -0.481798530 0.318145007
1403638591677829376.000000 9.037898064 12.093966484 -10.305149078 -0.706114471 -0.464269757 -0.444105566 0.297701716
1403638592527829504.000000 8.743687630 12.347672462 -10.238487244 -0.665060878 -0.476639539 -0.452097982 0.355128378
1403638593377829376.000000 8.741140366 12.726468086 -9.870524406 -0.640324652 -0.519169211 -0.443211168 0.352152795
1403638593577829376.000000 8.758882523 12.847401619 -9.786397934 -0.631278753 -0.517413557 -0.458876371 0.351002753
1403638593977829376.000000 8.754814148 13.070888519 -9.677784920 -0.617199540 -0.505227149 -0.470584989 0.377306163
1403638594277829376.000000 8.722502708 13.181226730 -9.571345329 -0.616821468 -0.523447573 -0.454760343 0.372460693
1403638595627829504.000000 8.430345535 13.281795502 -9.227329254 -0.621871650 -0.526154995 -0.444076061 0.373139530
1403638597177829376.000000 7.274185181 13.102231979 -9.083801270 -0.574873328 -0.563628495 -0.503300607 0.313898057
1403638597377829376.000000 6.879503250 13.088637352 -9.063310623 -0.578144133 -0.555177808 -0.502197742 0.324537128
1403638597577829376.000000 6.427643299 13.070100784 -9.064670563 -0.585725904 -0.538503945 -0.494814992 0.349423528
1403638597777829376.000000 5.941124916 13.032947540 -9.080208778 -0.584515691 -0.538785040 -0.495600283 0.349903435
1403638597977829376.000000 5.429128170 12.974901199 -9.111546516 -0.570860684 -0.554828584 -0.497804016 0.344201386
1403638598177829376.000000 4.874491692 12.908844948 -9.135077477 -0.577234805 -0.552795112 -0.477746606 0.364658386
1403638598427829504.000000 4.155022144 12.803269386 -9.151762962 -0.591235280 -0.547204137 -0.452660948 0.382239014
1403638598627829504.000000 3.588659286 12.704056740 -9.199266434 -0.590630531 -0.553593874 -0.443068415 0.385200977
1403638598827829504.000000 3.030387640 12.597955704 -9.239256859 -0.575619340 -0.569047749 -0.431799889 0.397989959
1403638599027829504.000000 2.477724314 12.485697746 -9.263201714 -0.554030359 -0.592169821 -0.416235566 0.411258280
1403638599227829504.000000 1.948202372 12.368022919 -9.294280052 -0.526357830 -0.617026210 -0.401241541 0.425712764
1403638599427829504.000000 1.420132160 12.238417625 -9.279129028 -0.504025877 -0.640607357 -0.379498929 0.437676549
1403638599627829504.000000 0.901505768 12.107399940 -9.241238594 -0.493789822 -0.653791070 -0.366504550 0.440911949
1403638599827829504.000000 0.392977715 11.977863312 -9.228635788 -0.493503779 -0.656616688 -0.361872643 0.440859258
1403638600427829504.000000 -1.046916246 11.680432320 -9.286734581 -0.538684070 -0.632957757 -0.316634536 0.457084775
1403638600627829504.000000 -1.449698687 11.638381958 -9.287764549 -0.543917060 -0.632553935 -0.311943740 0.454665720
1403638600827829504.000000 -1.802331567 11.623623848 -9.256179810 -0.546112835 -0.639594674 -0.308408767 0.444481224
1403638601027829504.000000 -2.118294001 11.643731117 -9.223398209 -0.530916393 -0.656657219 -0.327518135 0.423864305
1403638601277829376.000000 -2.503035069 11.719525337 -9.204114914 -0.512576342 -0.661998689 -0.351722330 0.418705940
1403638601577829376.000000 -2.981642485 11.860045433 -9.192313194 -0.485654563 -0.664767385 -0.344345748 0.451276004
1403638601827829504.000000 -3.371366024 11.977550507 -9.135110855 -0.432798654 -0.695829570 -0.323262602 0.473294616
1403638602027829504.000000 -3.688827991 12.059270859 -9.075450897 -0.391750962 -0.720519006 -0.299854577 0.487309813
1403638602627829504.000000 -4.648097038 12.197186470 -8.977736473 -0.291579187 -0.704228222 -0.232508004 0.604139388
1403638603027829504.000000 -5.054783344 12.098090172 -8.825399399 -0.229091987 -0.736135125 -0.164682239 0.615225017
1403638603227829504.000000 -5.148434639 12.002898216 -8.766820908 -0.200840846 -0.746953487 -0.138333321 0.618536472
1403638605177829376.000000 -4.701418400 10.452481270 -8.755372047 -0.183715388 -0.809419811 -0.114706933 0.545830190
1403638605727829504.000000 -4.525886536 9.940640450 -8.680946350 -0.149207652 -0.800675392 -0.161338061 0.557338357
1403638606027829504.000000 -4.483008862 9.602183342 -8.635927200 -0.145164028 -0.802592158 -0.168760180 0.553437650
1403638606277829376.000000 -4.485858440 9.270943642 -8.608218193 -0.144056901 -0.805234134 -0.173968792 0.548252106
1403638606827829504.000000 -4.580515862 8.439752579 -8.688627243 -0.161019772 -0.829519153 -0.111728013 0.522960424
1403638607077829376.000000 -4.702497482 8.085251808 -8.731631279 -0.124248050 -0.838100672 -0.074220799 0.525966883
1403638607727829504.000000 -5.144908428 7.323169708 -8.847880363 -0.086471364 -0.816279531 -0.045702342 0.569316983
1403638608227829504.000000 -5.467338085 6.886489868 -9.078247070 -0.092659056 -0.811349213 -0.051455226 0.574873090
1403638608477829376.000000 -5.613938808 6.703969002 -9.225787163 -0.089613609 -0.803963423 -0.059388485 0.584880590
1403638609127829504.000000 -5.839025974 6.284999847 -9.587836266 -0.095282339 -0.811809242 -0.050454952 0.573882759
1403638609377829376.000000 -5.880681038 6.155464649 -9.687855721 -0.101032212 -0.808000505 -0.042795688 0.578875005
1403638609627829504.000000 -5.900664806 6.055696487 -9.836785316 -0.097449139 -0.809741795 -0.049348954 0.576529801
1403638609927829504.000000 -5.907264709 5.958050728 -10.026659012 -0.095587522 -0.809853375 -0.052151427 0.576438129
1403638610427829504.000000 -5.861441612 5.849550724 -10.241628647 -0.096460342 -0.798953533 -0.052156601 0.591310799
1403638610827829504.000000 -5.725947380 5.799377441 -10.474205017 -0.094994016 -0.796456337 -0.050974499 0.595008552
1403638611127829504.000000 -5.564991951 5.775648594 -10.597291946 -0.094420440 -0.795827091 -0.047570713 0.596222222
1403638611377829376.000000 -5.400647163 5.771358490 -10.709565163 -0.087658085 -0.797334611 -0.055486463 0.594554305
1403638611627829504.000000 -5.204070568 5.765915394 -10.781398773 -0.075037092 -0.802539051 -0.076943554 0.586839199
1403638611977829376.000000 -4.906950474 5.725891113 -10.877010345 -0.094498985 -0.808731854 -0.053341478 0.578080952
1403638612327829504.000000 -4.612005234 5.699340820 -10.951701164 -0.098416850 -0.810406625 -0.050735168 0.575309634
1403638612627829504.000000 -4.352280617 5.698833942 -10.994660378 -0.094480805 -0.808283091 -0.062430542 0.577801347
1403638612977829376.000000 -4.053414345 5.703125477 -11.088904381 -0.094190083 -0.804808974 -0.071729541 0.581606030
1403638613227829504.000000 -3.820255280 5.677254200 -11.119808197 -0.099412672 -0.808299422 -0.067188561 0.576415598
1403638613677829376.000000 -3.410685301 5.621138573 -11.137202263 -0.107999764 -0.803250134 -0.070058279 0.581564426
1403638613927829504.000000 -3.168691874 5.588672638 -11.203762054 -0.126193479 -0.793095946 -0.079645537 0.590534270
1403638614177829376.000000 -2.899929285 5.564300537 -11.308682442 -0.163590953 -0.791476071 -0.108840890 0.578755081
1403638614427829504.000000 -2.611730337 5.531071186 -11.385154724 -0.196844950 -0.788127959 -0.127718195 0.569029510
1403638614727829504.000000 -2.263660192 5.492942333 -11.406732559 -0.233331174 -0.780577898 -0.133355081 0.564332485
1403638614977829376.000000 -1.967759371 5.479892731 -11.369608879 -0.283897430 -0.772138059 -0.149335340 0.548547208
1403638615227829504.000000 -1.657494783 5.507373810 -11.297154427 -0.332521707 -0.749219298 -0.205883265 0.534520268
1403638615477829376.000000 -1.345537901 5.557185173 -11.215422630 -0.386365354 -0.716060519 -0.261515051 0.519219697
1403638615727829504.000000 -1.040867567 5.602538586 -11.173691750 -0.428230196 -0.690399885 -0.293158501 0.504008949
1403638615977829376.000000 -0.731821597 5.626111031 -11.101925850 -0.453505546 -0.675199032 -0.306486368 0.494474560
1403638616227829504.000000 -0.422926873 5.644340515 -11.071053505 -0.481882840 -0.655270815 -0.326608747 0.481389552
1403638616477829376.000000 -0.112391941 5.663792133 -11.139857292 -0.520046949 -0.626836598 -0.348916680 0.463556141
1403638617027829504.000000 0.578717709 5.743621349 -11.353798866 -0.555993080 -0.620344639 -0.346417814 0.431322455
1403638617327829504.000000 0.960086286 5.851893425 -11.385313988 -0.543418527 -0.629158854 -0.355671614 0.427028179
1403638617577829376.000000 1.260081410 5.979051590 -11.356527328 -0.541402698 -0.638965547 -0.349939644 0.419700384
1403638617827829504.000000 1.534153938 6.141772270 -11.277502060 -0.532600462 -0.643562257 -0.354481727 0.420127451
1403638618077829376.000000 1.782163620 6.332126617 -11.170039177 -0.528829634 -0.644191802 -0.354065001 0.424257189
1403638618677829376.000000 2.270032167 6.877182007 -11.041633606 -0.526044965 -0.644951344 -0.357499212 0.423684955
1403638618977829376.000000 2.466995478 7.192327023 -10.969274521 -0.534223318 -0.629927814 -0.371478379 0.424028575
1403638621727829504.000000 4.082551956 9.145980835 -11.168747902 -0.608750582 -0.529339850 -0.449101597 0.384096116
1403638624327829504.000000 4.783204079 8.051424980 -11.185386658 -0.623889685 -0.518978000 -0.442643434 0.381431937
1403638624677829376.000000 4.825544357 7.711213589 -11.205328941 -0.619151711 -0.507344544 -0.451261967 0.394481212
1403638624927829504.000000 4.860200405 7.442492008 -11.219348907 -0.612235367 -0.530117035 -0.445560455 0.381601423
1403638625227829504.000000 4.894742966 7.106462002 -11.214447021 -0.613728225 -0.533934712 -0.429185033 0.392494172
1403638625477829376.000000 4.931586266 6.829110146 -11.222075462 -0.611854196 -0.535133719 -0.427955985 0.395120293
1403638625727829504.000000 4.975499630 6.555554390 -11.194622993 -0.614553154 -0.538837671 -0.424232304 0.389878631
1403638625977829376.000000 5.027375221 6.293671608 -11.171326637 -0.617993653 -0.541929364 -0.420845747 0.383777738
1403638626277829376.000000 5.102946281 6.006199360 -11.186975479 -0.618843377 -0.541584134 -0.421562314 0.382105798
1403638626777829376.000000 5.225042343 5.572782516 -11.267039299 -0.617436886 -0.549167514 -0.422528297 0.372366101
1403638627177829376.000000 5.297711372 5.307406902 -11.267476082 -0.619885862 -0.552287579 -0.416973859 0.369936228
1403638627527829504.000000 5.348417282 5.137442589 -11.288769722 -0.617011547 -0.553800046 -0.420281351 0.368735462
1403638627827829504.000000 5.377916336 5.037387848 -11.326097488 -0.611191511 -0.550936759 -0.429993629 0.371509373
1403638628127829504.000000 5.386948586 4.960644722 -11.378602982 -0.613843083 -0.553796589 -0.428203821 0.364893824
1403638628477829376.000000 5.362347603 4.901869297 -11.421247482 -0.618669808 -0.546926618 -0.424533099 0.371336401
1403638628827829504.000000 5.331694126 4.864050865 -11.414453506 -0.618710041 -0.534548402 -0.425787002 0.387506664
1403638629127829504.000000 5.332736969 4.828708172 -11.438139915 -0.612847745 -0.542644203 -0.434069008 0.376216829
1403638629427829504.000000 5.327233791 4.800478935 -11.452202797 -0.615690112 -0.548018217 -0.430389136 0.367922455
1403638629727829504.000000 5.306314468 4.798146248 -11.453330040 -0.627666891 -0.539514244 -0.414283305 0.378586829
1403638630127829504.000000 5.305765152 4.823537827 -11.492242813 -0.608491480 -0.533193111 -0.443141192 0.386094570
1403638630477829376.000000 5.294405937 4.821136951 -11.586859703 -0.612068653 -0.542315781 -0.439130723 0.372061700
1403638630777829376.000000 5.268000126 4.819064617 -11.671424866 -0.621832013 -0.565786898 -0.416821361 0.345644683
1403638631227829504.000000 5.219212532 4.806262970 -11.719310760 -0.625524640 -0.563630044 -0.410194993 0.350400209
