1403638147795097088.000000 7.144288540 -0.899287879 -5.689061642 -0.569673479 -0.615199327 -0.367279947 0.402625769
1403638148095097088.000000 7.142292500 -0.872421980 -5.654653549 -0.561528623 -0.597692013 -0.387368441 0.421183705
1403638149345096960.000000 7.077268124 -0.687242091 -5.344102859 -0.546368539 -0.612056851 -0.377825499 0.429087162
1403638151995097088.000000 6.004898071 -0.071831912 -5.217757225 -0.380628854 -0.731960654 -0.269693792 0.496609032
1403638152245096960.000000 5.824419022 -0.015420560 -5.161281109 -0.379134953 -0.733262300 -0.270897120 0.495174736
1403638152645096960.000000 5.501154423 0.063188069 -5.154586315 -0.380519688 -0.734397233 -0.275860995 0.489659250
1403638152895097088.000000 5.266522408 0.107125223 -5.143786430 -0.371056020 -0.735653281 -0.259697765 0.503675282
1403638153345096960.000000 4.827692509 0.193196729 -5.054444313 -0.333128691 -0.760295331 -0.226877600 0.509414136
1403638153745096960.000000 4.406027794 0.279963106 -4.982332706 -0.272104710 -0.785682797 -0.202431515 0.517380834
1403638154045096960.000000 4.052654743 0.336520791 -4.947126389 -0.245879307 -0.786488354 -0.180991650 0.536862552
1403638154395097088.000000 3.636988163 0.380291790 -4.963585854 -0.234375760 -0.774622023 -0.187465891 0.556673467
1403638155045096960.000000 2.935810804 0.314467609 -4.945259571 -0.203599870 -0.791198909 -0.169661269 0.551150203
1403638155245096960.000000 2.728783131 0.253353179 -4.897865295 -0.185068235 -0.791852951 -0.157013774 0.560415328
1403638155445096960.000000 2.526585579 0.174345970 -4.873422146 -0.165509179 -0.789841831 -0.152052656 0.570645928
1403638155645096960.000000 2.333772421 0.070921101 -4.874313354 -0.146184146 -0.789941430 -0.127282545 0.581740558
1403638156045096960.000000 2.007767200 -0.191219270 -4.915702820 -0.078914762 -0.811175168 -0.057391491 0.576605082
1403638156245096960.000000 1.869642019 -0.330640316 -4.905695438 -0.042675767 -0.821868420 -0.023060460 0.567608535
1403638156645096960.000000 1.583688259 -0.578276277 -4.888471127 -0.008734129 -0.831447542 0.008446696 0.555470467
1403638156845096960.000000 1.422645211 -0.684748709 -4.911988258 -0.007666333 -0.832112491 0.008550554 0.554488063
1403638157045096960.000000 1.249881148 -0.780239284 -4.935973644 -0.011434587 -0.833510399 0.005478901 0.552358210
1403638158245096960.000000 -0.050751828 -1.296258569 -4.836585999 0.089029901 -0.817413986 0.073330820 0.564385295
1403638158545096960.000000 -0.374777347 -1.422585607 -4.836620808 0.104384482 -0.814152956 0.067230418 0.567220509
1403638158995097088.000000 -0.835403681 -1.618140221 -4.849730492 0.091297857 -0.823202729 0.074647054 0.555364728
1403638159195097088.000000 -1.042229772 -1.702131391 -4.821826935 0.089411981 -0.838531733 0.072275147 0.532584727
1403638160045096960.000000 -1.967027903 -1.882344246 -4.615813255 0.082357518 -0.791814208 0.081246786 0.599705279
1403638160295097088.000000 -2.147333145 -1.845673680 -4.462222099 0.091260545 -0.813481033 0.073690720 0.569640100
1403638160695097088.000000 -2.430052042 -1.783216834 -4.181363583 0.093520321 -0.824303627 0.070809595 0.553862274
1403638160895097088.000000 -2.584476471 -1.754145145 -4.062119007 0.075999551 -0.812206328 0.080262840 0.572802722
1403638161095097088.000000 -2.730846405 -1.707463384 -3.957518101 0.045971300 -0.804536641 0.065502129 0.588487029
1403638161295097088.000000 -2.857530594 -1.641592979 -3.868211746 0.008933436 -0.810415089 0.031681135 0.584930778
1403638161695097088.000000 -3.084995031 -1.486082911 -3.722893953 -0.045518484 -0.826472223 -0.008392154 0.561071634
1403638162095097088.000000 -3.319175720 -1.297334790 -3.642929554 -0.074860208 -0.817237079 -0.025144292 0.570865512
1403638163445096960.000000 -4.036394596 -0.238527909 -3.284848690 -0.134406179 -0.803135216 -0.074846640 0.575592577
1403638165795097088.000000 -4.000366688 2.324667215 -2.924270153 -0.198604390 -0.768896937 -0.135046035 0.592550755
1403638166195097088.000000 -3.747569323 2.740311623 -2.978984356 -0.195686758 -0.795229673 -0.133998424 0.557997167
1403638166395097088.000000 -3.623396635 2.932177067 -2.913085938 -0.189040303 -0.798188448 -0.136319101 0.555496156
1403638166595097088.000000 -3.502247095 3.110016584 -2.817946434 -0.185972273 -0.798976541 -0.134717464 0.555789649
1403638166995097088.000000 -3.284970045 3.450257778 -2.722343206 -0.206860244 -0.813070536 -0.097533613 0.535361946
1403638167395097088.000000 -3.151277781 3.859990120 -2.624636650 -0.195214897 -0.817929447 -0.113523006 0.529145658
1403638167595097088.000000 -3.127887964 4.085480213 -2.566237211 -0.198653325 -0.808708549 -0.111939795 0.542214811
1403638167795097088.000000 -3.115419149 4.322371483 -2.533886433 -0.219349548 -0.796651542 -0.106930129 0.552990139
1403638168795097088.000000 -2.974692583 5.769385338 -2.356409073 -0.300475657 -0.780950189 -0.206753999 0.507034659
1403638168995097088.000000 -2.974430323 6.072801590 -2.352846146 -0.299453825 -0.783095181 -0.208937109 0.503423035
1403638169195097088.000000 -3.003566742 6.374007702 -2.369612217 -0.297152251 -0.772660673 -0.202619791 0.523107350
1403638169795097088.000000 -3.031719923 7.285565376 -2.464682817 -0.366014957 -0.721207976 -0.236811638 0.538342297
1403638169995097088.000000 -2.982418060 7.578028202 -2.445795774 -0.384620935 -0.705966949 -0.289786965 0.519327462
1403638170395097088.000000 -2.865711689 8.065944672 -2.424375534 -0.466158181 -0.651149988 -0.327118248 0.501690984
1403638170595097088.000000 -2.786239147 8.269247055 -2.437984705 -0.506644666 -0.622216642 -0.337074012 0.492482275
1403638170995097088.000000 -2.541299105 8.611362457 -2.400591135 -0.560229421 -0.570560694 -0.379925251 0.465038061
1403638171195097088.000000 -2.379549742 8.741642952 -2.399458885 -0.579253614 -0.548194408 -0.395926297 0.455181867
1403638171595097088.000000 -1.986957669 8.906360626 -2.421070099 -0.595648050 -0.522269845 -0.409705818 0.452303976
1403638171995097088.000000 -1.474127650 8.918349266 -2.445848465 -0.612772703 -0.489571631 -0.427078158 0.449926138
1403638172195097088.000000 -1.167851448 8.850917816 -2.433369398 -0.614870310 -0.487457693 -0.434945434 0.441748857
1403638172395097088.000000 -0.842375934 8.736487389 -2.451094866 -0.614519715 -0.488835365 -0.437761664 0.437915772
1403638172795097088.000000 -0.139867619 8.399943352 -2.597987890 -0.610213280 -0.487050265 -0.433821738 0.449689358
1403638172995097088.000000 0.243227929 8.163631439 -2.703739405 -0.612146318 -0.489017725 -0.423125088 0.455086470
1403638173195097088.000000 0.652941763 7.888344765 -2.832287073 -0.617320061 -0.497870743 -0.409324080 0.451103687
1403638174395097088.000000 3.254969358 5.926600933 -3.904800653 -0.615889311 -0.535412550 -0.419172198 0.397880018
1403638174645096960.000000 3.756915092 5.508450031 -4.124602318 -0.619339705 -0.544508219 -0.412178993 0.387347043
1403638174895097088.000000 4.245673656 5.123324394 -4.302198887 -0.621699691 -0.553345978 -0.407836318 0.375456184
1403638175145096960.000000 4.709011078 4.786674023 -4.438691616 -0.622054696 -0.552649498 -0.410877526 0.372567147
1403638175395097088.000000 5.147134781 4.506124496 -4.534540653 -0.627701163 -0.557800412 -0.406975150 0.359473586
1403638175695097088.000000 5.632973194 4.260566711 -4.588378906 -0.640151381 -0.574540436 -0.387203991 0.331937611
1403638176095097088.000000 6.214422703 4.140982151 -4.671141148 -0.624677718 -0.582313120 -0.404279113 0.327486992
1403638176695097088.000000 6.860149384 4.247083187 -4.741100788 -0.603577971 -0.558046222 -0.438593447 0.363199592
1403638177195097088.000000 7.179565907 4.382037163 -4.697462082 -0.605944097 -0.559526145 -0.436367214 0.359647036
1403638177595097088.000000 7.315494537 4.521612167 -4.756096363 -0.615369022 -0.549797773 -0.426132321 0.370748878
1403638179545096960.000000 8.213675499 4.726602554 -5.063435078 -0.750930369 -0.345119417 -0.503192186 0.252574176
1403638179945096960.000000 8.519012451 4.718626022 -5.156328201 -0.776885092 -0.268797874 -0.530247569 0.207448453
1403638180245096960.000000 8.759394646 4.707292080 -5.179428577 -0.793655336 -0.242135495 -0.526392758 0.185451582
1403638180745096960.000000 9.218663216 4.702237606 -5.258804321 -0.797795475 -0.251124710 -0.521029890 0.170254409
1403638181145096960.000000 9.646636009 4.746764660 -5.280093670 -0.796265662 -0.254002839 -0.516648293 0.185790420
1403638181995097088.000000 10.671182632 4.717550755 -5.416622639 -0.808134615 -0.134311244 -0.561363995 0.117258482
1403638182295097088.000000 11.013085365 4.630534649 -5.385048866 -0.825644612 -0.107887775 -0.544326007 0.101884939
1403638182545096960.000000 11.316888809 4.550310135 -5.359229565 -0.831035852 -0.111822218 -0.537114024 0.091563448
1403638182745096960.000000 11.581231117 4.487012863 -5.307442665 -0.831011713 -0.122123547 -0.535925686 0.085376486
1403638184795097088.000000 14.513236046 4.498356342 -5.103518963 -0.813756168 -0.133093342 -0.559669673 0.082805961
1403638185195097088.000000 15.034980774 4.659993649 -5.057257175 -0.813434601 -0.134563386 -0.560330212 0.079037093
1403638185395097088.000000 15.284435272 4.757460117 -5.028426170 -0.810468614 -0.141842917 -0.563736260 0.072268039
1403638185795097088.000000 15.736047745 5.016525269 -4.960331917 -0.795920670 -0.174577057 -0.570195913 0.104450196
1403638185995097088.000000 15.934022903 5.161811829 -4.934519768 -0.805595338 -0.164989173 -0.551504195 0.140135303
1403638186395097088.000000 16.332532883 5.421456814 -4.907105923 -0.805997252 -0.181517854 -0.549672544 0.123611815
1403638186595097088.000000 16.527517319 5.547681332 -4.871421337 -0.804847181 -0.183243126 -0.551868379 0.118677124
1403638189395097088.000000 17.308561325 7.307837963 -4.443269730 -0.715685427 -0.371404886 -0.523449123 0.275415778
1403638190845096960.000000 16.393848419 7.449086666 -4.363878250 -0.684441268 -0.432974726 -0.505471587 0.297609657
1403638191645096960.000000 15.676023483 7.489615917 -4.266081333 -0.700308919 -0.437534332 -0.481492192 0.293762535
1403638192095097088.000000 15.272490501 7.557163239 -4.273986340 -0.696390331 -0.444019526 -0.487404048 0.283415914
1403638195045096960.000000 12.287191391 6.514110088 -3.503190517 -0.692999542 -0.462280422 -0.459373862 0.308259696
1403638197245096960.000000 11.125905991 6.390059948 -3.589166164 -0.686807990 -0.457050174 -0.468888998 0.315504521
1403638197695097088.000000 11.003000259 6.567883968 -3.471200228 -0.672619224 -0.459336579 -0.488747090 0.312601447
1403638198095097088.000000 10.845900536 6.711517811 -3.386377096 -0.664856255 -0.445848763 -0.497654200 0.333954275
1403638198545096960.000000 10.629344940 6.795623779 -3.536621571 -0.670026898 -0.461379886 -0.490143299 0.312972873
1403638199445096960.000000 9.707468033 6.887360573 -3.652061701 -0.646991611 -0.473421156 -0.520435929 0.293974072
1403638199895097088.000000 8.893009186 6.914885044 -3.490797758 -0.652970493 -0.485558629 -0.486517727 0.318061173
1403638200045096960.000000 8.594274521 6.922035217 -3.448054552 -0.651439667 -0.489721596 -0.477510571 0.328302890
1403638200195097088.000000 8.292341232 6.928112030 -3.411998510 -0.634772182 -0.506000221 -0.479444921 0.333407849
1403638200345096960.000000 7.981724739 6.932340145 -3.366909266 -0.613559186 -0.519006968 -0.479673147 0.352265060
1403638200495097088.000000 7.661290169 6.931166649 -3.308299780 -0.594771326 -0.537818551 -0.478702813 0.357549846
1403638200645096960.000000 7.327600002 6.923489571 -3.235903263 -0.578733265 -0.557219744 -0.475239396 0.358777702
1403638200945096960.000000 6.608633518 6.891004562 -3.084466457 -0.567476094 -0.579705954 -0.454549462 0.367827147
1403638201145096960.000000 6.098029137 6.861416817 -3.017466784 -0.574935794 -0.573363125 -0.439021975 0.384660006
1403638201345096960.000000 5.582798958 6.826371193 -2.979961634 -0.578711808 -0.568981767 -0.436692983 0.388138592
1403638201545096960.000000 5.067925930 6.786677837 -2.970657587 -0.578765273 -0.566295862 -0.441295892 0.386778712
1403638201745096960.000000 4.552313328 6.740463257 -2.991170883 -0.579569101 -0.562514961 -0.444393247 0.387544990
1403638201945096960.000000 4.035560608 6.683122158 -3.039966822 -0.579669178 -0.562819123 -0.443145275 0.388382077
1403638202145096960.000000 3.515740395 6.606406212 -3.082504511 -0.577933311 -0.569870651 -0.427129954 0.398497850
1403638202345096960.000000 3.004450798 6.516325474 -3.102680922 -0.582043946 -0.575240970 -0.408772647 0.404014528
1403638202545096960.000000 2.511186361 6.433999538 -3.120848179 -0.582018852 -0.578425348 -0.403350234 0.404952884
1403638202745096960.000000 2.038495779 6.360737801 -3.165439844 -0.583922029 -0.578545153 -0.400423825 0.404946178
1403638202945096960.000000 1.588107109 6.294982910 -3.224405527 -0.582673490 -0.576993406 -0.403872997 0.405532748
1403638203345096960.000000 0.745670617 6.163940907 -3.286208868 -0.577005863 -0.572048247 -0.412964582 0.411442935
1403638203545096960.000000 0.352328122 6.089549065 -3.310045719 -0.577913404 -0.569816232 -0.411112010 0.415105551
1403638203945096960.000000 -0.371799111 5.922367096 -3.331805706 -0.578005135 -0.571335733 -0.409167379 0.414810508
1403638204145096960.000000 -0.703709543 5.827303410 -3.304419518 -0.580829322 -0.573741913 -0.401981711 0.414570093
1403638204345096960.000000 -1.014434218 5.732416153 -3.251977921 -0.594908655 -0.570405424 -0.381201297 0.418816000
1403638204545096960.000000 -1.290130615 5.648983955 -3.197138548 -0.603876472 -0.567031205 -0.370194495 0.420434117
1403638204795097088.000000 -1.582268476 5.565896988 -3.160515785 -0.584636629 -0.583179832 -0.373613328 0.422509581
1403638205045096960.000000 -1.840993285 5.496188164 -3.164731741 -0.527267039 -0.629368007 -0.371253371 0.433654666
1403638205295097088.000000 -2.103945017 5.429158688 -3.177048445 -0.449556947 -0.684482694 -0.325014710 0.473019451
1403638205545096960.000000 -2.369129896 5.358037472 -3.141565323 -0.360323191 -0.727172673 -0.288025558 0.508358598
1403638205795097088.000000 -2.631826401 5.253257751 -3.064298153 -0.302332282 -0.743263602 -0.286351323 0.523600340
1403638206045096960.000000 -2.916980028 5.081856251 -2.958404064 -0.264374852 -0.761735618 -0.248565659 0.536730707
1403638206295097088.000000 -3.211396933 4.849979401 -2.831788540 -0.222674131 -0.773007154 -0.209920406 0.555706322
1403638206545096960.000000 -3.493164539 4.580696583 -2.738005877 -0.209523827 -0.772498786 -0.173731580 0.573727131
1403638207545096960.000000 -4.226008892 3.323014259 -2.766901016 -0.142263219 -0.775030077 -0.115154937 0.604837835
1403638207795097088.000000 -4.272775650 2.975149155 -2.790922880 -0.120493390 -0.794451356 -0.082964018 0.589444995
1403638208045096960.000000 -4.283506393 2.646457434 -2.768215656 -0.116108492 -0.806068957 -0.070637576 0.576005220
1403638208295097088.000000 -4.271775246 2.341986656 -2.758514166 -0.116610400 -0.797777951 -0.073139161 0.587029040
1403638208545096960.000000 -4.238119125 2.054992437 -2.786474943 -0.113763899 -0.805256069 -0.069772445 0.577713072
1403638208795097088.000000 -4.188605309 1.782553554 -2.784585714 -0.091421239 -0.808377326 -0.051278491 0.579257071
1403638209045096960.000000 -4.125108719 1.533586025 -2.777198315 -0.076111287 -0.807780147 -0.044010978 0.582890511
1403638209495097088.000000 -3.973592281 1.134700656 -2.868557453 -0.073822059 -0.807363331 -0.035379775 0.584348440
1403638209795097088.000000 -3.856561661 0.905275047 -3.052862883 -0.074020170 -0.806075275 -0.038881920 0.585876942
1403638210095097088.000000 -3.719545126 0.698402882 -3.346955538 -0.070331059 -0.795928895 -0.046113584 0.599519968
1403638210395097088.000000 -3.527272701 0.501957595 -3.612708092 -0.071041368 -0.792114019 -0.045358650 0.604525566
1403638210695097088.000000 -3.270219564 0.315291554 -3.891144276 -0.073834397 -0.789696217 -0.043414250 0.607489645
1403638210945096960.000000 -3.005120516 0.168575853 -4.113872051 -0.075607792 -0.794394672 -0.041262027 0.601263702
1403638211195097088.000000 -2.704848051 0.034851648 -4.289102554 -0.078453921 -0.801859081 -0.035493277 0.591275990
1403638211445096960.000000 -2.397076845 -0.076073281 -4.425537586 -0.089024909 -0.803123415 -0.042376958 0.587598264
1403638211695097088.000000 -2.072188854 -0.164801180 -4.584703445 -0.130666927 -0.796459556 -0.063338920 0.586997926
1403638211945096960.000000 -1.732503653 -0.225754082 -4.757555485 -0.194649860 -0.785848558 -0.093111239 0.579554915
1403638212195097088.000000 -1.377558470 -0.249692097 -4.887053490 -0.246598542 -0.771977723 -0.136029497 0.569855869
1403638212495097088.000000 -0.925503910 -0.248098746 -4.971250057 -0.305260539 -0.750784039 -0.185753793 0.555549085
1403638212745096960.000000 -0.527323663 -0.234772772 -4.989261150 -0.356720865 -0.731097043 -0.220684126 0.538094819
1403638212995097088.000000 -0.111248866 -0.214597315 -4.968456268 -0.411880821 -0.703378558 -0.257423401 0.518985569
1403638213295097088.000000 0.405468613 -0.176700339 -4.927123070 -0.490855694 -0.664049566 -0.285682619 0.486296505
1403638213545096960.000000 0.854991257 -0.115804918 -4.931107044 -0.556608558 -0.624400795 -0.297526270 0.460205108
1403638213795097088.000000 1.335800529 -0.013183190 -4.937634945 -0.556291640 -0.600756466 -0.358231634 0.448666245
1403638213945096960.000000 1.627633810 0.054321773 -4.925368786 -0.554100394 -0.599120498 -0.372722626 0.441707283
1403638214195097088.000000 2.107315779 0.162784219 -4.882892609 -0.559743106 -0.611671984 -0.361663461 0.426315248
1403638214445096960.000000 2.569939852 0.289993703 -4.847355366 -0.558663189 -0.624298513 -0.350273758 0.418873608
1403638215645096960.000000 4.564009666 0.953906775 -5.046231747 -0.522452652 -0.624309421 -0.376766860 0.441958874
1403638216245096960.000000 5.354347229 1.156180978 -5.141097069 -0.536519468 -0.609807312 -0.382632047 0.440312058
1403638216845096960.000000 6.017896652 1.256295919 -5.194804668 -0.534375250 -0.608159721 -0.395767719 0.433535159
1403638219495097088.000000 6.968162537 0.815653622 -5.261646271 -0.587672591 -0.540536165 -0.442243159 0.408512563
1403638220945096960.000000 7.027450085 0.055408604 -5.262201786 -0.603542089 -0.552255929 -0.426574141 0.385726482
1403638221245096960.000000 7.030107498 -0.099500969 -5.298336029 -0.607271135 -0.552817822 -0.423853397 0.382050604
1403638221545096960.000000 7.022235394 -0.244757861 -5.302341938 -0.613561809 -0.550022721 -0.416685104 0.383914679
1403638222045096960.000000 7.023460865 -0.454213023 -5.317847729 -0.606907964 -0.547999024 -0.425637215 0.387547106
1403638222395097088.000000 7.024075985 -0.588360429 -5.303970337 -0.614962637 -0.556231380 -0.414892375 0.374555588
1403638222845096960.000000 7.018670559 -0.700561404 -5.353516102 -0.607473612 -0.548614085 -0.425352603 0.386100441
1403638223195097088.000000 7.005385399 -0.784385979 -5.395951271 -0.610506296 -0.550279915 -0.420564353 0.384187162
1403638223495097088.000000 6.994161129 -0.858466089 -5.411100864 -0.621515989 -0.541730165 -0.405140430 0.395104468
1403638223795097088.000000 7.013410091 -0.916117728 -5.441352367 -0.610213757 -0.549301803 -0.422484994 0.383944064
1403638224095097088.000000 7.033040524 -0.967624307 -5.484290123 -0.608646035 -0.557299316 -0.424053013 0.373023659
1403638224395097088.000000 7.031675339 -0.995739460 -5.528735638 -0.611521184 -0.554205775 -0.420362443 0.377085179
1403638224695097088.000000 7.019081116 -1.005007625 -5.567322731 -0.610373199 -0.550716639 -0.421653062 0.382576257
1403638225195097088.000000 6.996011734 -0.998369694 -5.577772617 -0.610096335 -0.546439767 -0.419362098 0.391562879
1403638225495097088.000000 6.995636940 -0.985025823 -5.570020199 -0.603807628 -0.549884975 -0.427014828 0.388202697
1403638225795097088.000000 6.988800049 -0.979718029 -5.620321751 -0.596547484 -0.544828713 -0.437065423 0.395305753
1403638226095097088.000000 6.965454102 -0.986827135 -5.695470810 -0.622465134 -0.554592252 -0.396114022 0.384783596
1403638226295097088.000000 6.950741768 -0.973307610 -5.698050022 -0.617568314 -0.554974258 -0.408458263 0.379176497
1403638226445096960.000000 6.949941158 -0.969799817 -5.692641258 -0.613754034 -0.564287305 -0.408966899 0.370987713
1403638226945096960.000000 6.957894802 -0.962944388 -5.669971466 -0.613625407 -0.564337671 -0.408885002 0.371214271
1403638227445096960.000000 6.961765766 -0.962017834 -5.658229828 -0.614032030 -0.564390540 -0.408208996 0.371205509
1403638227945096960.000000 6.962362289 -0.962812901 -5.655005932 -0.614200890 -0.564578056 -0.407840550 0.371045887
1403638228445096960.000000 6.961637974 -0.961468816 -5.657091141 -0.614409506 -0.564583063 -0.407599390 0.370957732
