1403636859051666432.000000 0.405345380 -0.167536661 0.552485824 -0.528612196 -0.617445171 -0.351164520 0.464773238
1403636861951666432.000000 0.480262816 -0.155025110 0.748873353 -0.553904533 -0.622603834 -0.360504925 0.419035226
1403636864551666432.000000 0.476915658 -0.153706267 0.989578664 -0.565362751 -0.606824398 -0.370529205 0.418135464
1403636866251666432.000000 0.458860636 -0.151370585 1.038123965 -0.547709227 -0.583677530 -0.398158342 0.448112786
1403636868851666432.000000 0.449213415 -0.291625798 0.760780692 -0.640762687 -0.680683732 -0.229788765 0.270721108
1403636871251666432.000000 0.893608928 -0.137829259 0.734586179 -0.681828082 -0.632494092 -0.259535581 0.260197967
1403636873801666560.000000 0.840630114 -0.137235045 0.715259314 -0.678999126 -0.644070148 -0.240892425 0.257108271
1403636876151666432.000000 0.547141075 -0.429374009 0.694326162 -0.775959194 -0.499090880 -0.293990135 0.249730960
1403636876301666560.000000 0.623531222 -0.428900748 0.698743641 -0.789530993 -0.475993633 -0.307222307 0.235977456
1403636876501666560.000000 0.733305275 -0.376360327 0.697153211 -0.800132930 -0.462401003 -0.315550625 0.215407535
1403636876651666432.000000 0.805391312 -0.302760452 0.700413585 -0.789468467 -0.466909051 -0.333721697 0.217635870
1403636876801666560.000000 0.842127144 -0.214027613 0.706435323 -0.770695388 -0.487346202 -0.339765906 0.230394080
1403636878351666432.000000 0.449600577 -0.346130252 0.664743125 -0.683765233 -0.622727156 -0.241195843 0.294109911
1403636878651666432.000000 0.629538715 -0.363884300 0.671958923 -0.729196846 -0.565670788 -0.280137271 0.264218986
1403636879001666560.000000 0.809162080 -0.256879538 0.697660863 -0.742938221 -0.539751410 -0.309577018 0.246725351
1403636880801666560.000000 0.553961158 -0.434926897 0.783447504 -0.703159750 -0.582331598 -0.302810937 0.273426026
1403636881051666432.000000 0.465651244 -0.468761712 0.788022697 -0.684295952 -0.595984459 -0.297376186 0.296831787
1403636881201666560.000000 0.410602033 -0.449724674 0.790130913 -0.658995271 -0.613302827 -0.293814510 0.321337789
1403636882101666560.000000 0.587952793 -0.090838417 0.765753448 -0.616129160 -0.645884931 -0.304421365 0.332483292
1403636884601666560.000000 0.510089159 -0.001236415 0.508433700 -0.440633446 -0.664679468 -0.310458839 0.517357409
1403636887101666560.000000 0.509753108 -0.001906820 0.508770227 -0.440921187 -0.665086210 -0.311023742 0.516249061
1403636889901666560.000000 0.509461939 -0.000994224 0.508611739 -0.441100121 -0.664620638 -0.310874015 0.516785741
1403636892751666432.000000 0.509125352 -0.000822213 0.507427692 -0.441069633 -0.663967073 -0.310591340 0.517820895
1403636895601666560.000000 0.508973062 -0.000117071 0.506037951 -0.440761358 -0.663989305 -0.310959011 0.517834187
1403636898151666432.000000 0.611695647 -0.075481720 0.592465997 -0.450646341 -0.693207562 -0.313500106 0.467010528
1403636901051666432.000000 0.858062327 0.450823009 0.943835676 -0.527233005 -0.636059046 -0.339449883 0.449697763
1403636903201666560.000000 1.677009940 1.219367862 0.844036043 -0.514332414 -0.637094915 -0.361756116 0.445763260
1403636905701666560.000000 2.518887758 2.108730793 1.178149581 -0.509789526 -0.650656939 -0.363498837 0.429684520
1403636907601666560.000000 2.689733028 3.003880501 1.148234367 -0.510935247 -0.656173885 -0.329553127 0.446962863
1403636908901666560.000000 2.858660221 3.922196865 1.201118946 -0.493130386 -0.667510271 -0.329157054 0.450453341
1403636909151666432.000000 2.885289431 4.116467476 1.261010766 -0.496765882 -0.666217804 -0.323044240 0.452791184
1403636911951666432.000000 3.030751467 6.094383240 1.112491846 -0.497422099 -0.658797979 -0.327152193 0.459921718
1403636913901666560.000000 3.411504984 7.241194248 0.924191475 -0.493588328 -0.655800521 -0.342327237 0.457283586
1403636915351666432.000000 3.872408390 7.874433041 0.970042586 -0.500993848 -0.665464520 -0.340170175 0.436401635
1403636918251666432.000000 4.401138306 8.836861610 0.823150992 -0.591415286 -0.565333426 -0.427394420 0.384655714
1403636920901666560.000000 4.645317078 8.906207085 1.165094018 -0.613899887 -0.548434973 -0.430062056 0.370665073
1403636923601666560.000000 4.976651192 8.451831818 0.907158732 -0.689247608 -0.471575499 -0.454861790 0.309281707
1403636924101666560.000000 5.039844513 8.489998817 0.874948382 -0.689316630 -0.473319650 -0.458803326 0.300517321
1403636926901666560.000000 5.983178616 9.674926758 0.693487883 -0.700353920 -0.429262966 -0.474903196 0.315760493
1403636929851666432.000000 7.644438744 10.806683540 0.611525536 -0.739554226 -0.348727047 -0.522014022 0.242797092
1403636932501666560.000000 8.380779266 10.533329010 0.704251945 -0.742237568 -0.308444142 -0.559731305 0.201610029
1403636935451666432.000000 7.292740345 9.471541405 0.924082220 -0.816140294 -0.059875771 -0.571955800 0.056537163
1403636938001666560.000000 7.135947704 8.469865799 0.726203382 -0.805238545 -0.067240499 -0.588676333 0.023015337
1403636938751666432.000000 6.970857143 8.312410355 0.583515227 -0.816477597 -0.006209780 -0.574201941 0.060149342
1403636939551666432.000000 6.729678154 7.888828754 0.596765518 -0.813049376 -0.034293063 -0.580238700 0.033134449
1403636939851666432.000000 6.624804020 7.719641685 0.618625104 -0.806456447 -0.036394246 -0.589131474 0.035036046
1403636941301666560.000000 5.912125111 6.725532055 0.603632808 -0.822599173 -0.003706962 -0.568560779 0.007445977
1403636941551666432.000000 5.807545185 6.555272579 0.636372328 -0.819163382 -0.011220649 -0.573369265 0.009645754
1403636943301666560.000000 5.142586231 5.383345127 0.691009998 -0.817503095 -0.004525472 -0.575895429 0.003572339
1403636943501666560.000000 5.079089165 5.242458344 0.700086534 -0.816907823 -0.001410724 -0.576766372 0.000561153
1403636946451666432.000000 4.316613674 4.330149651 0.373373151 -0.813078761 -0.047863871 -0.579861522 0.019306600
1403636947751666432.000000 4.184625626 4.249109268 0.067732692 -0.832402110 -0.035039112 -0.552778304 0.017754529
1403636948701666560.000000 4.527622223 4.281020641 -0.098867670 -0.817635655 -0.080434397 -0.569824994 -0.017372839
1403636948951666432.000000 4.634843826 4.409714699 -0.122316673 -0.813416421 -0.055436559 -0.578426003 0.026534772
1403636950351666432.000000 5.000358582 4.996343136 -0.266549110 -0.829008222 -0.057795431 -0.555199564 0.034035411
1403636950651666432.000000 5.111612797 5.081006050 -0.305163741 -0.816118896 -0.068317324 -0.573530912 0.018575190
1403636950901666560.000000 5.202471256 5.177343845 -0.306257427 -0.812873363 -0.061382014 -0.578315794 0.031939235
1403636953601666560.000000 6.268062115 6.261883736 -0.577214420 -0.822160840 -0.059957422 -0.564802706 0.038138807
1403636954151666432.000000 6.515272617 6.482949734 -0.531771481 -0.824201763 -0.067952126 -0.561029315 0.036335371
1403636954401666560.000000 6.636332035 6.614336014 -0.516102374 -0.827596843 -0.065106191 -0.556299388 0.037089139
1403636955451666432.000000 7.205397606 7.296277523 -0.582089305 -0.817618310 -0.034766592 -0.574570715 0.012649653
1403636956051666432.000000 7.468604565 7.750402451 -0.622790515 -0.817924261 -0.012031955 -0.574594676 0.026384862
1403636956301666560.000000 7.572320461 7.925609589 -0.603096008 -0.818642735 -0.002407891 -0.573354304 0.032913607
1403636956551666432.000000 7.666014194 8.077359200 -0.621116519 -0.814050257 -0.021172956 -0.580308795 0.010757597
1403636957051666432.000000 7.799485207 8.363558769 -0.658603609 -0.806634486 -0.106577776 -0.574250042 0.090658523
1403636959951666432.000000 8.173189163 9.196632385 -0.807791650 -0.737614214 -0.361425549 -0.513307393 0.248621255
1403636960801666560.000000 8.130699158 9.490965843 -0.840393364 -0.721512675 -0.380196780 -0.519167602 0.255606979
1403636963451666432.000000 7.228173256 9.984724045 -0.481939197 -0.485280871 -0.652364731 -0.348985255 0.465974271
1403636964151666432.000000 6.894166470 9.835247040 -0.366271585 -0.491399586 -0.646669805 -0.365364522 0.454811245
1403636964451666432.000000 6.747431278 9.733628273 -0.293239713 -0.486571491 -0.649360061 -0.367691457 0.454293758
1403636964751666432.000000 6.584113598 9.604616165 -0.266090959 -0.461066365 -0.668541491 -0.366116464 0.454344362
1403636967051666432.000000 4.936845779 8.312250137 0.158646986 -0.413024753 -0.694080174 -0.293064594 0.511640906
1403636967551666432.000000 4.741358757 7.972521305 0.153227270 -0.409469634 -0.695846975 -0.305466771 0.504798710
1403636968751666432.000000 4.414009094 6.876285076 -0.008616542 -0.407904863 -0.701243877 -0.310344785 0.495536834
1403636969051666432.000000 4.359421253 6.526868820 -0.004752714 -0.410891473 -0.699208379 -0.306397736 0.498393655
1403636969451666432.000000 4.289697647 6.057451725 0.063632324 -0.423221797 -0.711353302 -0.290797830 0.479892194
1403636972151666432.000000 3.472279072 4.332618237 -0.097450249 -0.417240769 -0.697266996 -0.289182335 0.506065667
1403636972651666432.000000 3.476967812 4.255759716 -0.067734621 -0.418422163 -0.702832818 -0.290528297 0.496530145
1403636973151666432.000000 3.508965969 4.206640720 -0.038473926 -0.440315902 -0.695644796 -0.299969465 0.481890708
1403636974201666560.000000 3.548618555 4.138253212 -0.203867510 -0.476826608 -0.668942750 -0.323956817 0.469259113
1403636976851666432.000000 3.809813976 4.150247097 -0.347233653 -0.728444159 -0.383599460 -0.498952329 0.270679384
1403636978351666432.000000 4.419845104 4.167713642 -0.639775753 -0.730687022 -0.377755284 -0.502785742 0.265714258
1403636978901666560.000000 4.681495667 4.183568001 -0.621228755 -0.745027542 -0.383726209 -0.485577047 0.248803392
1403636979401666560.000000 4.942090511 4.305913925 -0.703178465 -0.736984789 -0.382925957 -0.496618092 0.252174079
1403636979701666560.000000 5.087578773 4.411650181 -0.723418772 -0.743742824 -0.385940641 -0.487872332 0.244698122
1403636981401666560.000000 5.787388325 5.340461254 -0.854049563 -0.736599982 -0.352188975 -0.505330920 0.279328138
1403636981701666560.000000 5.888633728 5.468420029 -0.907212913 -0.737508297 -0.367163718 -0.509909511 0.247517258
1403636982101666560.000000 6.012664318 5.659212589 -0.893583000 -0.756829500 -0.369600773 -0.487677425 0.229728207
1403636982401666560.000000 6.121341705 5.850335598 -0.893757284 -0.757853508 -0.356721759 -0.487167269 0.247135177
1403636982901666560.000000 6.388361931 6.204190731 -0.842885852 -0.748550594 -0.361277163 -0.494724661 0.253768295
1403636985751666432.000000 7.606916904 8.610574722 -0.980241418 -0.721074760 -0.383040607 -0.522714376 0.245154753
1403636988701666560.000000 6.782625198 10.115373611 -0.687377393 -0.709114194 -0.365121454 -0.519056439 0.307284743
1403636991651666432.000000 5.850893974 7.659018993 -0.449586272 -0.721710086 -0.390045971 -0.504772067 0.268707782
1403636992801666560.000000 5.488372803 6.852013111 -0.268553495 -0.732503653 -0.378137529 -0.509251654 0.247210950
1403636993651666432.000000 5.199090004 6.425754070 -0.160227194 -0.695244610 -0.427029967 -0.492249519 0.303267062
1403636993951666432.000000 5.085776329 6.276007652 -0.100861244 -0.681951344 -0.450755537 -0.481925160 0.315452188
1403636996851666432.000000 3.830905437 3.886739016 0.202309996 -0.642995119 -0.512371659 -0.445565015 0.354266047
1403636999301666560.000000 3.237574577 2.974249840 0.685408533 -0.589902520 -0.560466826 -0.436059833 0.384374648
1403637000301666560.000000 2.883764982 2.627885103 0.701396942 -0.593169630 -0.556463480 -0.433986098 0.387497336
1403637001651666432.000000 2.232802391 1.967530489 0.783539236 -0.604041994 -0.548905373 -0.426619112 0.389656842
1403637002651666432.000000 1.789211392 1.378889322 0.775753498 -0.602346957 -0.553229928 -0.432861358 0.379138201
1403637003151666432.000000 1.554038167 1.121437788 0.787357032 -0.607395232 -0.547190249 -0.432774007 0.379948199
1403637004251666432.000000 1.071304440 0.595602989 0.782749593 -0.610411286 -0.552502990 -0.427170694 0.373716176
1403637004551666432.000000 0.947119236 0.482283205 0.804325104 -0.608637273 -0.544507205 -0.431622356 0.383111984
1403637004851666432.000000 0.836849809 0.357678682 0.871719658 -0.623468876 -0.527985573 -0.419499993 0.395648330
1403637005151666432.000000 0.764171958 0.234159157 0.843904734 -0.623860300 -0.535813272 -0.425300300 0.377918273
1403637005501666560.000000 0.706639111 0.117229328 0.740268767 -0.615787506 -0.541534305 -0.433213741 0.373995036
1403637006001666560.000000 0.623879910 -0.001524016 0.736776948 -0.613997519 -0.544426024 -0.429069400 0.377500713
1403637006551666432.000000 0.549432695 -0.107983746 0.752425551 -0.627648294 -0.544187546 -0.406964749 0.379864782
1403637007101666560.000000 0.533372581 -0.124972686 0.716999054 -0.562271357 -0.596061110 -0.391548306 0.418631047
1403637007401666560.000000 0.535197377 -0.129288048 0.677236915 -0.530399561 -0.612012982 -0.395030737 0.433667183
1403637007701666560.000000 0.531659245 -0.150550708 0.638032973 -0.538477123 -0.623641729 -0.379003793 0.421271384
1403637008001666560.000000 0.510763943 -0.161457434 0.638731003 -0.542574525 -0.610277891 -0.380119294 0.434376687
1403637008251666432.000000 0.495356500 -0.165205956 0.654478192 -0.553483009 -0.619541705 -0.373241425 0.412935317
1403637008401666560.000000 0.484349102 -0.156597346 0.675094783 -0.556807041 -0.621796012 -0.373019308 0.405206650
1403637008601666560.000000 0.465045929 -0.127157331 0.721358120 -0.553494930 -0.606489420 -0.382954568 0.423272610
1403637008951666432.000000 0.445738971 -0.065950230 0.785943329 -0.574231505 -0.593893290 -0.358535320 0.434742779
1403637009151666432.000000 0.469596595 -0.020718394 0.811977446 -0.564840555 -0.601126969 -0.375447035 0.422659606
1403637009451666432.000000 0.517877936 0.069022365 0.831508815 -0.535766959 -0.619457603 -0.400115192 0.411258996
1403637009651666432.000000 0.530651748 0.149790496 0.785586715 -0.521233559 -0.595514178 -0.397218108 0.464646488
1403637009851666432.000000 0.511546969 0.254634410 0.651007831 -0.528448820 -0.590016305 -0.396709651 0.463944137
1403637010051666432.000000 0.456657708 0.369254708 0.562967241 -0.528628230 -0.589674592 -0.394137144 0.466360480
1403637010201666560.000000 0.401858926 0.452681690 0.502127290 -0.527994096 -0.589894593 -0.394737482 0.466292858
1403637010401666560.000000 0.316743284 0.561878145 0.424652845 -0.528249860 -0.589936793 -0.394340932 0.466285139
