1403638147795097088.000000 -2.778535128 1.448626399 3.265920877 -0.588592350 -0.596830785 -0.379460543 0.391614288
1403638148095097088.000000 -2.779277086 1.481842399 3.303877592 -0.579936981 -0.579584479 -0.400090575 0.409490645
1403638150445096960.000000 -3.020816088 1.916737795 3.651223660 -0.544208944 -0.624022603 -0.381919831 0.410572261
1403638151995097088.000000 -3.871721029 2.376199722 3.754613400 -0.403573751 -0.719630301 -0.284545302 0.488154113
1403638152595097088.000000 -4.324952602 2.534122467 3.822564125 -0.401715428 -0.722104788 -0.293093443 0.480921656
1403638152945096960.000000 -4.648663521 2.617246389 3.838477135 -0.388570130 -0.724875748 -0.271627188 0.499787122
1403638153695097088.000000 -5.396225929 2.820889950 3.980443001 -0.303732455 -0.775344968 -0.224144727 0.506306291
1403638153945096960.000000 -5.684693336 2.889402628 4.021655083 -0.275073886 -0.779191852 -0.202642173 0.525481343
1403638154195097088.000000 -5.981140614 2.949139357 4.024646759 -0.263659775 -0.774956286 -0.198380068 0.539047003
1403638155195097088.000000 -7.083455086 2.932557583 4.064968586 -0.214029163 -0.786527276 -0.176362559 0.551781356
1403638155395097088.000000 -7.292686462 2.872474670 4.095874310 -0.196440682 -0.784097731 -0.170063704 0.563631177
1403638155695097088.000000 -7.592009544 2.737415075 4.095780373 -0.164504901 -0.784473658 -0.136951923 0.582051098
1403638155895097088.000000 -7.769948006 2.620904207 4.073074818 -0.133268744 -0.792363405 -0.103534721 0.586242557
1403638156295097088.000000 -8.072820663 2.363904715 4.075287342 -0.060460560 -0.823172808 -0.032974549 0.563598990
1403638156695097088.000000 -8.379488945 2.141291380 4.082581043 -0.034406468 -0.831096768 -0.007428987 0.555012941
1403638156945096960.000000 -8.594851494 2.025745392 4.049009323 -0.035214607 -0.831920385 -0.009838771 0.553689182
1403638157395097088.000000 -9.043357849 1.860727072 4.060592175 -0.037485555 -0.834644794 -0.016055392 0.549277008
1403638157845096960.000000 -9.561655045 1.707462311 4.084684849 0.020945001 -0.821003079 0.003355227 0.570529521
1403638158045096960.000000 -9.792734146 1.625471115 4.120538235 0.050839730 -0.820162058 0.032270186 0.568953514
1403638158245096960.000000 -10.018730164 1.545156360 4.143310547 0.062782399 -0.819998085 0.056002192 0.566149533
1403638158695097088.000000 -10.510870934 1.387044191 4.128737450 0.077513345 -0.815963507 0.048512571 0.570825458
1403638159095097088.000000 -10.927886963 1.237988710 4.138857365 0.063253157 -0.832468331 0.057258375 0.547464252
1403638159345096960.000000 -11.209226608 1.153178573 4.167122364 0.058868926 -0.834846556 0.057473384 0.544300079
1403638160045096960.000000 -11.965245247 1.080111861 4.354678631 0.056699250 -0.794065118 0.062610000 0.601935029
1403638160395097088.000000 -12.208915710 1.148458362 4.583679676 0.067460656 -0.823259473 0.053673666 0.561081171
1403638160595097088.000000 -12.346300125 1.189168930 4.725741386 0.067449048 -0.826937675 0.053568698 0.555657446
1403638160795097088.000000 -12.494679451 1.226247191 4.850194931 0.061732359 -0.822640717 0.059124194 0.562099278
1403638160995097088.000000 -12.644084930 1.273115158 4.962237358 0.035965964 -0.807890832 0.057141509 0.585451722
1403638161195097088.000000 -12.775131226 1.339175582 5.058624744 0.003626077 -0.807537675 0.031174190 0.588980496
1403638161595097088.000000 -12.995497704 1.505630493 5.217786312 -0.062121551 -0.823899090 -0.023329761 0.562838256
1403638161795097088.000000 -13.104718208 1.595380664 5.270032883 -0.079820208 -0.822349370 -0.026420064 0.562736511
1403638163495097088.000000 -13.930604935 2.906855106 5.681627274 -0.165862545 -0.798077583 -0.097202241 0.571063459
1403638166195097088.000000 -13.436122894 5.804400921 5.984925747 -0.220737606 -0.788760662 -0.150701463 0.553552747
1403638166395097088.000000 -13.300922394 5.987819672 6.050512791 -0.213928312 -0.791979790 -0.152873993 0.551028311
1403638166795097088.000000 -13.047733307 6.320283413 6.209537029 -0.218020067 -0.793688655 -0.136413723 0.551286519
1403638166995097088.000000 -12.931914330 6.483200550 6.239768982 -0.232171774 -0.806307316 -0.113508970 0.532053173
1403638167395097088.000000 -12.773523331 6.882361889 6.337706566 -0.220911473 -0.811459124 -0.129450470 0.525333107
1403638167595097088.000000 -12.736164093 7.105558872 6.396801472 -0.223847881 -0.802212358 -0.128443420 0.538376987
1403638167795097088.000000 -12.708436012 7.340277195 6.428531647 -0.244678676 -0.789284885 -0.123652920 0.549428403
1403638168995097088.000000 -12.454951286 9.071804047 6.607791424 -0.324442446 -0.773165524 -0.224267498 0.496645153
1403638169195097088.000000 -12.465435982 9.372818947 6.591199875 -0.321809679 -0.762808561 -0.218553111 0.516523302
1403638169595097088.000000 -12.480363846 9.975043297 6.511899948 -0.367271274 -0.718077958 -0.214095443 0.551034510
1403638169795097088.000000 -12.435268402 10.277176857 6.497273922 -0.388845950 -0.709455192 -0.253206968 0.530432284
1403638170595097088.000000 -12.124055862 11.234131813 6.528813362 -0.526038647 -0.606544316 -0.351971805 0.481147856
1403638170795097088.000000 -12.005438805 11.410402298 6.546406269 -0.553356349 -0.576453149 -0.372578263 0.471894026
1403638171195097088.000000 -11.687251091 11.673966408 6.570776463 -0.596002698 -0.530748367 -0.409584284 0.441958994
1403638171595097088.000000 -11.284028053 11.810163498 6.552231312 -0.611678600 -0.504258513 -0.423220694 0.438699186
1403638171795097088.000000 -11.042853355 11.822134018 6.534808159 -0.623295367 -0.486262619 -0.428436786 0.437599570
1403638172195097088.000000 -10.467388153 11.700847626 6.544207096 -0.629827857 -0.468917221 -0.448087811 0.427376717
1403638172395097088.000000 -10.148842812 11.566098213 6.527410507 -0.629549682 -0.470204264 -0.450798094 0.423504651
1403638172595097088.000000 -9.816701889 11.397472382 6.469353676 -0.626284003 -0.467574984 -0.451717705 0.430224627
1403638172945096960.000000 -9.192703247 10.998577118 6.304047108 -0.625607252 -0.470084459 -0.440401733 0.440093845
1403638173145096960.000000 -8.805168152 10.709118843 6.182462215 -0.631470025 -0.477033734 -0.424686939 0.439687788
1403638174445096960.000000 -6.100773811 8.435216904 5.030946255 -0.631213665 -0.520645857 -0.429969341 0.381606579
1403638174595097088.000000 -5.812142372 8.167800903 4.899240494 -0.633422196 -0.525154769 -0.425499439 0.376747817
1403638174745096960.000000 -5.527004242 7.911393166 4.781437874 -0.636365712 -0.531675875 -0.420783043 0.367832929
1403638174945096960.000000 -5.157989025 7.593066216 4.650757790 -0.638229966 -0.536059737 -0.418025255 0.361327201
1403638175145096960.000000 -4.804684162 7.308763981 4.545304775 -0.637700796 -0.535112321 -0.421674460 0.359420717
1403638176395097088.000000 -2.974909782 6.609223366 4.257757664 -0.618330717 -0.539965332 -0.447752237 0.354432762
1403638176695097088.000000 -2.688583851 6.655992985 4.245444775 -0.619210124 -0.541184962 -0.448606789 0.349928051
1403638176995097088.000000 -2.475510836 6.721538067 4.282804489 -0.623094976 -0.539114475 -0.443698257 0.352477282
1403638177445096960.000000 -2.261637449 6.850240231 4.262246132 -0.622170866 -0.542750657 -0.446643442 0.344724298
1403638179645096960.000000 -1.246690392 7.046210766 3.901772738 -0.765270531 -0.303840846 -0.518856108 0.229848251
1403638179995097088.000000 -0.982337415 7.018655777 3.836471796 -0.789087892 -0.241337955 -0.533479631 0.185730621
1403638180245096960.000000 -0.783244371 6.997895718 3.819969893 -0.800314128 -0.220442995 -0.530975044 0.170199051
1403638180745096960.000000 -0.327651948 6.965836525 3.742046833 -0.804654717 -0.229349703 -0.525182307 0.155283317
1403638181095097088.000000 0.042740867 6.980234146 3.727382421 -0.803367019 -0.233553097 -0.521388113 0.167954564
1403638181895097088.000000 1.003653646 6.930468559 3.584439754 -0.804787815 -0.125611633 -0.568159878 0.117186494
1403638182095097088.000000 1.227063298 6.862085819 3.594452858 -0.818657160 -0.102099001 -0.557627797 0.091801703
1403638182495097088.000000 1.686822534 6.714570522 3.634225845 -0.833351612 -0.085028335 -0.540006638 0.081781574
1403638182695097088.000000 1.939755440 6.634362221 3.680160761 -0.834280610 -0.098881893 -0.537998259 0.068963848
1403638183595097088.000000 3.202400923 6.370634079 3.775127888 -0.831999481 -0.116929099 -0.538210988 0.066584833
1403638183995097088.000000 3.794503689 6.342902184 3.801236629 -0.812489092 -0.116543956 -0.567287862 0.066809319
1403638184795097088.000000 4.903163910 6.459832191 3.906215906 -0.817122936 -0.111132450 -0.561621845 0.067384347
1403638185195097088.000000 5.430594921 6.591503620 3.951341867 -0.816821694 -0.112608224 -0.562205672 0.063611940
1403638185395097088.000000 5.684214592 6.674497604 3.979303598 -0.814036131 -0.119990431 -0.565445364 0.056737423
1403638186045096960.000000 6.408359528 7.073206902 4.066769123 -0.810497284 -0.145561501 -0.553597689 0.124240495
1403638186245096960.000000 6.616142273 7.192802429 4.072989941 -0.810698867 -0.155952796 -0.552727461 0.113747597
1403638186445096960.000000 6.823488712 7.309696674 4.096821785 -0.810136437 -0.159823045 -0.553557575 0.108211026
1403638186645096960.000000 7.026720524 7.427474499 4.130015850 -0.809524834 -0.162262693 -0.555042446 0.101332925
1403638189245096960.000000 7.970211029 9.116385460 4.532763004 -0.725727677 -0.327247590 -0.550505757 0.251340240
1403638190745096960.000000 7.051502705 9.275288582 4.642383575 -0.692030191 -0.418001026 -0.520773709 0.274160951
1403638190895097088.000000 6.928384304 9.303869247 4.630946636 -0.696634948 -0.413921744 -0.510146379 0.288304120
1403638193595097088.000000 4.374052048 9.580862999 5.247585297 -0.669342279 -0.425011009 -0.513340652 0.328371614
1403638196195097088.000000 2.017966747 8.298151970 5.375961304 -0.705109656 -0.443221152 -0.466183096 0.298410326
1403638197695097088.000000 1.549092650 8.701918602 5.500825882 -0.684391797 -0.440551937 -0.497916698 0.299333990
1403638197995097088.000000 1.442013979 8.822442055 5.585284233 -0.677738130 -0.429529995 -0.505717754 0.316898316
1403638198345096960.000000 1.291349649 8.921804428 5.519188881 -0.682992220 -0.431073338 -0.498393774 0.315120667
1403638198695097088.000000 1.113117456 8.982051849 5.373107433 -0.668157101 -0.454833895 -0.517260551 0.281307220
1403638199145096960.000000 0.703034341 9.055166245 5.273824692 -0.662291706 -0.458726555 -0.524319232 0.275733799
1403638199595097088.000000 0.043991402 9.130041122 5.365885735 -0.660055816 -0.462182045 -0.525950074 0.272196054
1403638199745096960.000000 -0.228631765 9.155405045 5.425699711 -0.659371495 -0.467417032 -0.514723718 0.286024570
1403638199895097088.000000 -0.518355310 9.180153847 5.480427265 -0.665819466 -0.466952384 -0.495952129 0.304419935
1403638200095097088.000000 -0.914059997 9.213104248 5.534753799 -0.661032915 -0.476353079 -0.486359149 0.315559804
1403638200295097088.000000 -1.318834782 9.244482994 5.587461948 -0.634171307 -0.496893018 -0.490872383 0.331614852
1403638200445096960.000000 -1.635010600 9.263625145 5.640937328 -0.615266085 -0.514086902 -0.489023298 0.343538404
1403638200895097088.000000 -2.671832085 9.287983894 5.867742538 -0.582143903 -0.564079285 -0.471214116 0.347678542
1403638201095097088.000000 -3.180288553 9.288783073 5.942697048 -0.590086102 -0.556773305 -0.453073889 0.369494110
1403638201295097088.000000 -3.697529793 9.284693718 5.986997604 -0.594699740 -0.551516593 -0.448402256 0.375629038
1403638201495097088.000000 -4.215051651 9.275964737 6.003472328 -0.595766246 -0.549437106 -0.451169133 0.373668283
1403638201695097088.000000 -4.733150005 9.261878967 5.990701675 -0.595395803 -0.545797706 -0.455902338 0.373847187
1403638201845096960.000000 -5.122444153 9.245625496 5.959316730 -0.596703649 -0.543253303 -0.456272095 0.375015259
1403638202045096960.000000 -5.645766258 9.209928513 5.909658432 -0.593001425 -0.549591959 -0.450115621 0.379069805
1403638202245096960.000000 -6.168984413 9.154951096 5.876236916 -0.597735584 -0.554873466 -0.428154677 0.389244497
1403638202445096960.000000 -6.677379608 9.098366737 5.863847733 -0.598527908 -0.560288072 -0.418361604 0.390915811
1403638203245096960.000000 -8.504041672 8.929586411 5.689113140 -0.594405293 -0.556511343 -0.424718857 0.395716399
1403638203445096960.000000 -8.911971092 8.885329247 5.674014091 -0.593628347 -0.552521586 -0.425371826 0.401726365
1403638203845096960.000000 -9.670853615 8.774275780 5.631540298 -0.595731020 -0.552707672 -0.421851009 0.402070493
1403638204045096960.000000 -10.018878937 8.706223488 5.644948959 -0.596037447 -0.554455042 -0.418963939 0.402229130
1403638204245096960.000000 -10.348186493 8.631285667 5.685981750 -0.602981985 -0.555114150 -0.406941205 0.403311104
1403638204445096960.000000 -10.649428368 8.561537743 5.742653370 -0.619121373 -0.550136447 -0.384675801 0.407508373
1403638204695097088.000000 -10.970884323 8.491887093 5.794364929 -0.614322901 -0.552876949 -0.384117007 0.411568552
1403638204895097088.000000 -11.190257072 8.447365761 5.806443691 -0.581595778 -0.582504988 -0.391789168 0.411017627
1403638205095097088.000000 -11.400821686 8.408819199 5.793647766 -0.533092678 -0.624780715 -0.378099233 0.427202791
1403638205295097088.000000 -11.616844177 8.370164871 5.785905838 -0.470573276 -0.670521736 -0.339271516 0.462445945
1403638205495097088.000000 -11.835040092 8.329971313 5.810789108 -0.398598641 -0.708512366 -0.306619316 0.495089918
1403638205695097088.000000 -12.048806190 8.273056030 5.863955498 -0.343208194 -0.728266776 -0.305642605 0.508348644
1403638205895097088.000000 -12.275105476 8.180007935 5.937933445 -0.310376644 -0.741659760 -0.291165680 0.518488050
1403638206095097088.000000 -12.519407272 8.043457985 6.031235218 -0.279766858 -0.756504416 -0.256727695 0.532468259
1403638206295097088.000000 -12.768235207 7.870328903 6.132874012 -0.246727481 -0.765924215 -0.226714522 0.548713207
1403638207145096960.000000 -13.642925262 6.932353497 6.280416965 -0.207966059 -0.765553832 -0.164905399 0.586074829
1403638207345096960.000000 -13.778655052 6.683242321 6.241291523 -0.196056858 -0.765348315 -0.155342773 0.593019724
1403638207795097088.000000 -13.949152946 6.075952053 6.171835899 -0.144965217 -0.790434003 -0.100624792 0.586578190
1403638208045096960.000000 -13.980407715 5.749136448 6.194438457 -0.140990704 -0.802129149 -0.087910190 0.573569775
1403638208295097088.000000 -13.988511086 5.445230484 6.203681469 -0.141343787 -0.793809116 -0.090790428 0.584505081
1403638208745096960.000000 -13.948419571 4.936400890 6.172250748 -0.120692186 -0.804887593 -0.071938559 0.576553762
1403638208995097088.000000 -13.904463768 4.679962635 6.185671806 -0.102979623 -0.805019379 -0.062983476 0.580837369
1403638209295097088.000000 -13.828049660 4.396586418 6.149788380 -0.098231710 -0.805809736 -0.055880219 0.581290603
1403638209545096960.000000 -13.752006531 4.180686951 6.075311661 -0.098903775 -0.803516030 -0.053567763 0.584560156
1403638209845096960.000000 -13.647276878 3.948508501 5.864485741 -0.098677956 -0.803373456 -0.058295060 0.584341943
1403638210095097088.000000 -13.542946815 3.770033836 5.617465019 -0.095548905 -0.793506682 -0.064339742 0.597560048
1403638210345096960.000000 -13.399917603 3.596214294 5.395999908 -0.095202833 -0.789071321 -0.064915724 0.603397727
1403638210595097088.000000 -13.208641052 3.425627232 5.174032688 -0.096966356 -0.788508058 -0.063916840 0.603959560
1403638210845096960.000000 -12.972982407 3.259011984 4.939733982 -0.099672332 -0.788019836 -0.061598301 0.604397178
1403638211095097088.000000 -12.693377495 3.100602388 4.745561123 -0.102593869 -0.796541870 -0.056418937 0.593137801
1403638211345096960.000000 -12.397090912 2.959735870 4.601517677 -0.106369257 -0.800659597 -0.055292167 0.587002993
1403638211595097088.000000 -12.086308479 2.841602325 4.457437992 -0.135892570 -0.796857059 -0.071672887 0.584307432
1403638211845096960.000000 -11.756520271 2.746345758 4.283576488 -0.194592193 -0.785508811 -0.097127065 0.579375505
1403638212095097088.000000 -11.409771919 2.684963465 4.134513855 -0.252634436 -0.770374656 -0.134519339 0.569739759
1403638212345096960.000000 -11.043357849 2.653513908 4.037889481 -0.300847113 -0.753695965 -0.178176448 0.556494951
1403638212595097088.000000 -10.658039093 2.636749506 3.992428303 -0.349420726 -0.732489765 -0.216288000 0.542755485
1403638212845096960.000000 -10.251512527 2.625478745 3.991612196 -0.400367200 -0.708138645 -0.252008110 0.524154305
1403638213095097088.000000 -9.827833176 2.620957375 4.024744511 -0.456873387 -0.676241636 -0.287670642 0.501208186
1403638213295097088.000000 -9.479226112 2.624334335 4.048904419 -0.511620820 -0.648539186 -0.300539523 0.476777941
1403638213545096960.000000 -9.024452209 2.655085564 4.045026302 -0.576156080 -0.606698215 -0.311660677 0.450365543
1403638213795097088.000000 -8.536293983 2.725191593 4.039071560 -0.575172126 -0.583033919 -0.372015983 0.436866730
1403638213995097088.000000 -8.141287804 2.788573027 4.058135033 -0.573804557 -0.581223965 -0.385760039 0.429087818
1403638214195097088.000000 -7.752492428 2.849541903 4.094395638 -0.578996301 -0.593811631 -0.374832213 0.414308906
1403638214645096960.000000 -6.913452148 3.046518087 4.133761883 -0.564873457 -0.602948725 -0.373185039 0.422023535
1403638215145096960.000000 -6.040156841 3.289078951 4.054069996 -0.547051311 -0.600998580 -0.382994890 0.439147532
1403638215795097088.000000 -5.036465645 3.524647236 3.919668674 -0.545278966 -0.603601933 -0.387893468 0.433444738
1403638216345096960.000000 -4.319103241 3.644088268 3.832874537 -0.555207431 -0.591587245 -0.398670316 0.427587807
1403638216945096960.000000 -3.673517704 3.682776213 3.761762381 -0.557092488 -0.584510624 -0.414194137 0.420045942
1403638219495097088.000000 -2.847013474 3.183911324 3.719484329 -0.604401469 -0.521840215 -0.454606414 0.394607097
1403638221295097088.000000 -2.842516422 2.240981817 3.678851128 -0.625696182 -0.533289313 -0.433641404 0.368865907
1403638221545096960.000000 -2.856741428 2.121151924 3.676874876 -0.630555928 -0.530487895 -0.428219706 0.370957941
1403638222045096960.000000 -2.868328571 1.911601543 3.661917448 -0.623871446 -0.528677464 -0.437242299 0.374304503
1403638222545096960.000000 -2.880236149 1.732570648 3.665174484 -0.633092523 -0.537376821 -0.424568087 0.360779762
1403638223045096960.000000 -2.896635294 1.624545097 3.595847368 -0.618628681 -0.523863912 -0.444158912 0.381560177
1403638223345096960.000000 -2.915443897 1.544289589 3.577846289 -0.636101305 -0.532352746 -0.420183390 0.367996871
1403638223595097088.000000 -2.919817686 1.491111517 3.560109854 -0.637235224 -0.519522309 -0.418522596 0.385832429
1403638223845096960.000000 -2.901321888 1.443911791 3.532341719 -0.625668883 -0.531676352 -0.436002493 0.368457079
1403638224095097088.000000 -2.888662815 1.401248693 3.495506287 -0.625920892 -0.537866890 -0.435199082 0.359894365
1403638224345096960.000000 -2.889999866 1.375446200 3.457043409 -0.629020631 -0.538395345 -0.430610120 0.359219432
1403638224595097088.000000 -2.900242567 1.369645119 3.426420927 -0.622692883 -0.525446892 -0.439818442 0.377781659
1403638224845096960.000000 -2.913722038 1.360958457 3.398054123 -0.633675158 -0.536695659 -0.424066544 0.361360282
1403638225145096960.000000 -2.927940130 1.371343017 3.400923252 -0.626849294 -0.523454785 -0.431673050 0.383031905
1403638225395097088.000000 -2.927620173 1.377994061 3.411478758 -0.627546370 -0.535435021 -0.429074913 0.367953390
1403638225645096960.000000 -2.929460764 1.391675711 3.397239447 -0.608580589 -0.520648003 -0.455602080 0.388563991
1403638225895097088.000000 -2.940665245 1.381420493 3.324201822 -0.622339368 -0.534703791 -0.436534971 0.369083762
1403638226295097088.000000 -2.975404739 1.393250704 3.279150963 -0.634863377 -0.535257339 -0.419750124 0.366412342
1403638226745096960.000000 -2.975323200 1.399184465 3.295088530 -0.631619096 -0.544386446 -0.419425756 0.358863324
1403638227245096960.000000 -2.973376751 1.400491357 3.305659294 -0.631341636 -0.544892430 -0.419651359 0.358319342
1403638227745096960.000000 -2.973250866 1.399672270 3.307146549 -0.631643295 -0.544882417 -0.419201493 0.358329624
1403638228245096960.000000 -2.973510027 1.399640441 3.307035446 -0.631905675 -0.544849634 -0.418847829 0.358330220
1403638228745096960.000000 -2.973129272 1.401119828 3.306717634 -0.632130086 -0.544852316 -0.418494910 0.358342618
