1403638147795097088.000000 -6.519460201 2.835443497 4.139443874 -0.590529859 -0.596762955 -0.377717078 0.390484869
1403638148095097088.000000 -6.519517899 2.862077475 4.174242020 -0.581900775 -0.579573333 -0.398453325 0.408315241
1403638149845096960.000000 -6.634806156 3.163963318 4.572991848 -0.555470884 -0.603713214 -0.385814309 0.422054201
1403638152445096960.000000 -7.945139885 3.863718510 4.687598705 -0.402959257 -0.722030222 -0.290143549 0.481781095
1403638152695097088.000000 -8.156209946 3.922787666 4.678167343 -0.406263858 -0.722334743 -0.286144793 0.480940133
1403638153245096960.000000 -8.681307793 4.059268475 4.765652657 -0.366723716 -0.744592190 -0.246154457 0.500503898
1403638153595097088.000000 -9.031863213 4.159916401 4.819168568 -0.322177112 -0.768976510 -0.231058195 0.501486957
1403638153795097088.000000 -9.254096031 4.216921806 4.863661766 -0.291800678 -0.778866589 -0.212454572 0.512915492
1403638154245096960.000000 -9.785741806 4.328642368 4.884785175 -0.263445109 -0.773867965 -0.199165240 0.540424168
1403638154945096960.000000 -10.564876556 4.353954315 4.867118359 -0.240598798 -0.782477677 -0.189349562 0.542206407
1403638155145096960.000000 -10.776928902 4.317191124 4.914330006 -0.219782159 -0.786415935 -0.179113820 0.548784196
1403638155345096960.000000 -10.987404823 4.263209820 4.950274944 -0.203689605 -0.784735322 -0.170825332 0.559928358
1403638155745096960.000000 -11.383348465 4.086605072 4.950482368 -0.159128904 -0.785445988 -0.128701910 0.584113419
1403638156145096960.000000 -11.696827888 3.839528561 4.920369625 -0.087385088 -0.816476643 -0.055381563 0.568033993
1403638156395097088.000000 -11.873725891 3.680389166 4.940315723 -0.051348168 -0.827457786 -0.020311775 0.558806121
1403638156695097088.000000 -12.096284866 3.515772104 4.939679146 -0.036705211 -0.831470847 -0.006908616 0.554311574
1403638156945096960.000000 -12.301312447 3.398855686 4.915217400 -0.037626799 -0.832121193 -0.009295640 0.553237796
1403638157195097088.000000 -12.526082993 3.306747437 4.918461800 -0.043558016 -0.836621344 -0.013184754 0.545888007
1403638158045096960.000000 -13.486926079 3.008406401 4.992020607 0.047603343 -0.820419967 0.033370934 0.568798244
1403638158295097088.000000 -13.768318176 2.909239531 5.017021656 0.062767118 -0.820045948 0.058111023 0.565869391
1403638158545096960.000000 -14.042613983 2.817216158 5.034087181 0.073723488 -0.818944216 0.051229317 0.566807628
1403638158895097088.000000 -14.402248383 2.692000389 4.996243000 0.064764947 -0.822353423 0.056414280 0.562456906
1403638159045096960.000000 -14.557993889 2.635302305 5.011069298 0.060381427 -0.829683125 0.058554143 0.551861823
1403638159245096960.000000 -14.774314880 2.565582752 5.036906242 0.058617912 -0.843111157 0.055540569 0.531641543
1403638159645096960.000000 -15.250024796 2.453974485 5.081414223 0.035401169 -0.798692822 0.084022522 0.594791472
1403638160545096960.000000 -15.986769676 2.572187901 5.572929382 0.064479731 -0.827904522 0.053996455 0.554527700
1403638160745096960.000000 -16.132160187 2.610712051 5.697700977 0.062159967 -0.826542854 0.056683730 0.556551933
1403638160945096960.000000 -16.282934189 2.654785395 5.809823513 0.040117256 -0.811596870 0.061045181 0.579633296
1403638161145096960.000000 -16.419227600 2.718375206 5.906595230 0.010195978 -0.807548046 0.039477270 0.588390946
1403638161745096960.000000 -16.749189377 2.974873304 6.126912594 -0.078387886 -0.824977577 -0.025113624 0.559139192
1403638162245096960.000000 -17.021625519 3.242885113 6.250431061 -0.112386048 -0.818864107 -0.040926665 0.561387658
1403638163345096960.000000 -17.561132431 4.150616169 6.532791138 -0.150788561 -0.802376747 -0.077782162 0.572192669
1403638166195097088.000000 -17.095024109 7.164242744 6.799252987 -0.225666314 -0.788225412 -0.151384905 0.552139521
1403638166395097088.000000 -16.962905884 7.348015785 6.858032227 -0.219006971 -0.790632427 -0.154320717 0.550564647
1403638166995097088.000000 -16.598363876 7.841542721 7.036962032 -0.237142205 -0.804933786 -0.115333289 0.531548083
1403638167195097088.000000 -16.502159119 8.030677795 7.063693523 -0.232350811 -0.810323358 -0.121356688 0.524081826
1403638167395097088.000000 -16.433210373 8.237492561 7.127751827 -0.227824241 -0.808979869 -0.129306093 0.526239038
1403638167845096960.000000 -16.342029572 8.751058578 7.233510017 -0.259139389 -0.784502625 -0.123339288 0.549718142
1403638168595097088.000000 -16.134723663 9.810365677 7.387121677 -0.329546630 -0.763825297 -0.206497237 0.515100777
1403638168995097088.000000 -16.064880371 10.405089378 7.413781643 -0.331177026 -0.771740675 -0.222971067 0.494996935
1403638169195097088.000000 -16.071680069 10.698973656 7.387921810 -0.328590065 -0.760732710 -0.217790008 0.515637398
1403638169595097088.000000 -16.086111069 11.297932625 7.281627178 -0.373739898 -0.715586424 -0.214246407 0.549866438
1403638169795097088.000000 -16.043201447 11.597775459 7.264666080 -0.394610494 -0.706905842 -0.254426181 0.528993428
1403638169995097088.000000 -15.976529121 11.880259514 7.274034023 -0.413691759 -0.689600885 -0.306111693 0.509514928
1403638170395097088.000000 -15.824956894 12.347415924 7.282373428 -0.493546903 -0.631038249 -0.342745930 0.490639806
1403638170595097088.000000 -15.731789589 12.539319038 7.255180836 -0.532919586 -0.600361049 -0.352468103 0.480967462
1403638171045096960.000000 -15.423297882 12.897633553 7.306310177 -0.590678096 -0.540324450 -0.398961037 0.447190017
1403638171245096960.000000 -15.250272751 13.002847672 7.299488068 -0.606616735 -0.519599378 -0.411701381 0.438787639
1403638171495097088.000000 -15.004766464 13.085737228 7.283320427 -0.616035819 -0.503607571 -0.420463771 0.435992658
1403638171945096960.000000 -14.452261925 13.078372955 7.234278679 -0.634510159 -0.463385582 -0.437657684 0.437180251
1403638172145096960.000000 -14.162771225 13.003356934 7.237312794 -0.636174500 -0.459220678 -0.449164242 0.427375555
1403638172395097088.000000 -13.776591301 12.840386391 7.211036682 -0.637764812 -0.459076136 -0.452169657 0.421956986
1403638172695097088.000000 -13.286860466 12.568893433 7.101749897 -0.634149969 -0.455600321 -0.451522738 0.431751579
1403638172945096960.000000 -12.855751038 12.266779900 6.959913254 -0.633861661 -0.457365692 -0.444411367 0.437646747
1403638173895097088.000000 -11.005128860 10.694801331 6.122615814 -0.634382606 -0.491484195 -0.449457318 0.392415732
1403638174445096960.000000 -9.982082367 9.660411835 5.605054855 -0.643092692 -0.503620744 -0.439086765 0.374166906
1403638174645096960.000000 -9.615555763 9.296534538 5.411311150 -0.645827234 -0.510640919 -0.433876038 0.365929842
1403638174845096960.000000 -9.258198738 8.951539040 5.258096218 -0.648855627 -0.517960310 -0.429044157 0.355843425
1403638175045096960.000000 -8.913340569 8.637433052 5.131805420 -0.649468541 -0.519217730 -0.430069178 0.351630777
1403638175445096960.000000 -8.263251305 8.107232094 4.984992027 -0.656540871 -0.526950657 -0.425884664 0.331510723
1403638175645096960.000000 -7.953639984 7.911554337 4.961289406 -0.666739166 -0.538147032 -0.410112500 0.312513292
1403638175945096960.000000 -7.524414062 7.717351437 4.920225143 -0.668656588 -0.549075246 -0.402424157 0.299114734
1403638176145096960.000000 -7.251229286 7.671048164 4.870443821 -0.646228433 -0.546092153 -0.433515936 0.310219705
1403638176545096960.000000 -6.780935287 7.692700863 4.821180344 -0.630698860 -0.524678230 -0.458638549 0.341441542
1403638177245096960.000000 -6.265909195 7.833276749 4.871068478 -0.634025693 -0.528317213 -0.454604000 0.335003823
1403638177445096960.000000 -6.181430817 7.896766186 4.853838444 -0.635011852 -0.528213680 -0.454101682 0.333978891
1403638179845096960.000000 -5.014871597 8.008624077 4.438307285 -0.782730341 -0.245554581 -0.538095057 0.193623215
1403638180045096960.000000 -4.872681141 7.983949661 4.429632664 -0.800125360 -0.216187134 -0.533318281 0.169216484
1403638180595097088.000000 -4.402680874 7.928415775 4.377179146 -0.808784366 -0.203679278 -0.531940401 0.146362528
1403638180995097088.000000 -4.009570122 7.906619072 4.332866669 -0.811642408 -0.213220596 -0.522407293 0.151208773
1403638181295097088.000000 -3.664904118 7.919075966 4.301512241 -0.804235220 -0.205965579 -0.531486154 0.168245256
1403638181745096960.000000 -3.122075081 7.875088215 4.192308426 -0.800739110 -0.126799494 -0.569238901 0.136769548
1403638182195097088.000000 -2.618618965 7.706989765 4.200203419 -0.826844156 -0.077195644 -0.552869439 0.068593599
1403638182495097088.000000 -2.276971102 7.573636532 4.229507446 -0.836580992 -0.067155279 -0.539656460 0.066281646
1403638182695097088.000000 -2.027382851 7.480531216 4.275313377 -0.837326169 -0.081180498 -0.537972033 0.053672902
1403638183695097088.000000 -0.616176307 7.137632847 4.348199368 -0.830863178 -0.099359371 -0.545102417 0.051549569
1403638184095097088.000000 -0.029971339 7.096225739 4.388495922 -0.819570720 -0.097203791 -0.562186778 0.052927762
1403638184295097088.000000 0.247623920 7.096395969 4.419664383 -0.828808367 -0.095789693 -0.548819363 0.051945321
1403638185145096960.000000 1.417146921 7.252536297 4.505714417 -0.820364475 -0.092572555 -0.561930597 0.051636830
1403638185545096960.000000 1.916494131 7.403755665 4.549035549 -0.809916437 -0.115463130 -0.573100030 0.047539514
1403638185795097088.000000 2.198588371 7.542718887 4.587547302 -0.804166436 -0.133899137 -0.574154854 0.075719953
1403638185995097088.000000 2.415763617 7.671231747 4.617886543 -0.813718975 -0.123465411 -0.556783080 0.112295561
1403638186395097088.000000 2.845343351 7.894138336 4.651371479 -0.815025270 -0.139606521 -0.554079890 0.096122175
1403638186595097088.000000 3.057267904 8.005056381 4.701929569 -0.814010084 -0.140910149 -0.556030035 0.091446348
1403638189345096960.000000 4.056971550 9.656685829 5.128007412 -0.732497215 -0.326603115 -0.543941855 0.246790469
1403638190895097088.000000 3.104793549 9.903857231 5.186432362 -0.707227647 -0.396572292 -0.515907526 0.276403725
1403638191545096960.000000 2.534005642 10.024890900 5.253940105 -0.722746551 -0.399895847 -0.493932426 0.271572471
1403638191995097088.000000 2.144618988 10.134555817 5.250267029 -0.719924927 -0.405263305 -0.500232935 0.259300411
1403638192295097088.000000 1.877442598 10.264371872 5.291635990 -0.716654241 -0.398816764 -0.505065560 0.268813580
1403638194995097088.000000 -0.915951431 9.432579041 6.041147232 -0.716336310 -0.423436940 -0.473173112 0.289258897
1403638196745096960.000000 -2.014052391 9.239652634 5.989051342 -0.724212289 -0.423239768 -0.461685449 0.288498282
1403638197645096960.000000 -2.218438387 9.572533607 6.092712402 -0.697942972 -0.421509773 -0.501062930 0.290070772
1403638198045096960.000000 -2.360951662 9.734446526 6.194975376 -0.688972175 -0.408083886 -0.512027681 0.310825586
1403638198295097088.000000 -2.469699144 9.807347298 6.144137383 -0.695256948 -0.410890788 -0.503349960 0.307287157
1403638198745096960.000000 -2.701849222 9.886922836 5.947443485 -0.675796926 -0.440881073 -0.527171671 0.266481817
1403638199595097088.000000 -3.722440958 10.065759659 5.957681179 -0.671737552 -0.446194738 -0.529761374 0.262739301
1403638199795097088.000000 -4.092115402 10.108402252 6.034021378 -0.674168944 -0.450461596 -0.511017382 0.285380155
1403638199995097088.000000 -4.485989571 10.158091545 6.105513573 -0.677255988 -0.452898532 -0.494091243 0.303448617
1403638200195097088.000000 -4.887124062 10.206789017 6.164471626 -0.660142660 -0.472571045 -0.493456244 0.312072426
1403638200395097088.000000 -5.301157951 10.254606247 6.241381168 -0.631618440 -0.494092464 -0.495571345 0.333676279
1403638200545096960.000000 -5.623451233 10.283320427 6.311027050 -0.616096497 -0.515215218 -0.492744476 0.334934920
1403638200745096960.000000 -6.073807716 10.313354492 6.418849945 -0.596256375 -0.542930841 -0.486141622 0.336705714
1403638200945096960.000000 -6.556830883 10.335304260 6.519521713 -0.595025063 -0.552713454 -0.468997002 0.347123832
1403638201145096960.000000 -7.063280582 10.353663445 6.591822147 -0.601835430 -0.546519160 -0.453893036 0.364817977
1403638201345096960.000000 -7.574997902 10.366406441 6.635743618 -0.605183184 -0.542378247 -0.451388240 0.368548393
1403638201545096960.000000 -8.087152481 10.374050140 6.652566910 -0.604882717 -0.540132880 -0.455668718 0.367068738
1403638201745096960.000000 -8.600076675 10.376352310 6.636476994 -0.605581820 -0.536400557 -0.458373755 0.368019760
1403638201945096960.000000 -9.114923477 10.368637085 6.590396404 -0.605436385 -0.536885500 -0.457185149 0.369029194
1403638202145096960.000000 -9.634488106 10.342448235 6.550521374 -0.603604317 -0.544202805 -0.441740364 0.379961491
1403638202545096960.000000 -10.636828423 10.266945839 6.523352623 -0.607693672 -0.553069890 -0.418009073 0.387415200
1403638202745096960.000000 -11.112618446 10.238332748 6.478212357 -0.609670401 -0.552838981 -0.414575398 0.388327569
1403638202945096960.000000 -11.565851212 10.215687752 6.417157650 -0.607919157 -0.552019238 -0.417966932 0.388603747
1403638203345096960.000000 -12.393948555 10.170393944 6.364576340 -0.600456178 -0.547910869 -0.428031385 0.395012885
1403638203595097088.000000 -12.880622864 10.127931595 6.336357594 -0.602788866 -0.545024753 -0.423876256 0.399903148
1403638203795097088.000000 -13.250884056 10.086499214 6.323034286 -0.602403224 -0.546851516 -0.423754334 0.398115724
1403638203995097088.000000 -13.599134445 10.034783363 6.335025787 -0.601346791 -0.548082590 -0.422768205 0.399067074
1403638204195097088.000000 -13.927932739 9.969933510 6.371018410 -0.606077552 -0.550293088 -0.412773997 0.399330914
1403638204395097088.000000 -14.233067513 9.899438858 6.433022022 -0.622184873 -0.546250463 -0.389225721 0.403732449
1403638204595097088.000000 -14.500092506 9.839402199 6.491253376 -0.625248492 -0.543026686 -0.384819269 0.407554269
1403638204795097088.000000 -14.729763985 9.792140007 6.524578571 -0.607668817 -0.560985684 -0.387639016 0.407148302
1403638204995097088.000000 -14.938945770 9.750954628 6.535787582 -0.565243363 -0.598602653 -0.388478309 0.413835168
1403638205195097088.000000 -15.149040222 9.710089684 6.530940533 -0.510062575 -0.644044399 -0.360482067 0.441696495
1403638205445096960.000000 -15.421677589 9.663876534 6.563416004 -0.423625201 -0.696782351 -0.311031014 0.488155425
1403638205695097088.000000 -15.690937996 9.601418495 6.633093357 -0.349783331 -0.725967824 -0.306151301 0.506847024
1403638205945096960.000000 -15.979604721 9.483431816 6.732885361 -0.309596568 -0.743610501 -0.283887118 0.520193696
1403638206195097088.000000 -16.285495758 9.300004959 6.868106365 -0.269415468 -0.760062277 -0.241845831 0.539658487
1403638206445096960.000000 -16.588052750 9.066992760 6.992882252 -0.244618177 -0.765366554 -0.199961811 0.560706139
1403638206945096960.000000 -17.115264893 8.525291443 7.090058804 -0.218566000 -0.767164648 -0.169817969 0.578661561
1403638207195097088.000000 -17.320705414 8.230484962 7.075050831 -0.212189302 -0.763810992 -0.163697794 0.587172389
1403638207445096960.000000 -17.478199005 7.913244247 7.018555641 -0.187128678 -0.765476286 -0.147460416 0.597732723
1403638207695097088.000000 -17.574142456 7.572554588 6.980706215 -0.154611498 -0.783586562 -0.113354146 0.590963840
1403638207945096960.000000 -17.617923737 7.237879276 6.990522385 -0.146501645 -0.799484074 -0.089797288 0.575585842
1403638208195097088.000000 -17.636138916 6.926995754 7.017483711 -0.144942045 -0.795296371 -0.088525094 0.581944108
1403638208445096960.000000 -17.630998611 6.635179996 7.001741886 -0.145982727 -0.798204720 -0.092192739 0.577112556
1403638208695097088.000000 -17.606206894 6.354708672 6.988214016 -0.127874732 -0.804189265 -0.077215247 0.575296044
1403638208945096960.000000 -17.566738129 6.094196796 7.005479813 -0.109070569 -0.804742396 -0.064643718 0.579926193
1403638209195097088.000000 -17.508878708 5.852816105 6.989470959 -0.101594947 -0.805731535 -0.059106838 0.580501199
1403638209445096960.000000 -17.436744690 5.629244804 6.932895184 -0.102295384 -0.806120336 -0.054175630 0.580319583
1403638209695097088.000000 -17.355962753 5.427021503 6.813869476 -0.104510963 -0.803156257 -0.053617243 0.584074140
1403638209945096960.000000 -17.263158798 5.243150711 6.591417313 -0.100214943 -0.800362766 -0.062283225 0.587790251
1403638210195097088.000000 -17.149454117 5.068181992 6.349975109 -0.098422118 -0.788823843 -0.065282352 0.603165150
1403638210445096960.000000 -16.988267899 4.895696163 6.135205746 -0.099086240 -0.789598465 -0.064958014 0.602077067
1403638210695097088.000000 -16.785385132 4.727243423 5.901602268 -0.101935051 -0.786824524 -0.062785417 0.605453968
1403638210945096960.000000 -16.535459518 4.563785076 5.679806709 -0.103836887 -0.791412950 -0.060518987 0.599350333
1403638211195097088.000000 -16.250719070 4.410960197 5.505472183 -0.106881857 -0.798713446 -0.054449633 0.589634240
1403638211445096960.000000 -15.957445145 4.280304432 5.370783329 -0.117524870 -0.799570680 -0.061201066 0.585772336
1403638211695097088.000000 -15.645952225 4.170184612 5.214972973 -0.158992320 -0.791431963 -0.082101867 0.584479511
1403638211945096960.000000 -15.317524910 4.086236477 5.047431946 -0.222645923 -0.778636575 -0.111538246 0.575945497
1403638212195097088.000000 -14.970278740 4.037899017 4.925524712 -0.274286449 -0.762995422 -0.153874695 0.564736784
1403638212445096960.000000 -14.600901604 4.011996269 4.859527111 -0.322621018 -0.745271504 -0.195249215 0.549876213
1403638212695097088.000000 -14.213200569 3.997402191 4.837628365 -0.373372018 -0.722279072 -0.228992015 0.535228014
1403638212945096960.000000 -13.805917740 3.988731623 4.856113434 -0.425522745 -0.694896400 -0.265836656 0.515150726
1403638213195097088.000000 -13.382022858 3.990141630 4.904766083 -0.485521495 -0.660819888 -0.296683311 0.489453882
1403638213445096960.000000 -12.944456100 4.007027149 4.913229942 -0.556520581 -0.623563468 -0.303240687 0.457710177
1403638213595097088.000000 -12.666364670 4.036224365 4.902267933 -0.582158148 -0.598484933 -0.322639763 0.445882618
1403638213795097088.000000 -12.277392387 4.094287872 4.896520615 -0.577116311 -0.582135737 -0.371798038 0.435684472
1403638214045096960.000000 -11.788204193 4.172955036 4.920709610 -0.576587319 -0.582760513 -0.384552449 0.424330890
1403638214545096960.000000 -10.845808983 4.365200996 4.988246441 -0.573936939 -0.604331136 -0.367335945 0.412849396
1403638215295097088.000000 -9.541796684 4.716256618 4.858434200 -0.549171209 -0.604316354 -0.382729024 0.432124197
1403638216345096960.000000 -8.070375443 5.004292965 4.680651665 -0.557666838 -0.590591431 -0.398346096 0.426063150
1403638216845096960.000000 -7.521995068 5.035450459 4.634243965 -0.555741608 -0.590209723 -0.408596635 0.419347763
1403638219395097088.000000 -6.592416763 4.578964710 4.570735455 -0.611755431 -0.523441792 -0.446464360 0.390427321
1403638222345096960.000000 -6.631032467 3.170274258 4.519567966 -0.632967830 -0.535364568 -0.426940918 0.361189544
1403638223095097088.000000 -6.656086922 2.974373817 4.447861671 -0.621421397 -0.524606168 -0.442457020 0.377962410
1403638223395097088.000000 -6.674710751 2.895040512 4.429345131 -0.638296306 -0.529978275 -0.419153929 0.368796706
1403638223695097088.000000 -6.670719147 2.839713335 4.396848202 -0.633585334 -0.523742437 -0.426432431 0.377384365
1403638223995097088.000000 -6.650001049 2.788244486 4.358517170 -0.624903858 -0.534796834 -0.438928008 0.361703992
1403638224295097088.000000 -6.647783756 2.747247696 4.312469482 -0.633172929 -0.540722311 -0.426414967 0.353386283
1403638224545096960.000000 -6.657298565 2.739976883 4.284041405 -0.625405192 -0.525212288 -0.438490570 0.375161946
1403638224845096960.000000 -6.673322678 2.731112242 4.247340679 -0.635670245 -0.536090910 -0.423447192 0.359475225
1403638225145096960.000000 -6.686124325 2.742319822 4.248611450 -0.628862262 -0.522874832 -0.431067675 0.381201863
1403638225395097088.000000 -6.685751915 2.749081373 4.259531021 -0.629366398 -0.535004377 -0.428575516 0.366048425
1403638225645096960.000000 -6.686635971 2.762746334 4.246219635 -0.610216558 -0.520479262 -0.455352485 0.386511683
1403638225945096960.000000 -6.697157383 2.751611948 4.165570259 -0.627797544 -0.537931919 -0.430462867 0.362217158
1403638226145096960.000000 -6.713207245 2.759724617 4.163523197 -0.644080520 -0.534953833 -0.401682317 0.370993227
1403638226495097088.000000 -6.701519966 2.770152807 4.220282555 -0.634603441 -0.545527637 -0.415167511 0.356810987
1403638226795097088.000000 -6.627582073 2.760933876 4.352786064 -0.632049501 -0.549164712 -0.417284757 0.353277504
1403638226995097088.000000 -6.572764397 2.753878832 4.445197105 -0.633175969 -0.550943553 -0.414213389 0.352103382
1403638227145096960.000000 -6.532970905 2.751963854 4.512682438 -0.632789969 -0.551318169 -0.414743036 0.351586789
1403638227245096960.000000 -6.507648468 2.752317667 4.558192253 -0.632872581 -0.551323533 -0.414467067 0.351755142
1403638227345096960.000000 -6.483206749 2.754534483 4.604412556 -0.633160949 -0.551123798 -0.414087683 0.351996094
1403638227495097088.000000 -6.449126244 2.760925531 4.674889088 -0.632754803 -0.551725209 -0.414221644 0.351626426
1403638227645096960.000000 -6.418503761 2.770460367 4.746657848 -0.632771134 -0.551788747 -0.414098978 0.351641923
1403638227845096960.000000 -6.380664825 2.789051294 4.844176292 -0.632969081 -0.551854193 -0.413736850 0.351608962
1403638228145096960.000000 -6.330214977 2.830677509 4.996369362 -0.633311927 -0.552049100 -0.413141578 0.351385534
1403638228345096960.000000 -6.300018787 2.868232250 5.100972652 -0.633406281 -0.552100480 -0.412959546 0.351348937
1403638228695097088.000000 -6.253978729 2.952053785 5.289069653 -0.633553445 -0.552179217 -0.412641436 0.351333499
