1403637148888318976.000000 -2.248583078 -0.812775075 7.467580795 -0.568472147 -0.558654904 -0.393073380 0.458516449
1403637151138319104.000000 -2.067072630 -0.537796080 7.725908279 -0.558421671 -0.582168281 -0.410432994 0.425194114
1403637153888318976.000000 -1.650678158 0.059282489 8.087809563 -0.560866773 -0.594812155 -0.394697547 0.419333726
1403637156638319104.000000 -0.839056492 1.103858709 7.891314507 -0.741977513 -0.336608291 -0.505932271 0.283190489
1403637159288318976.000000 1.674475312 0.619295955 7.652123928 -0.796115756 -0.199989423 -0.542290211 0.179235175
1403637161188318976.000000 3.859141111 -0.589767933 7.397599220 0.828701973 -0.009677653 0.558787465 -0.030264027
1403637163738319104.000000 5.043996811 -3.102716208 7.472355366 0.763472021 -0.280079842 0.565529346 0.137267247
1403637165238319104.000000 3.456708193 -5.268380642 7.617997646 0.745641291 -0.296857327 0.561457515 0.201644078
1403637167988318976.000000 2.305761337 -6.023913860 7.374032497 0.787001431 -0.265504181 0.522109330 0.193747625
1403637170938319104.000000 4.276740074 -1.339777708 6.604336262 -0.751087427 -0.184287444 -0.617288291 0.144433886
1403637173488318976.000000 1.494216204 0.994742751 6.596313953 -0.831343889 -0.126477167 -0.518191159 0.156041190
1403637173938319104.000000 1.393914223 0.906348288 6.456074238 -0.856014907 -0.024708092 -0.502468348 0.118968971
1403637174088318976.000000 1.436559916 0.821064472 6.433766842 -0.848009348 -0.033733644 -0.523128808 0.077963792
1403637174288318976.000000 1.537130356 0.690851450 6.458418369 -0.812051177 -0.035881348 -0.579182327 0.061914597
1403637174638319104.000000 1.697739363 0.414625585 6.551135063 -0.803372979 -0.000905878 -0.590094030 0.079875514
1403637177438319104.000000 0.416349798 -3.697195530 6.645092964 0.843149543 -0.152412504 0.510595143 0.071846850
1403637180388318976.000000 2.553078175 -4.911006451 6.164137363 0.785164237 -0.221919268 0.553408384 0.167356282
1403637182688318976.000000 4.884673119 -1.848287344 6.881578445 0.744513512 -0.239189401 0.596936703 0.179317430
1403637182838319104.000000 4.933998585 -1.598968267 6.952434540 0.743335426 -0.244964659 0.598590255 0.170688301
1403637183638319104.000000 4.697459221 -0.315669507 6.938064575 0.732900083 -0.277826905 0.607508898 0.128851116
1403637183838319104.000000 4.487050533 -0.047461867 6.880157471 0.736365914 -0.288265377 0.601514101 0.113354340
1403637184688318976.000000 3.086907148 0.512326658 6.747999668 0.787157953 -0.272102982 0.534365416 0.144207835
1403637184838319104.000000 2.820866585 0.547930002 6.702232838 0.795024395 -0.272562593 0.523066342 0.141589224
1403637185038319104.000000 2.494304419 0.562564313 6.678029537 0.800784051 -0.271461606 0.514661968 0.142045006
1403637185238319104.000000 2.204454422 0.539097428 6.690290928 0.803490818 -0.272743285 0.509877622 0.141557232
1403637185438319104.000000 1.956712604 0.477364242 6.734582424 0.813319206 -0.268552929 0.494352221 0.148348466
1403637185938319104.000000 1.519313455 0.213768467 6.918675900 0.788673341 -0.255390406 0.531403482 0.174299985
1403637186388318976.000000 1.242183089 -0.042024564 7.059597969 0.778329432 -0.253293872 0.546570003 0.176937178
1403637187138319104.000000 0.827733159 -0.452655137 7.329690456 0.767063260 -0.291065574 0.556691587 0.130342647
1403637187388318976.000000 0.658451080 -0.654584408 7.335789680 0.779964805 -0.289183140 0.532572329 0.156188354
1403637187588318976.000000 0.531052470 -0.839804888 7.328475952 0.787473798 -0.291812032 0.516482770 0.167261526
1403637189538319104.000000 0.055093076 -3.162806511 6.800265789 0.736376047 -0.359532207 0.529678822 0.218923271
1403637191838319104.000000 -0.766989589 -5.356378555 6.902914524 0.762119293 -0.302455008 0.526169598 0.225478679
1403637192288318976.000000 -0.882904351 -5.535006046 7.053071022 0.777279675 -0.299035609 0.498458713 0.240734369
1403637192688318976.000000 -0.825460970 -5.630112171 7.199161053 0.777281106 -0.318453759 0.497246653 0.217180029
1403637192988318976.000000 -0.702260613 -5.706583023 7.269740582 0.769994438 -0.314940155 0.509916365 0.218875617
1403637193838319104.000000 -0.189947248 -6.087886810 7.512903690 0.770650327 -0.307764024 0.510192990 0.226014584
1403637194188318976.000000 0.095040873 -6.263746738 7.575220585 0.761159718 -0.306037456 0.523764729 0.229450583
1403637194588318976.000000 0.456618071 -6.426108837 7.596652985 0.765564919 -0.311422735 0.516586363 0.223751500
1403637194938319104.000000 0.816864729 -6.552700996 7.670406342 0.769674420 -0.317975134 0.508184373 0.219639838
1403637196688318976.000000 2.737435818 -6.455927372 7.740012169 0.742971838 -0.245044366 0.559021652 0.274665385
1403637199638319104.000000 3.708853006 -0.051150851 8.043645859 -0.752965808 -0.206589580 -0.609848142 0.135824889
1403637199788318976.000000 3.542015553 0.322081804 8.028565407 -0.741180539 -0.230162159 -0.604010522 0.181240678
1403637199938319104.000000 3.358601570 0.678700864 7.968891144 -0.722929418 -0.252053887 -0.596424639 0.241080135
1403637200088318976.000000 3.159960032 0.999800503 7.886487007 -0.693128824 -0.280229568 -0.592557490 0.299865931
1403637200238319104.000000 2.946651220 1.264989257 7.794442654 -0.670017242 -0.326097935 -0.578874111 0.331122249
1403637200388318976.000000 2.722106695 1.470737576 7.695848465 -0.667641759 -0.381392002 -0.554240704 0.318766266
1403637203088318976.000000 0.862786055 1.417271733 7.583338261 -0.738300800 -0.352529794 -0.522042692 0.241052419
1403637205738319104.000000 1.020704865 0.676653683 7.492156029 -0.732042670 -0.361135364 -0.522463858 0.246427342
1403637208238319104.000000 0.488678426 0.435036153 7.611586571 -0.739606857 -0.349841803 -0.519976616 0.245391309
1403637209488318976.000000 0.272464335 0.230366230 7.612055302 -0.731680214 -0.389337778 -0.497655958 0.255731791
1403637212438319104.000000 1.881191015 3.773557425 7.039682388 -0.716872931 -0.375818938 -0.513537347 0.284838259
1403637212638319104.000000 2.083696127 4.034186363 7.073186398 -0.726328135 -0.378857106 -0.502854288 0.275775969
1403637212788318976.000000 2.232799053 4.224615097 7.105576992 -0.730371058 -0.382632434 -0.497755587 0.269053876
1403637213088318976.000000 2.529677629 4.610368729 7.184381008 -0.729444563 -0.389203250 -0.496823221 0.263814598
1403637213238319104.000000 2.674956560 4.807129383 7.214704990 -0.730188549 -0.388806254 -0.493412286 0.268698186
1403637213388318976.000000 2.820030451 5.004666805 7.233215332 -0.728555799 -0.388627529 -0.494830728 0.270772278
1403637213688318976.000000 3.102283001 5.393773079 7.237463474 -0.717754960 -0.398102015 -0.509609699 0.258148491
1403637213888318976.000000 3.269452572 5.651460648 7.211936951 -0.715550840 -0.406146973 -0.511037588 0.248741522
1403637214088318976.000000 3.411845922 5.921690941 7.184005260 -0.708575308 -0.407221615 -0.515056431 0.258473366
1403637214538319104.000000 3.629710913 6.532310009 7.219952106 -0.652609468 -0.463322848 -0.513954461 0.308680713
1403637214688318976.000000 3.660076141 6.715281010 7.258076668 -0.624855936 -0.492667764 -0.517916799 0.313999534
1403637214838319104.000000 3.658644915 6.888775349 7.306766987 -0.607046247 -0.509401381 -0.520638585 0.317711323
1403637215288318976.000000 3.441118956 7.328498840 7.401552677 -0.598146141 -0.506490052 -0.520042062 0.339477926
1403637215738319104.000000 2.953692436 7.578655243 7.440082073 -0.560098231 -0.536757350 -0.480895936 0.408559352
1403637216038319104.000000 2.550576687 7.595502853 7.519200325 -0.539552808 -0.588247895 -0.420321733 0.431482136
1403637216188318976.000000 2.345040560 7.575880051 7.571577072 -0.527699947 -0.601896822 -0.399722755 0.446625888
1403637217138319104.000000 1.277819037 7.049429893 7.714193344 -0.523025393 -0.579434156 -0.394253910 0.485040665
1403637217738319104.000000 0.957789481 6.267444611 7.686112881 -0.510208964 -0.587012291 -0.392759860 0.490757644
1403637217938319104.000000 0.914511323 5.945498943 7.673131466 -0.466591030 -0.623254895 -0.387700319 0.493492365
1403637218188318976.000000 0.870450974 5.486333847 7.680398941 -0.445972413 -0.650231421 -0.359615117 0.498983800
1403637218438319104.000000 0.837028384 4.988698959 7.664268970 -0.438498437 -0.658028424 -0.351950258 0.500847995
1403637218788318976.000000 0.803199053 4.233687878 7.641026020 -0.444789737 -0.661518395 -0.348575652 0.493001521
1403637218938319104.000000 0.786906064 3.897697687 7.616716862 -0.442347199 -0.666719854 -0.356941938 0.482085228
1403637219238319104.000000 0.733686626 3.207564116 7.509579182 -0.440841943 -0.669658959 -0.363583475 0.474365264
1403637219388318976.000000 0.693144023 2.846507072 7.469847202 -0.445480317 -0.669560730 -0.359414876 0.473346382
1403637219538319104.000000 0.642998517 2.480543852 7.443914890 -0.455147356 -0.675132096 -0.347663343 0.464938492
1403637220388318976.000000 0.201060429 0.642823100 7.607897282 -0.480245799 -0.675192416 -0.318337262 0.460587204
1403637223038319104.000000 -0.618097126 -1.779291153 7.428627491 -0.619570732 -0.558877051 -0.400635809 0.378522784
1403637224438319104.000000 -0.607795358 -1.732374310 7.674165726 -0.590697527 -0.560612857 -0.424964190 0.395215333
1403637224938319104.000000 -0.635604441 -1.708701372 7.601089001 -0.592871130 -0.556602240 -0.422490805 0.400249004
1403637226288318976.000000 -0.844737351 -1.845215201 7.618834019 -0.583344340 -0.561605752 -0.428589076 0.400774062
1403637227888318976.000000 -1.252758026 -1.850412250 7.619540691 -0.607546985 -0.553640306 -0.405827731 0.399591118
1403637228338319104.000000 -1.271501899 -1.791358113 7.559395790 -0.587477624 -0.551831365 -0.429408371 0.407382786
1403637228788318976.000000 -1.310904980 -1.804322362 7.597597599 -0.588259578 -0.559533060 -0.425878853 0.399375409
1403637230188318976.000000 -1.436086655 -1.994832516 7.419008255 -0.718414724 -0.407050341 -0.488829583 0.281489015
1403637230388318976.000000 -1.426015019 -1.996377587 7.406166077 -0.731685996 -0.384586722 -0.498263299 0.261653274
1403637231038319104.000000 -1.406383395 -1.980472445 7.507417679 -0.780593932 -0.282001555 -0.515104175 0.214046910
1403637231238319104.000000 -1.380768776 -1.991441846 7.502792835 -0.804552376 -0.216971770 -0.524363816 0.175103560
1403637231588318976.000000 -1.291479707 -2.030641556 7.345467091 -0.829824805 -0.072479717 -0.544229329 0.099758945
1403637232088318976.000000 -1.064183474 -2.186745644 7.074844837 0.822321475 -0.093336850 0.561254323 0.008317190
1403637232538319104.000000 -0.825865209 -2.470479727 7.012146473 0.789321542 -0.197738573 0.575193524 0.083805002
1403637232888318976.000000 -0.702839494 -2.787136316 7.036745548 0.788831532 -0.291895956 0.529369652 0.110947773
1403637233138319104.000000 -0.618680537 -3.099635601 7.097133160 0.799208701 -0.304460913 0.500002146 0.136260778
1403637233338319104.000000 -0.528056800 -3.397097826 7.136806011 0.810493112 -0.302860975 0.481508106 0.139736071
1403637235488318976.000000 2.607193947 -4.150730610 6.311854839 0.811468363 -0.089663684 0.571384847 0.083658643
1403637235688318976.000000 2.874906540 -3.939332485 6.282938480 0.822167397 -0.067081414 0.561366737 0.066395059
1403637235888318976.000000 3.142317295 -3.714070082 6.292316437 0.808171153 -0.019535109 0.584438801 0.070065618
1403637236138319104.000000 3.451977015 -3.374160290 6.339143753 -0.802408397 -0.043816160 -0.591420591 -0.066653945
1403637236388318976.000000 3.714540958 -2.938187599 6.430111885 -0.800353646 -0.090618499 -0.591667771 -0.033933286
1403637238888318976.000000 1.753321052 0.654468536 7.868713856 0.852437735 -0.124374814 0.494955689 -0.113577135
1403637239088318976.000000 1.505021214 0.414080769 7.933430672 0.876217425 -0.129732996 0.455693513 -0.088066831
1403637239388318976.000000 1.333415747 -0.144349620 8.048734665 0.857447326 -0.123789474 0.499184072 -0.016602516
1403637239638319104.000000 1.293255210 -0.704567790 8.070437431 0.839697778 -0.171870410 0.514421165 0.027188122
1403637239838319104.000000 1.298050165 -1.196591377 8.015176773 0.810646474 -0.207220837 0.541281044 0.083227143
1403637240088318976.000000 1.315205812 -1.827002645 7.886882305 0.772689044 -0.254492998 0.561007380 0.153153092
1403637240338319104.000000 1.312523365 -2.438735962 7.725987434 0.759600222 -0.313234270 0.535437763 0.195443645
1403637240538319104.000000 1.310341120 -2.915419817 7.606136799 0.770461917 -0.334716350 0.497893125 0.215536237
1403637240738319104.000000 1.334823966 -3.389413118 7.521475792 0.769484401 -0.337545186 0.493196100 0.225199059
1403637240988318976.000000 1.408696413 -3.974161148 7.466435909 0.753100157 -0.316846162 0.521000326 0.246996731
1403637241388318976.000000 1.577532768 -4.819903851 7.339603424 0.761365891 -0.299532115 0.518251896 0.249032974
1403637241788318976.000000 1.826485991 -5.504849911 7.221898556 0.752071798 -0.270578206 0.535740554 0.272318631
1403637242188318976.000000 2.118967533 -5.926990509 7.198886871 0.734176159 -0.278161913 0.561670184 0.261032522
1403637242638319104.000000 2.410315514 -6.086287498 7.206206322 0.736782730 -0.254064351 0.556613088 0.287722766
1403637243038319104.000000 2.660607338 -5.892446518 7.248701572 0.742322683 -0.225153998 0.585829198 0.234663531
1403637243438319104.000000 2.841384172 -5.473040104 7.261971474 0.762429059 -0.227123022 0.567011595 0.213576585
1403637243838319104.000000 2.980886936 -4.914780617 7.281919479 0.773597538 -0.259134531 0.551039755 0.175360620
1403637244038319104.000000 3.040469885 -4.634287357 7.346848488 0.775058031 -0.273220479 0.546095729 0.162526980
1403637244438319104.000000 3.131613016 -4.142861366 7.565166950 0.777473390 -0.277110368 0.540183604 0.164154530
1403637244638319104.000000 3.174121380 -3.931174040 7.696709633 0.790978849 -0.249142036 0.532739282 0.168729380
1403637245038319104.000000 3.304626465 -3.542400837 7.890978813 0.809498429 -0.213663489 0.527497828 0.144243941
1403637245438319104.000000 3.525369883 -3.234354019 7.995983124 0.814024091 -0.208356172 0.523910284 0.139537066
1403637245638319104.000000 3.677377224 -3.108897686 8.022402763 0.817714989 -0.189268798 0.526652753 0.134746313
1403637245838319104.000000 3.855358124 -2.987112284 8.028744698 0.815997124 -0.154359967 0.545162141 0.114542618
1403637246038319104.000000 4.045604229 -2.861272812 8.014560699 0.812009394 -0.097086847 0.569908321 0.080120370
1403637246238319104.000000 4.231988430 -2.725242615 7.979400635 0.812208593 -0.023278099 0.582181036 0.028993508
1403637246438319104.000000 4.405975342 -2.579039812 7.927157879 -0.807318211 -0.065243043 -0.586139083 0.020532381
1403637246638319104.000000 4.558877945 -2.420532703 7.859429836 -0.786812603 -0.148139432 -0.595520854 0.065845005
1403637246838319104.000000 4.671057701 -2.245775700 7.790142536 -0.762821496 -0.215138286 -0.599168301 0.113209367
1403637247038319104.000000 4.728784561 -2.059688091 7.743695736 -0.759480953 -0.267156214 -0.574161053 0.148846909
1403637247388318976.000000 4.751498222 -1.722236872 7.665153980 -0.757448316 -0.283529997 -0.559631646 0.180818513
1403637247688318976.000000 4.713102818 -1.428069234 7.568910122 -0.737726986 -0.289814949 -0.580022573 0.187989622
1403637247938319104.000000 4.605540276 -1.190636754 7.496755600 -0.720565975 -0.322065234 -0.580638111 0.199795216
1403637248188318976.000000 4.415874004 -0.962281942 7.463096142 -0.721926510 -0.350694656 -0.549860656 0.231276408
1403637248588318976.000000 4.038191319 -0.619121909 7.381679535 -0.714696288 -0.366652131 -0.539863408 0.251640886
1403637248788318976.000000 3.825200081 -0.460315496 7.355833054 -0.721743107 -0.368751049 -0.533173800 0.242559746
1403637249188318976.000000 3.356811285 -0.147244379 7.396645546 -0.732514024 -0.359094560 -0.528806448 0.234175324
1403637249588318976.000000 2.862122774 0.186249107 7.455075741 -0.732992113 -0.352805972 -0.532058835 0.234870285
1403637249938319104.000000 2.408824444 0.479449868 7.393241882 -0.718138814 -0.358763278 -0.541612566 0.249442250
1403637250388318976.000000 1.789108515 0.812504053 7.382699013 -0.716542900 -0.385131538 -0.500547826 0.296128154
1403637252888318976.000000 0.248365879 1.446805477 7.685099125 -0.675954401 -0.470356047 -0.447454423 0.348762721
1403637255688318976.000000 -0.358806551 0.607422411 7.838160992 -0.593537688 -0.551960886 -0.433150321 0.394249916
1403637257338319104.000000 -1.130715132 -0.184110895 7.886216164 -0.529405594 -0.621953130 -0.377849311 0.436043650
1403637257638319104.000000 -1.275255322 -0.323129237 7.915981770 -0.523215711 -0.632902861 -0.371744066 0.432996094
1403637258088318976.000000 -1.517142773 -0.494566977 7.874868393 -0.509260476 -0.657607973 -0.335872799 0.442035019
1403637258288318976.000000 -1.631215453 -0.540483475 7.870079517 -0.474775761 -0.671737731 -0.330761105 0.462551028
1403637258588318976.000000 -1.802461028 -0.593281090 7.841486931 -0.460147768 -0.679674327 -0.308228284 0.480939001
1403637258888318976.000000 -1.955107808 -0.633859932 7.784328461 -0.453919291 -0.675436556 -0.310971349 0.490957707
1403637259238319104.000000 -2.099609852 -0.672084212 7.781557560 -0.458656341 -0.671276510 -0.310454965 0.492585063
1403637259538319104.000000 -2.189759970 -0.700101495 7.818006039 -0.467404068 -0.662870228 -0.302946210 0.500360012
1403637260038319104.000000 -2.237318993 -0.734253764 7.809546947 -0.464851409 -0.665650427 -0.309520572 0.494994670
1403637260338319104.000000 -2.223876953 -0.752557397 7.760795116 -0.453683704 -0.676285982 -0.323845655 0.481593579
1403637260788318976.000000 -2.224576235 -0.790336072 7.660894394 -0.455022752 -0.685888171 -0.319745243 0.469334334
1403637261138319104.000000 -2.259963751 -0.815359056 7.581791878 -0.453170270 -0.681348681 -0.319781840 0.477640212
1403637261588318976.000000 -2.325077534 -0.839828849 7.525166988 -0.460253626 -0.683014214 -0.310517043 0.474591851
1403637261738319104.000000 -2.348135710 -0.838612556 7.524280071 -0.462435514 -0.689491868 -0.308206558 0.464503080
1403637262188318976.000000 -2.425726652 -0.805278182 7.517562866 -0.457958579 -0.669537187 -0.319912642 0.489540428
1403637262538319104.000000 -2.422417641 -0.814010262 7.488790989 -0.483947217 -0.631801248 -0.329352260 0.508083999
1403637262888318976.000000 -2.419236898 -0.813654423 7.483145714 -0.485835880 -0.633675337 -0.331177294 0.502733231
1403637263388318976.000000 -2.418356180 -0.813018382 7.482122421 -0.485522538 -0.633447289 -0.332140893 0.502687693
1403637263888318976.000000 -2.418630600 -0.813612521 7.483024120 -0.485822976 -0.633224308 -0.331764251 0.502926946
1403637264388318976.000000 -2.418258905 -0.814645410 7.483171463 -0.485842854 -0.633367479 -0.331708848 0.502764106
1403637264888318976.000000 -2.418198586 -0.814128041 7.483273029 -0.486051291 -0.633268952 -0.331492484 0.502829313
1403637265388318976.000000 -2.418299437 -0.814297140 7.483462334 -0.486141562 -0.633362710 -0.331388265 0.502692640
