#Stereo rect[ms], MP culling[ms], MP creation[ms], LBA[ms], KF culling[ms], Total[ms]
6.994335,0.023340,0.234291,0.009212,0.009212,7.268288
6.896831,0.043705,0.515457,0.003152,0.003152,7.461847
6.690119,0.073101,1.122903,0.134388,0.134388,13.407690
5.144563,0.048109,0.637179,0.086834,0.086834,8.861654
7.075831,0.083400,2.268553,0.286370,0.286370,19.836884
7.726415,0.096607,18.561988,0.558189,0.558189,47.654431
6.371585,0.108773,12.634424,0.293755,0.293755,35.115006
9.008330,0.332222,23.990660,0.677440,0.677440,71.309323
9.023048,0.317848,22.337046,0.561048,0.561048,64.253256
9.616980,0.236355,32.821732,45.484124,45.484124,128.213410
11.088249,0.214329,40.673110,0.640311,0.640311,97.793031
11.330691,0.208119,34.716531,0.566573,0.566573,77.675347
8.292055,0.176031,17.837359,0.637911,0.637911,56.823191
6.793076,0.123554,17.445930,0.906634,0.906634,70.075791
6.891476,0.078139,14.572992,0.908194,0.908194,67.005389
6.255191,0.059590,12.071458,1.062000,1.062000,75.071069
11.145145,0.091715,35.534259,1.272791,1.272791,120.458956
6.623695,0.069225,15.538716,1.087121,1.087121,78.227444
8.632480,0.115379,18.630934,2.524925,2.524925,100.008274
6.668830,0.074475,12.768785,1.472411,1.472411,73.916776
9.279351,0.069116,22.291042,1.528466,1.528466,91.052577
6.298847,0.100454,0.998587,0.002135,0.002135,7.401272
8.043618,0.350743,2.617821,0.002614,0.002614,11.016692
5.340259,0.288489,6.465591,0.173380,0.173380,24.895171
8.476224,0.421345,12.427056,0.529852,0.529852,48.217181
9.112079,0.191880,26.975016,0.699472,0.699472,68.036866
10.179615,0.309476,20.539580,0.891513,0.891513,54.524398
10.630063,0.254862,14.497756,1.072508,1.072508,71.281270
11.565008,0.267786,14.012174,1.027615,1.027615,57.009665
10.806251,0.168978,28.131209,1.147798,1.147798,91.868443
12.552746,0.262403,27.248559,72.348508,72.348508,156.381544
12.332546,0.273913,33.272851,1.582779,1.582779,90.885430
13.103701,0.216604,29.682987,1.443421,1.443421,89.698252
9.097941,0.138877,24.397027,1.250065,1.250065,79.061708
8.457943,0.132755,15.982956,1.332490,1.332490,89.270876
6.913749,0.087187,14.465906,1.188989,1.188989,73.026798
10.812878,0.118074,22.184381,1.945824,1.945824,87.733197
7.541372,0.086833,14.129967,1.863821,1.863821,82.322492
18.839206,0.237563,45.479604,1.963602,1.963602,148.794478
9.080469,0.081414,23.668792,1.825859,1.825859,105.906969
9.154389,0.091741,28.140273,2.204475,2.204475,112.652603
8.765291,0.084760,23.686489,2.337778,2.337778,119.668955
10.236182,0.117486,30.558430,3.021112,3.021112,132.609287
9.641529,0.105259,23.741325,2.955956,2.955956,132.503373
7.916899,0.108896,21.235915,2.826385,2.826385,109.143990
6.117778,0.075060,12.947925,2.579721,2.579721,101.576829
5.505907,0.049527,11.856288,2.873652,2.873652,93.302871
5.643947,0.048235,12.480373,2.351369,2.351369,72.129321
6.354753,0.043442,15.875963,2.226294,2.226294,77.015135
6.890593,0.035072,14.374617,2.137987,2.137987,78.203869
4.407084,0.010977,0.120122,0.001756,0.001756,4.540971
6.994122,0.054027,0.560913,0.002892,0.002892,7.613868
7.132706,0.058356,0.736038,0.075266,0.075266,12.935913
7.330947,0.065800,1.121664,0.173389,0.173389,11.534050
6.410077,0.015289,0.489810,0.270158,0.270158,10.157433
7.487418,0.014818,1.370742,0.326738,0.326738,14.936266
7.485546,0.010924,0.842885,0.362142,0.362142,12.941049
6.814748,0.007001,0.875355,0.177427,0.177427,11.995298
6.517925,0.012544,1.201561,0.304752,0.304752,13.165040
7.950100,0.015715,2.585684,23.000583,23.000583,44.809388
6.394150,0.011283,1.075549,0.444901,0.444901,16.785300
7.708841,0.003692,1.612652,1.146507,1.146507,32.640430
8.867575,0.005980,3.597852,1.648135,1.648135,49.850230
8.706505,0.006014,3.697971,1.315087,1.315087,43.479176
9.064378,0.006734,4.308446,1.636360,1.636360,47.331863
7.738003,0.004550,3.643119,1.787710,1.787710,39.535682
9.073200,0.004569,2.566694,0.997431,0.997431,50.195308
6.392316,0.026411,0.287024,0.003031,0.003031,6.710533
7.019263,0.054977,0.541072,0.002768,0.002768,7.620582
7.134600,0.072594,0.737352,0.277972,0.277972,13.514313
7.139250,0.065717,1.104156,0.346653,0.346653,16.345297
7.333752,0.015315,1.231608,0.438265,0.438265,18.320817
7.594997,0.020952,1.449676,0.510902,0.510902,17.393392
6.413298,0.008467,0.663111,0.432043,0.432043,10.928751
8.052119,0.016770,2.012217,0.644560,0.644560,20.407599
6.411739,0.007135,1.089017,0.597879,0.597879,13.789284
8.182119,0.011056,2.444702,43.295487,43.295487,66.413122
8.212159,0.009696,2.811610,1.004228,1.004228,34.674252
8.640665,0.006227,3.519225,1.392681,1.392681,37.376117
6.003865,0.003687,1.970083,0.643905,0.643905,22.664437
8.773486,0.006801,4.161370,0.978514,0.978514,45.674996
8.673476,0.012897,6.021640,1.091289,1.091289,56.191153
6.488880,0.088046,0.895313,0.003322,0.003322,7.477632
7.472179,0.263878,1.865031,0.002978,0.002978,9.605854
6.559415,0.161796,1.805580,0.275003,0.275003,15.618564
7.923531,0.285122,6.180612,0.608634,0.608634,34.119552
6.726797,0.101859,7.054745,1.134600,1.134600,36.955460
9.071722,0.259715,12.143407,0.719316,0.719316,49.822863
9.662789,0.226890,21.285250,0.967552,0.967552,58.277610
10.746427,0.237506,29.107961,0.838774,0.838774,74.519710
11.115320,0.225310,16.620044,1.231095,1.231095,72.960680
12.058110,0.180597,36.965665,85.938553,85.938553,180.752832
7.428732,0.151126,20.051452,0.832412,0.832412,75.093501
12.636199,0.240585,41.345644,0.945678,0.945678,115.238497
10.803015,0.177952,27.829971,1.114779,1.114779,90.557885
13.374095,0.259959,37.416467,1.295861,1.295861,114.206426
9.294733,0.163125,26.489037,1.665597,1.665597,94.536467
13.326065,0.127136,20.044036,1.517592,1.517592,124.957686
6.058767,0.119019,14.586501,1.868760,1.868760,93.661980
6.419807,0.123692,14.542470,1.536631,1.536631,120.815814
7.849190,0.165540,25.245104,1.796469,1.796469,103.233832
7.840917,0.178207,34.365224,1.599292,1.599292,121.142272
8.630980,0.179677,19.804900,2.260865,2.260865,110.075521
14.672667,0.370487,33.609819,2.956798,2.956798,142.316569
7.872334,0.156304,30.995483,2.465988,2.465988,125.156054
7.940219,0.165780,33.974591,2.692949,2.692949,126.164555
6.628566,0.159137,26.353839,2.620653,2.620653,120.705112
6.929402,0.165497,27.392786,2.750230,2.750230,123.956919
6.374010,0.158944,27.120304,2.676116,2.676116,247.396765
5.144254,0.194642,16.571196,2.648289,2.648289,100.677728
9.376979,0.343278,26.278456,2.601868,2.601868,136.878215
7.256286,0.245868,25.217284,2.371588,2.371588,123.548503
9.392158,0.364780,32.894343,2.653422,2.653422,126.400352
5.053556,0.182515,18.613787,1.922804,1.922804,125.101844
10.408568,0.372892,36.137997,2.941673,2.941673,144.314755
5.508958,0.166909,12.105456,2.966288,2.966288,92.809549
6.512843,0.183708,13.858689,3.017681,3.017681,120.487507
7.271896,0.233513,16.629429,3.477878,3.477878,111.304787
5.504381,0.151478,14.529922,3.348858,3.348858,120.923124
6.910796,0.190414,20.032074,3.729400,3.729400,125.703480
7.486784,0.211786,21.477437,2.223545,2.223545,123.644635
7.015288,0.204488,22.045657,1.798581,1.798581,117.203421
7.656709,0.225264,17.722644,2.545803,2.545803,124.751014
6.120801,0.176935,14.495542,1.821121,1.821121,110.044892
4.727949,0.130776,11.258062,2.267290,2.267290,95.621946
4.991899,0.120113,12.666351,2.046005,2.046005,101.804327
4.912602,0.099737,12.984444,3.588225,3.588225,104.731180
4.988212,0.106159,16.472246,1.790657,1.790657,123.128899
6.321958,0.127576,20.205984,1.771247,1.771247,133.146923
5.853090,0.139716,18.164120,3.172012,3.172012,131.561486
6.519044,0.178018,16.649202,2.917137,2.917137,111.691255
6.636218,0.151442,15.128474,4.029100,4.029100,134.165108
10.675815,0.261623,20.915246,3.603941,3.603941,149.630386
11.271858,0.218498,34.937396,2.706605,2.706605,157.250645
6.839952,0.132952,14.719221,2.543605,2.543605,133.773421
7.263748,0.099335,15.154517,1.945205,1.945205,123.980026
7.569822,0.147927,23.352234,3.384241,3.384241,152.055920
5.191164,0.114929,15.380058,2.055018,2.055018,127.794524
5.869072,0.127842,14.232534,2.125168,2.125168,111.568898
5.806697,0.121741,16.512842,4.180225,4.180225,134.449322
6.867133,0.151873,27.507943,2.154394,2.154394,129.818496
6.041306,0.135812,16.781840,3.127957,3.127957,116.181657
9.729050,0.209223,23.540127,2.958342,2.958342,133.554116
6.252546,0.130786,23.286112,2.200529,2.200529,125.795078
7.204606,0.181541,31.669855,2.858960,2.858960,136.109805
6.460578,0.124595,23.705199,2.100420,2.100420,129.243686
6.445572,0.119324,17.957426,2.280737,2.280737,131.125267
6.759939,0.144161,21.531469,2.813942,2.813942,128.567667
6.875786,0.146099,25.637327,2.805870,2.805870,125.938353
8.661440,0.188239,30.673814,3.295835,3.295835,131.036714
8.070718,0.184805,25.671724,1.698797,1.698797,125.987626
6.915900,0.180189,25.367358,3.927477,3.927477,132.558492
8.859850,0.180789,32.187538,2.831621,2.831621,132.589157
8.146212,0.136113,20.690271,2.298125,2.298125,127.999575
8.559634,0.138434,18.609826,2.966215,2.966215,126.210833
7.302207,0.144438,22.852663,2.356992,2.356992,127.323512
7.601201,0.153321,22.819276,3.482821,3.482821,146.161954
5.851993,0.112672,16.493428,1.951788,1.951788,113.176861
6.170004,0.121554,15.572900,4.111561,4.111561,121.352278
5.932536,0.137420,27.443249,2.135495,2.135495,134.156799
7.439004,0.112210,25.651642,3.536086,3.536086,125.522735
7.440442,0.134570,23.091904,4.608959,4.608959,131.938334
8.455364,0.151010,29.762350,4.316787,4.316787,128.473937
7.205682,0.123486,21.770196,3.614585,3.614585,131.028155
7.224088,0.111394,22.983191,3.862756,3.862756,126.996548
10.136997,0.147385,32.794507,4.321590,4.321590,144.203091
6.889208,0.119195,21.021118,4.057880,4.057880,132.122682
6.343962,0.113436,20.065461,3.438868,3.438868,117.991302
6.359324,0.108192,16.232506,2.731594,2.731594,120.141826
14.118714,0.194879,38.990967,6.566134,6.566134,153.709136
6.778258,0.092222,20.035862,4.555028,4.555028,127.410111
6.856006,0.092202,16.849981,2.534394,2.534394,115.715840
6.647172,0.113431,19.076073,5.094404,5.094404,125.664141
6.735383,0.140122,19.201366,2.590699,2.590699,408.816352
7.231755,0.210187,19.798019,3.391700,3.391700,132.759983
7.067203,0.192219,32.773254,5.159770,5.159770,146.045294
11.576334,0.456698,46.813957,4.090763,4.090763,179.605221
9.200090,0.313482,29.053371,4.141052,4.141052,138.067907
5.653272,0.201084,24.540488,4.983845,4.983845,138.708409
5.985153,0.162090,15.670574,4.238143,4.238143,133.651099
8.286691,0.290914,28.733570,5.403572,5.403572,135.234505
6.129218,0.231660,19.653139,3.850745,3.850745,121.808554
6.607875,0.267915,20.837995,4.189000,4.189000,128.778621
6.278810,0.271306,18.489804,4.312648,4.312648,135.638511
7.262754,0.368159,23.858549,6.518748,6.518748,132.904811
7.222450,0.364996,26.842197,5.996827,5.996827,135.275221
6.864800,0.368182,23.100519,6.429018,6.429018,130.281599
5.746243,0.319645,19.983901,5.257829,5.257829,121.747451
6.289702,0.331596,23.743828,5.935280,5.935280,134.592631
6.582761,0.374416,24.705702,5.505550,5.505550,136.891048
6.455958,0.268681,27.778075,6.500817,6.500817,136.252299
6.271749,0.298745,25.102837,5.546792,5.546792,138.348267
6.249745,0.278288,20.718287,3.954926,3.954926,129.644987
6.402848,0.236667,20.058265,6.664160,6.664160,127.696509
5.564431,0.197306,17.419209,6.051915,6.051915,127.775149
7.060305,0.251701,20.697915,7.150551,7.150551,133.188220
5.302358,0.197196,13.395236,4.539594,4.539594,127.363591
5.217282,0.187411,20.079529,7.986642,7.986642,134.455867
5.522962,0.190900,14.976772,5.086800,5.086800,120.029105
5.219648,0.206527,14.762780,4.357438,4.357438,126.810805
6.414697,0.233953,20.441278,4.256138,4.256138,130.391372
5.423040,0.187707,13.398249,5.108776,5.108776,130.673777
6.123887,0.247950,17.701157,4.019095,4.019095,126.871202
6.580651,0.273168,23.948782,4.282395,4.282395,127.590004
5.783919,0.253638,18.940713,4.768875,4.768875,131.903730
5.140131,0.194566,13.798997,7.032850,7.032850,115.316655
5.115086,0.210196,15.232389,4.356735,4.356735,126.488314
5.514949,0.200676,16.949258,4.118830,4.118830,128.524462
5.549558,0.171864,15.127272,4.050980,4.050980,132.348452
5.435467,0.165327,14.149091,4.733415,4.733415,111.761627
5.005915,0.158977,15.557362,3.019331,3.019331,116.618301
4.860285,0.154113,15.083105,4.420548,4.420548,110.323030
5.074633,0.159044,17.204684,3.540557,3.540557,124.307268
6.603396,0.201237,18.844089,4.454781,4.454781,124.934544
5.888031,0.194913,19.727202,3.479331,3.479331,137.062082
5.345213,0.174929,18.298185,3.931801,3.931801,120.181821
4.813056,0.162084,19.070453,3.914302,3.914302,123.779295
5.511996,0.175638,17.191285,3.729594,3.729594,126.556402
6.347214,0.198019,20.285571,3.378334,3.378334,122.111729
6.185967,0.195909,15.883376,3.542727,3.542727,128.508500
6.006549,0.192149,20.069274,3.129993,3.129993,129.117412
6.311660,0.177706,16.473769,2.940361,2.940361,129.007266
6.499785,0.200456,17.663123,2.534300,2.534300,135.450863
10.015149,0.402541,29.797878,2.229797,2.229797,148.609543
10.394470,0.349889,31.323395,3.508160,3.508160,145.688384
4.982974,0.142131,11.457843,1.530960,1.530960,108.415082
6.168937,0.216722,22.294802,2.771750,2.771750,132.394813
5.937493,0.210132,14.300322,4.212116,4.212116,123.170215
6.569572,0.263513,20.940897,2.589807,2.589807,126.324937
8.270939,0.289734,26.052703,3.706975,3.706975,151.843119
5.799715,0.229826,18.726477,3.423557,3.423557,136.282583
6.044963,0.187141,15.945299,3.015110,3.015110,118.428693
5.520915,0.208862,14.801199,2.464440,2.464440,124.996733
6.338889,0.223964,15.968047,2.895706,2.895706,120.424436
6.487512,0.202290,16.324342,4.007025,4.007025,123.014731
4.707640,0.150841,11.563939,2.797832,2.797832,111.722618
4.933372,0.137214,12.626248,3.350435,3.350435,109.451527
4.593702,0.145085,12.575129,3.637215,3.637215,113.797900
4.894327,0.173550,15.083981,2.978520,2.978520,117.215350
5.766069,0.207353,20.446674,3.176344,3.176344,125.993720
5.396497,0.185650,16.633398,3.762493,3.762493,110.894878
4.481232,0.165260,14.942249,2.895492,2.895492,117.987246
5.108950,0.181462,17.892499,2.933025,2.933025,110.751458
4.427114,0.183289,13.595773,3.081597,3.081597,100.032013
4.513433,0.191831,13.270267,3.779083,3.779083,109.305975
4.649854,0.182826,14.569339,2.994801,2.994801,102.381478
6.791007,0.293734,31.032653,3.406717,3.406717,134.037757
5.020237,0.230747,15.492534,3.267775,3.267775,106.587777
4.852923,0.252682,14.176277,3.166938,3.166938,100.475493
4.700408,0.207211,12.393725,3.260867,3.260867,102.861063
4.709377,0.213866,12.035928,3.494483,3.494483,98.793058
4.986423,0.197182,12.596242,3.963844,3.963844,99.986446
5.043648,0.208726,12.799083,4.314965,4.314965,117.285881
5.189908,0.207600,13.361364,3.129726,3.129726,116.852144
7.896448,0.491644,24.501623,3.937483,3.937483,129.539706
5.619556,0.274416,14.935816,4.311236,4.311236,112.696827
9.211444,0.560957,30.038845,1.817801,1.817801,132.801397
9.388309,0.547683,32.915358,2.846317,2.846317,132.243302
6.484426,0.315781,21.633583,3.039661,3.039661,122.753125
5.548092,0.298181,13.701022,4.491630,4.491630,102.201672
5.953317,0.273927,19.144743,4.019975,4.019975,122.153465
6.391304,0.268982,29.532165,3.471746,3.471746,129.071837
9.116601,0.249733,20.480220,4.345659,4.345659,128.751185
8.480827,0.250813,31.650163,3.961886,3.961886,144.137733
11.084490,0.357466,30.118260,4.700251,4.700251,145.910267
9.451467,0.208433,24.657471,6.378738,6.378738,134.521491
7.040890,0.168527,16.724831,3.245373,3.245373,129.274674
10.129259,0.323671,29.853145,2.294572,2.294572,130.816696
5.235834,0.169795,12.655263,2.572733,2.572733,111.778855
10.235181,0.340737,41.495899,4.410441,4.410441,158.025898
6.194043,0.249483,12.592999,2.595524,2.595524,108.076013
5.144699,0.143730,12.674723,3.752551,3.752551,99.840831
8.163527,0.263806,28.928808,5.255136,5.255136,134.555512
4.842995,0.150869,14.144949,3.678313,3.678313,99.738091
4.753658,0.158715,13.823146,3.619246,3.619246,102.924641
5.041473,0.154555,18.458681,3.592575,3.592575,120.331661
4.647430,0.175059,16.765568,2.705250,2.705250,122.381601
4.296894,0.138450,14.219393,4.249562,4.249562,98.798021
5.539854,0.211432,14.426168,2.864044,2.864044,105.774567
7.251129,0.309836,27.713508,3.184672,3.184672,132.413664
8.123006,0.358747,29.398496,2.597350,2.597350,151.547691
6.252455,0.263089,15.699745,2.134951,2.134951,114.159773
5.544639,0.211521,10.594171,3.475288,3.475288,120.182768
7.734915,0.375393,31.448204,3.800898,3.800898,146.411861
4.066718,0.136987,10.841198,3.529766,3.529766,108.816117
6.538306,0.243971,17.361752,2.862470,2.862470,124.442307
8.936930,0.246170,17.006591,1.812707,1.812707,132.842883
8.212523,0.300761,15.862168,2.486043,2.486043,127.499998
8.223419,0.450965,25.647870,2.116290,2.116290,131.831260
4.999881,0.220545,16.722915,2.126653,2.126653,117.526788
5.824981,0.217216,17.108534,2.601209,2.601209,120.372024
7.698135,0.396458,25.153058,2.122446,2.122446,131.943572
8.164091,0.283245,24.637328,4.548411,4.548411,146.110384
7.554962,0.298183,29.175214,2.819891,2.819891,156.262506
3.612825,0.168136,12.446308,2.681326,2.681326,113.647905
3.564997,0.129768,10.904055,3.471830,3.471830,98.233102
3.751605,0.109411,10.601711,3.168529,3.168529,102.186287
3.677911,0.105424,10.427899,3.179243,3.179243,107.297749
3.933113,0.135038,11.871780,3.390301,3.390301,114.839507
3.358473,0.094228,9.627347,5.359452,5.359452,94.249589
3.665282,0.089959,9.288920,4.167503,4.167503,94.775689
3.231495,0.068289,9.754821,4.332173,4.332173,92.784404
3.463850,0.064704,9.978589,3.997349,3.997349,97.649584
3.595170,0.069787,10.102897,2.424306,2.424306,108.869681
5.378902,0.094696,21.239028,3.798861,3.798861,120.057488
3.456361,0.067584,10.362501,3.397263,3.397263,107.859699
3.386635,0.086593,9.945480,4.005882,4.005882,108.523123
3.482413,0.079351,10.610834,3.770473,3.770473,103.771105
3.544946,0.066824,10.774672,4.520644,4.520644,98.091974
3.251444,0.077438,20.133895,3.531547,3.531547,117.410922
7.338521,0.138757,34.395568,5.706865,5.706865,147.035250
6.274679,0.115574,36.846152,3.616656,3.616656,142.539196
4.240686,0.076590,16.480452,3.921079,3.921079,109.034508
3.245813,0.074332,10.807818,5.087258,5.087258,90.001008
8.046570,0.158121,34.723769,3.930399,3.930399,155.080644
8.175892,0.149497,35.674721,4.626232,4.626232,130.355176
4.328489,0.077979,13.214471,2.601366,2.601366,91.549351
3.560194,0.079439,12.503047,3.908897,3.908897,91.647872
2.894363,0.063762,9.611453,3.031539,3.031539,82.989523
6.178280,0.087192,23.359866,3.781634,3.781634,129.423596
5.916224,0.118643,20.954508,3.878862,3.878862,116.591140
5.775091,0.135590,38.895801,3.164502,3.164502,146.568381
3.963872,0.091488,18.744444,4.675892,4.675892,108.197934
6.372815,0.163925,22.933734,3.296644,3.296644,134.375996
6.950041,0.147542,31.012017,3.569457,3.569457,109.873347
5.187325,0.114268,22.818271,3.061343,3.061343,124.926242
4.889930,0.100316,24.032004,3.738395,3.738395,109.058954
5.891396,0.145627,37.843262,2.902096,2.902096,128.888463
8.278833,0.159459,34.378356,3.542863,3.542863,126.216991
3.427076,0.082339,16.394064,2.832724,2.832724,92.336022
3.639450,0.081895,13.502227,3.407553,3.407553,85.383867
2.528062,0.061151,9.824210,5.431651,5.431651,88.090161
2.588434,0.058351,9.853959,3.193022,3.193022,82.246914
3.117419,0.046301,11.661698,3.853410,3.853410,87.538332
2.527138,0.041553,9.429440,3.129829,3.129829,78.944612
2.405378,0.047651,8.701444,3.560106,3.560106,79.273297
3.464947,0.057620,11.316763,3.248355,3.248355,93.551447
2.682154,0.032302,9.491505,3.771466,3.771466,81.690165
6.514101,0.085091,32.343453,3.771952,3.771952,134.031785
5.883912,0.093179,26.862905,3.346940,3.346940,122.173144
4.234705,0.077436,17.329256,3.816902,3.816902,96.646824
2.879419,0.056882,10.802135,2.994195,2.994195,80.311220
2.692783,0.044907,9.494758,4.368169,4.368169,78.375912
5.509583,0.086565,22.902623,4.010653,4.010653,112.060663
5.437296,0.069665,22.331706,3.028865,3.028865,107.139588
5.369785,0.096220,20.928903,4.694786,4.694786,115.341087
2.468815,0.036918,8.120436,3.530089,3.530089,71.212375
3.547962,0.046921,9.419813,3.613509,3.613509,85.673375
5.785143,0.065714,12.924621,3.154065,3.154065,88.329630
5.235870,0.083373,19.047469,4.192589,4.192589,117.316182
4.853630,0.055367,16.678208,4.074768,4.074768,94.188501
2.510495,0.037342,7.880446,3.631545,3.631545,69.865846
2.892990,0.050797,11.321658,2.837172,2.837172,77.280299
3.402779,0.056320,9.921497,3.113838,3.113838,77.841420
3.199753,0.054781,10.617424,3.003778,3.003778,75.342366
3.600195,0.061763,11.807317,2.977233,2.977233,76.442810
3.511432,0.085353,10.023831,3.000774,3.000774,73.413972
6.706418,0.123252,22.792888,3.402983,3.402983,118.899494
3.477411,0.080400,10.490329,4.030624,4.030624,79.609517
4.190640,0.090799,13.373376,3.792634,3.792634,79.528330
3.073162,0.067486,9.452508,3.524465,3.524465,72.311383
2.825609,0.060845,8.726073,3.512937,3.512937,73.219603
5.856551,0.131786,22.573054,4.414885,4.414885,96.029206
2.925815,0.068896,8.724099,2.971245,2.971245,69.768999
4.136389,0.104180,13.476812,4.432712,4.432712,85.568527
6.486308,0.125437,24.500687,3.608109,3.608109,104.134766
6.606976,0.133831,23.656178,6.296065,6.296065,81.873620
6.967404,0.132123,21.449227,4.210924,4.210924,98.661218
6.686773,0.127015,22.738643,3.276889,3.276889,95.679539
6.895006,0.168558,24.205242,4.254357,4.254357,103.473969
7.049540,0.141632,27.319291,4.332047,4.332047,121.125729
5.132036,0.090020,16.485115,4.771649,4.771649,83.845066
4.321456,0.087671,12.650550,3.065119,3.065119,76.558509
4.724147,0.073377,13.801915,3.699690,3.699690,75.572881
6.540708,0.079665,20.126468,3.975514,3.975514,105.621985
4.126857,0.073595,12.505823,2.819965,2.819965,70.888314
4.928653,0.076008,15.706717,4.680810,4.680810,76.575795
7.100658,0.073429,11.310771,4.072088,4.072088,80.699847
5.541427,0.107297,20.220886,6.670949,6.670949,88.470412
8.922108,0.131094,27.939974,3.228984,3.228984,103.978531
4.549927,0.070836,13.273733,4.238662,4.238662,77.594223
5.400782,0.086781,15.270277,4.198421,4.198421,79.757229
5.508793,0.077040,12.432282,3.860312,3.860312,70.300079
5.451506,0.076077,15.938656,3.326765,3.326765,76.612877
6.385597,0.088269,21.100116,4.323796,4.323796,85.623950
5.258597,0.088589,16.129490,4.171482,4.171482,76.871085
6.656828,0.115135,20.624462,4.348190,4.348190,98.575174
5.300934,0.096378,14.607736,2.769875,2.769875,71.639790
6.372667,0.099164,16.357823,5.024889,5.024889,83.335127
11.302728,0.128362,27.668268,5.020714,5.020714,105.517607
5.165399,0.078799,16.544527,4.772014,4.772014,78.529034
5.786774,0.088368,17.578622,4.448251,4.448251,81.798643
6.081099,0.087239,17.463946,3.617090,3.617090,82.734746
6.467833,0.090844,21.890728,5.052955,5.052955,91.292734
5.157196,0.084422,14.661135,4.587923,4.587923,77.089589
5.524389,0.091447,15.465000,4.541974,4.541974,80.151831
5.838221,0.081720,15.768472,3.961830,3.961830,80.860116
7.795345,0.078930,24.792754,5.223052,5.223052,93.718023
6.695623,0.078971,21.636944,4.818636,4.818636,91.923786
5.947392,0.079984,17.254025,5.050856,5.050856,86.403085
5.499421,0.077742,16.355143,3.137413,3.137413,78.710547
5.513184,0.061801,14.135356,5.584601,5.584601,80.311450
5.473821,0.071752,16.943662,5.270161,5.270161,87.056079
5.617854,0.081271,14.196673,6.203368,6.203368,85.684182
5.522232,0.081015,16.878259,3.976154,3.976154,82.447938
6.249240,0.081228,21.053575,6.124802,6.124802,94.879354
5.654443,0.099297,16.029040,6.549616,6.549616,91.409785
5.468440,0.105289,16.942117,5.342359,5.342359,90.145087
6.079720,0.107863,18.521610,5.258562,5.258562,89.035378
5.715465,0.110004,16.241683,5.545043,5.545043,81.413364
6.020157,0.136268,20.955293,7.989129,7.989129,91.526105
7.099869,0.175334,14.800436,6.724471,6.724471,89.428918
5.053801,0.141459,15.998573,5.031777,5.031777,96.515083
5.233538,0.138195,13.669753,7.475239,7.475239,83.850121
5.506545,0.146063,14.239918,5.340846,5.340846,87.457250
5.870689,0.169377,17.058958,6.304772,6.304772,106.283735
5.319093,0.171202,16.399476,4.228002,4.228002,113.982623
6.434606,0.201308,21.847350,5.703354,5.703354,101.140993
5.687452,0.161672,18.291112,5.732857,5.732857,94.741666
5.588532,0.157917,19.737570,5.052716,5.052716,96.622884
6.705376,0.141539,17.615917,6.348256,6.348256,98.697533
5.688456,0.141446,17.862948,5.169110,5.169110,96.171669
5.522111,0.151705,23.536513,6.528580,6.528580,103.958101
7.079386,0.191829,26.539477,6.525484,6.525484,118.913757
6.499867,0.208353,31.137615,6.149453,6.149453,120.424361
7.769015,0.260774,31.783505,7.660358,7.660358,120.539733
6.708023,0.213343,32.253638,5.536039,5.536039,121.957468
6.195077,0.183362,30.195553,5.527078,5.527078,123.939812
7.047980,0.211617,36.545797,8.419835,8.419835,132.875328
6.222130,0.189490,29.710293,5.066821,5.066821,124.639368
8.102466,0.165418,33.339200,8.000686,8.000686,124.312680
7.163671,0.219525,34.659527,6.803496,6.803496,123.261488
6.124549,0.177379,28.734169,7.467721,7.467721,127.106868
6.576825,0.210813,29.222025,5.172233,5.172233,132.256891
8.361316,0.215835,48.227629,6.308215,6.308215,148.821675
5.623721,0.160689,27.661630,6.138536,6.138536,125.019178
6.783304,0.187462,26.600121,6.537928,6.537928,127.359252
5.839714,0.203934,24.937222,7.214305,7.214305,118.650956
6.497492,0.180645,25.190964,8.017217,8.017217,129.716329
5.852722,0.170554,25.203156,8.053097,8.053097,131.611663
6.995201,0.224686,27.370211,7.601424,7.601424,136.341492
6.070442,0.192324,26.612941,6.169009,6.169009,134.389088
6.804271,0.227567,28.211348,5.061494,5.061494,127.969400
8.691575,0.243160,26.741981,6.207439,6.207439,135.069820
6.010366,0.173893,21.270678,5.026480,5.026480,129.985672
6.408078,0.208528,28.038468,4.537999,4.537999,133.213001
6.835441,0.202673,25.641870,6.983629,6.983629,132.977097
6.350514,0.187408,23.389595,4.835209,4.835209,139.504884
9.637884,0.258768,25.539889,5.680480,5.680480,134.833651
7.402051,0.152179,29.560485,7.967099,7.967099,132.062293
6.714794,0.161100,25.471605,4.444054,4.444054,129.808793
6.471698,0.199071,29.888077,5.613048,5.613048,133.919071
7.417342,0.194897,36.180851,6.006620,6.006620,150.311507
5.990432,0.191253,27.754759,6.952063,6.952063,138.032777
6.526756,0.203806,24.295149,8.802184,8.802184,159.188760
6.474730,0.185346,22.866408,6.347554,6.347554,142.294817
6.657745,0.186955,23.948654,8.588392,8.588392,145.384447
6.201783,0.201589,23.650716,8.063299,8.063299,152.150768
5.744630,0.212020,20.984520,11.459923,11.459923,149.233000
5.807046,0.211491,22.414980,6.372898,6.372898,137.352325
6.059665,0.229978,22.551973,6.558628,6.558628,150.338309
7.525216,0.269293,22.766028,8.596305,8.596305,140.036365
5.791334,0.189908,19.631433,7.634258,7.634258,140.322030
6.069031,0.240686,23.831524,5.757783,5.757783,149.165671
5.612893,0.232929,20.371387,8.480625,8.480625,132.151385
6.120855,0.238661,28.078535,5.553891,5.553891,146.331688
5.187492,0.240410,17.786037,4.955996,4.955996,133.730912
6.379500,0.248486,21.790632,7.870652,7.870652,143.932643
5.649031,0.240135,19.712432,7.040974,7.040974,144.243683
6.070495,0.266481,23.174021,9.190745,9.190745,144.833366
6.211149,0.226444,23.742211,9.935890,9.935890,152.085252
6.269694,0.239037,25.771716,9.861149,9.861149,149.678277
6.376155,0.252618,22.934967,11.057343,11.057343,146.646395
6.178454,0.240554,27.973465,9.408816,9.408816,152.247313
6.058661,0.209311,26.965132,9.290304,9.290304,151.934440
6.444175,0.211764,26.898137,8.833393,8.833393,153.210371
5.968395,0.183314,23.815326,9.693752,9.693752,147.082422
7.870733,0.217401,27.637655,9.346521,9.346521,157.106333
6.763535,0.172760,23.801109,9.868591,9.868591,162.602256
6.141608,0.130855,24.302735,10.326687,10.326687,147.844851
6.461159,0.152638,25.686449,10.502460,10.502460,151.116880
6.365967,0.147290,24.764742,7.243509,7.243509,150.778235
8.162667,0.194239,27.428915,8.059663,8.059663,157.033805
8.230808,0.129699,24.643655,6.940717,6.940717,154.106012
6.789550,0.142394,25.331679,9.897976,9.897976,155.905317
9.519094,0.193615,30.144634,7.363758,7.363758,167.802750
8.566988,0.179384,28.927066,9.816807,9.816807,165.145131
6.828712,0.113066,25.392796,9.468293,9.468293,150.298271
7.162586,0.122626,24.954864,10.415135,10.415135,151.050165
7.190770,0.116439,24.799212,11.592215,11.592215,155.511778
7.254797,0.119984,26.493394,9.720430,9.720430,161.441917
7.942425,0.115723,26.274765,10.762717,10.762717,170.668165
7.040403,0.127111,29.122756,8.629144,8.629144,166.554753
7.552045,0.104076,34.431283,12.869131,12.869131,182.366104
6.651178,0.154984,28.390016,12.032604,12.032604,158.067237
6.856959,0.128272,30.803137,9.341323,9.341323,163.163876
8.386954,0.268974,33.182586,10.209428,10.209428,164.795339
7.397006,0.193326,24.505858,10.595524,10.595524,154.990056
6.033491,0.151198,21.967848,13.936638,13.936638,151.621246
6.086581,0.200830,22.032732,12.666624,12.666624,149.573186
5.611384,0.195180,20.629233,14.052308,14.052308,157.664248
5.309519,0.241465,20.380878,10.063013,10.063013,153.225032
4.855776,0.261804,18.680273,11.011412,11.011412,144.682583
4.804278,0.271603,18.367633,7.114721,7.114721,137.722097
4.585293,0.253297,16.765097,9.666008,9.666008,140.903191
4.756150,0.214597,19.397132,13.147001,13.147001,150.827911
5.381528,0.180636,22.321757,10.994477,10.994477,151.538829
5.405088,0.179738,24.629000,10.417186,10.417186,151.603877
5.637619,0.188466,22.113944,10.370733,10.370733,147.632250
6.265674,0.148454,25.295391,8.763032,8.763032,166.139837
6.671887,0.162555,26.475998,9.238462,9.238462,161.503146
8.721960,0.180721,28.453089,11.298968,11.298968,169.107094
8.780792,0.213983,33.159902,16.643091,16.643091,195.994825
12.638269,0.224189,43.415684,12.357608,12.357608,207.304152
7.085949,0.114466,27.133437,10.369218,10.369218,174.022280
14.271008,0.276011,34.331016,14.291515,14.291515,195.038710
7.083448,0.122051,26.730761,10.897918,10.897918,165.223046
8.398081,0.134787,36.708767,14.792130,14.792130,199.811126
12.952455,0.138993,43.164885,9.395679,9.395679,204.320602
15.538069,0.225932,48.129573,10.209893,10.209893,206.297974
12.577781,0.185719,40.896388,10.414408,10.414408,200.204221
7.501406,0.119275,26.966013,9.006879,9.006879,172.547290
9.072216,0.110165,23.291931,11.867836,11.867836,169.401372
8.974602,0.121878,22.250767,7.195064,7.195064,163.978270
7.717107,0.081721,27.467092,8.741424,8.741424,167.097791
10.028341,0.190909,37.177539,10.718954,10.718954,193.737874
9.072199,0.130402,41.862543,9.262610,9.262610,192.491725
17.156606,0.196440,61.135525,11.689992,11.689992,243.715911
10.078714,0.116499,32.006020,9.089796,9.089796,190.887085
11.225700,0.116867,32.108777,10.361493,10.361493,191.456891
17.983798,0.217288,61.427048,11.842282,11.842282,224.854451
8.587475,0.113104,28.901576,10.610495,10.610495,193.947596
13.293420,0.157999,52.928265,10.819139,10.819139,208.490149
9.505385,0.116263,30.999484,10.591492,10.591492,190.607844
12.103772,0.111709,31.905027,12.297354,12.297354,192.288931
12.135584,0.123357,32.328078,9.455838,9.455838,174.656614
15.294641,0.152622,34.319331,12.115205,12.115205,188.642404
10.686112,0.105399,27.755856,12.613064,12.613064,194.529285
10.538253,0.099364,25.965136,11.576274,11.576274,173.860844
23.896012,0.236215,64.079462,11.581372,11.581372,247.660620
9.134598,0.096959,34.125026,9.202546,9.202546,197.711446
12.644752,0.135590,32.737668,11.380503,11.380503,182.568222
12.562332,0.116157,47.176353,10.165568,10.165568,211.847153
25.343070,0.181202,41.332312,11.242196,11.242196,215.063528
16.241622,0.137964,35.162570,9.243269,9.243269,206.596720
9.686162,0.114024,23.493426,13.274931,13.274931,195.050270
10.565275,0.105690,22.175200,13.572614,13.572614,174.554628
12.118800,0.125833,26.358330,12.666790,12.666790,197.510933
9.834693,0.111780,22.642504,9.550858,9.550858,173.402476
9.260796,0.106124,25.847107,12.242575,12.242575,188.348654
10.266252,0.104013,22.771164,12.884877,12.884877,190.610383
9.675889,0.100074,25.006461,17.850391,17.850391,194.102013
21.107342,0.190863,47.970599,9.976135,9.976135,220.636048
8.579931,0.076610,18.564443,11.662536,11.662536,157.245085
14.477093,0.087941,30.324088,10.610508,10.610508,181.702769
8.645470,0.076775,20.339401,14.420121,14.420121,160.040356
5.848514,0.051667,12.891837,9.096088,9.096088,81.406421
6.098124,0.086279,13.377724,9.276048,9.276048,77.857629
6.590875,0.074311,14.801715,8.459400,8.459400,125.098133
6.057030,0.052142,11.967553,9.136432,9.136432,76.591393
12.881146,0.142899,37.175474,12.559847,12.559847,132.960660
9.973929,0.072306,27.564350,8.742927,8.742927,110.337524
8.860245,0.079451,15.115770,10.222283,10.222283,94.144896
12.877697,0.058929,29.205837,12.050243,12.050243,109.198444
13.325467,0.045128,31.300331,8.782024,8.782024,166.053146
