#Stereo rect[ms], MP culling[ms], MP creation[ms], LBA[ms], KF culling[ms], Total[ms]
9.148529,0.035649,0.375204,0.015457,0.015457,9.586295
9.349139,0.113409,1.075118,0.004064,0.004064,10.545986
9.102704,0.211203,5.708038,0.245763,0.245763,26.026817
9.305074,0.269636,14.243727,0.477734,0.477734,48.194418
11.052008,0.387685,15.022713,0.829611,0.829611,62.729573
11.766705,0.383653,16.872751,1.071534,1.071534,68.228265
12.247319,0.431686,24.621903,0.968236,0.968236,82.749148
10.053724,0.328996,22.072976,1.488275,1.488275,79.870169
11.596879,0.238371,23.202238,1.051021,1.051021,81.143368
10.541058,0.200258,25.318360,69.047955,69.047955,161.643848
14.638293,0.276195,33.351867,1.615700,1.615700,93.956102
12.627484,0.266851,25.222871,1.065901,1.065901,89.209996
12.937567,0.341092,27.746998,1.362960,1.362960,91.679561
11.225322,0.280228,33.607134,1.661492,1.661492,132.829733
18.901225,0.418118,37.344620,1.735637,1.735637,128.694898
18.993098,0.309636,38.762782,1.967385,1.967385,130.830445
18.546597,0.378213,42.577708,2.080762,2.080762,139.964381
18.284929,0.205219,40.056750,2.107418,2.107418,137.854371
18.741767,0.317860,36.362848,2.249723,2.249723,138.776398
19.418159,0.365605,49.174462,2.640608,2.640608,159.891314
14.971256,0.190563,41.034650,2.478430,2.478430,153.943561
13.753162,0.208162,34.519306,3.737742,3.737742,152.030674
12.630620,0.241314,31.013727,3.826639,3.826639,138.131686
13.397253,0.275747,33.856033,3.516299,3.516299,152.096594
21.471753,0.382597,47.230758,3.901840,3.901840,183.201266
15.417374,0.316740,38.591067,3.383177,3.383177,152.536663
11.494702,0.177730,28.888772,3.425546,3.425546,239.581353
13.958476,0.359205,33.658142,3.608524,3.608524,153.945961
11.371308,0.197730,27.087342,3.730510,3.730510,129.750270
14.212176,0.235299,35.016783,3.384394,3.384394,162.008141
10.636835,0.193859,25.320280,3.334665,3.334665,133.883058
14.197871,0.249828,34.263814,3.391114,3.391114,139.149683
15.810723,0.244355,37.952948,3.736974,3.736974,146.945203
14.821943,0.244803,36.298335,3.526603,3.526603,145.991207
23.316800,0.409893,50.292203,3.863856,3.863856,190.272841
23.154621,0.404101,62.329473,3.478859,3.478859,191.583385
16.410986,0.318180,43.433975,3.045605,3.045605,177.500811
15.382013,0.320900,40.637461,3.208711,3.208711,175.498130
15.616864,0.326820,39.082242,4.800859,4.800859,179.410562
13.855498,0.289860,35.680984,2.746434,2.746434,156.821164
13.847371,0.233539,32.829589,6.364430,6.364430,168.700671
14.589971,0.172323,33.903233,2.798883,2.798883,149.649268
17.372150,0.193506,46.079928,3.005157,3.005157,171.753188
16.755566,0.145634,46.589406,4.210196,4.210196,188.589108
16.062470,0.198786,33.149529,4.182100,4.182100,162.357521
16.511596,0.164226,45.127340,5.151487,5.151487,171.092061
9.720120,0.045025,0.522022,0.006144,0.006144,10.296767
9.078512,0.078753,0.457157,0.002592,0.002592,9.618966
9.701399,0.213443,1.721269,0.272740,0.272740,24.480910
10.127165,0.243523,6.827220,0.657544,0.657544,35.125009
10.673571,0.255555,14.888088,0.982860,0.982860,66.405266
10.005595,0.363205,14.199983,0.922028,0.922028,62.787302
12.476250,0.399621,22.284338,1.369008,1.369008,80.713091
13.154723,0.538950,28.014457,1.453905,1.453905,94.206825
13.825258,0.475622,31.830025,1.631412,1.631412,121.776253
9.559766,0.390309,28.271644,56.627546,56.627546,150.031705
14.331376,0.469030,36.021660,1.686805,1.686805,100.836026
15.050138,0.485158,43.646842,1.622644,1.622644,134.601787
15.817827,0.588040,43.009842,1.771702,1.771702,129.937378
16.087910,0.463109,41.159068,2.142331,2.142331,127.562500
16.521611,0.546055,38.365913,2.252507,2.252507,138.893071
11.028264,0.435109,31.841993,2.486207,2.486207,122.347556
10.667363,0.486502,32.036267,2.698433,2.698433,141.320461
12.308312,0.426277,32.032011,2.645504,2.645504,132.766276
16.682061,0.583752,49.267871,3.196296,3.196296,180.613874
16.897969,0.498950,41.310045,3.437226,3.437226,168.940322
17.992638,0.557606,45.532082,3.743022,3.743022,187.230851
16.823919,0.507718,41.151484,4.587448,4.587448,188.858775
13.011552,0.444966,34.566666,5.099103,5.099103,197.673860
11.102633,0.411557,29.181063,5.104574,5.104574,369.111365
8.835693,0.352036,23.950023,5.110847,5.110847,143.510152
14.983641,0.559078,45.791413,4.478775,4.478775,194.819841
13.475654,0.539879,35.419380,5.455652,5.455652,163.157307
15.569696,0.478310,45.538193,4.945565,4.945565,195.362407
13.451717,0.469030,35.013072,3.441930,3.441930,162.735029
15.618497,0.521062,45.159213,4.065746,4.065746,189.959589
8.486473,0.276099,20.849825,6.470704,6.470704,152.299381
8.428104,0.321348,20.260313,3.602764,3.602764,150.539903
8.453032,0.287268,21.106980,4.958077,4.958077,159.937491
7.929666,0.293283,19.574834,3.749838,3.749838,153.794023
8.113540,0.300772,20.656447,4.810555,4.810555,162.345233
8.137444,0.287652,20.492220,3.959921,3.959921,161.700585
10.332383,0.415942,30.176116,3.704333,3.704333,190.135015
10.827622,0.342916,27.828695,6.865876,6.865876,196.156018
10.297951,0.350212,25.633084,5.087934,5.087934,182.290982
14.418866,0.394085,36.860006,3.562380,3.562380,209.924283
13.338244,0.385349,35.561782,4.989437,4.989437,214.919448
11.739697,0.389893,33.202713,3.727758,3.727758,197.747717
9.864122,0.330596,24.904595,5.336738,5.336738,202.847012
10.833093,0.325540,28.148347,4.130131,4.130131,201.201679
11.326859,0.352965,30.025938,5.591204,5.591204,209.884794
10.167741,0.348869,27.032589,4.316469,4.316469,204.985342
10.540098,0.347044,28.811107,4.542744,4.542744,208.908654
10.197085,0.338372,27.055214,5.670534,5.670534,209.963835
10.516546,0.338884,29.270857,4.589752,4.589752,205.898185
11.438029,0.377189,30.291093,3.600108,3.600108,204.576121
11.417037,0.367140,31.239009,6.152268,6.152268,239.523368
12.264696,0.406853,34.337351,4.864187,4.864187,206.189902
9.289202,0.331492,25.759646,6.784243,6.784243,203.893712
10.035932,0.326564,27.358353,8.487400,8.487400,204.249365
11.063848,0.398917,31.378403,6.482800,6.482800,202.370366
10.228158,0.363044,28.781699,5.276001,5.276001,203.233288
10.763652,0.380069,29.027014,5.408803,5.408803,206.203277
12.120021,0.427334,31.956073,6.865588,6.865588,198.747889
9.884922,0.422981,27.916152,7.133624,7.133624,203.305354
10.307583,0.443749,27.775126,7.919458,7.919458,206.211053
17.634617,0.617512,49.195710,7.019830,7.019830,234.219910
16.952689,0.885675,44.872425,5.684006,5.684006,223.370433
9.268882,0.461350,25.572891,7.466972,7.466972,200.297381
11.812850,0.533990,32.378479,8.918862,8.918862,219.112396
9.349555,0.501159,24.964979,10.365600,10.365600,187.012289
12.218902,0.574855,33.495645,5.157567,5.157567,201.925848
11.484686,0.543974,31.181729,8.198821,8.198821,208.651020
19.394159,0.716585,50.420557,11.252170,11.252170,229.107623
9.675383,0.434950,25.584027,9.979067,9.979067,194.495965
10.043292,0.454278,28.548255,8.229989,8.229989,201.241072
18.619910,0.657096,49.139965,9.804760,9.804760,223.975688
19.469104,0.711304,45.179149,7.409147,7.409147,705.281523
18.347875,1.141070,51.374457,12.392248,12.392248,234.665388
19.530768,0.733481,56.210197,7.820096,7.820096,234.154853
18.653254,0.628135,52.244228,8.234182,8.234182,230.308278
19.291309,0.710345,48.903067,8.385575,8.385575,238.288088
19.425264,0.652936,44.386787,8.934095,8.934095,224.447951
11.455789,0.479750,31.194656,10.410304,10.410304,204.629049
19.851413,0.662248,46.101528,8.783885,8.783885,240.773368
20.078424,0.657384,43.563961,8.752972,8.752972,228.560897
13.512934,0.469030,34.014947,9.850010,9.850010,213.879404
20.209273,0.655528,47.838286,9.527957,9.527957,234.760557
20.334331,0.702952,49.805318,11.458030,11.458030,239.647722
20.550590,0.669416,48.281011,9.875162,9.875162,238.200632
19.856725,0.678568,53.004173,11.924915,11.924915,272.132634
11.496558,0.496614,30.457207,10.526785,10.526785,212.476858
19.138283,0.653737,44.694694,10.343167,10.343167,236.580771
12.193271,0.552774,33.334427,9.862201,9.862201,216.738639
9.020912,0.439429,25.011156,13.674056,13.674056,207.218010
9.178418,0.463493,25.704989,13.709929,13.709929,211.371661
8.728588,0.502630,26.085409,15.394365,15.394365,210.342496
8.556394,0.461765,25.750718,11.167497,11.167497,204.399319
9.044656,0.533574,27.517523,14.021389,14.021389,210.482306
8.605002,0.476390,26.149859,11.751249,11.751249,210.611076
8.905710,0.592455,25.296440,17.783676,17.783676,209.635832
8.207589,0.480262,24.473261,10.947271,10.947271,203.143719
8.030115,0.421925,25.414969,8.561193,8.561193,203.863217
8.507016,0.532199,26.460134,13.910540,13.910540,204.576601
7.596606,0.554983,22.506069,11.887699,11.887699,195.503274
7.530620,0.649416,22.504694,11.880242,11.880242,201.458866
7.256570,0.596423,22.354452,10.792453,10.792453,197.409473
7.352251,0.496230,21.340647,13.117506,13.117506,200.412998
7.202809,0.469094,22.478677,12.265175,12.265175,207.606367
13.955532,0.771786,51.786558,10.628707,10.628707,260.363369
10.414433,0.554567,34.293830,12.223414,12.223414,218.849449
14.410289,0.694793,44.061631,10.064476,10.064476,234.432041
14.679541,0.690313,44.428483,9.629655,9.629655,237.931253
10.387456,0.556871,29.467883,17.958174,17.958174,221.576939
7.984579,0.500582,22.371732,10.086045,10.086045,205.314275
8.006531,0.501830,23.814822,10.129469,10.129469,205.924970
15.089882,0.714697,41.835300,10.652099,10.652099,238.768255
9.883929,0.553415,29.538380,10.339999,10.339999,216.886544
14.252656,0.604455,34.388456,8.670506,8.670506,230.299542
15.490622,0.727209,52.153411,10.590787,10.590787,273.947120
9.372979,0.496806,30.654842,10.803877,10.803877,216.534540
8.471881,0.531366,26.544839,10.991975,10.991975,209.370004
8.440456,0.487622,25.399193,11.313260,11.313260,205.785032
8.642795,0.447397,25.572220,12.639836,12.639836,205.642695
8.153604,0.366757,25.404665,10.510433,10.510433,202.982085
8.383175,0.394597,25.658364,11.034408,11.034408,199.924224
8.180101,0.382116,26.369637,7.850560,7.850560,206.325775
7.750816,0.420549,25.350040,11.045672,11.045672,202.675170
7.756479,0.494950,25.650716,10.287519,10.287519,198.565967
8.194181,0.479334,26.436422,10.554338,10.554338,202.822179
7.869345,0.430725,27.677397,10.434944,10.434944,202.574272
7.832960,0.532327,26.093921,10.382400,10.382400,185.485998
8.500360,0.427334,28.690625,10.150621,10.150621,205.071551
9.213617,0.578375,49.466754,10.205022,10.205022,217.930302
8.996879,0.739177,51.705917,11.938868,11.938868,216.789328
14.033389,0.785097,56.695387,7.038647,7.038647,222.311540
13.718729,0.812458,57.941194,9.975515,9.975515,223.185855
14.148686,1.050701,60.317543,11.914611,11.914611,229.948306
14.841175,0.972460,60.678508,12.519291,12.519291,231.807913
14.997880,0.885355,60.307175,10.798565,10.798565,231.447460
14.225648,0.655720,43.055986,11.256651,11.256651,224.475375
17.019730,0.721897,62.692453,10.666563,10.666563,236.752710
17.387959,0.704168,58.163309,10.904135,10.904135,232.593971
11.551374,0.514982,45.643539,8.004419,8.004419,213.722250
9.200978,0.441477,29.702382,8.686987,8.686987,201.070190
16.503403,0.787018,47.916815,8.681995,8.681995,225.727678
13.708905,0.647848,42.440395,10.722308,10.722308,218.497573
10.864806,0.667113,34.024355,10.939686,10.939686,205.858857
15.699106,0.896779,54.999814,6.007210,6.007210,236.241568
12.182807,0.760265,45.431920,10.287391,10.287391,223.912936
10.046492,0.773641,40.055790,11.032808,11.032808,217.772668
9.566486,0.664968,35.286995,10.735140,10.735140,209.752633
8.652330,0.595208,26.482310,11.042088,11.042088,211.453230
8.171269,0.470022,27.246767,6.771988,6.771988,204.591226
8.178052,0.499111,27.571443,12.008628,12.008628,202.902468
8.595210,0.556070,28.846116,7.905922,7.905922,205.542341
7.645151,0.525126,27.862231,10.396736,10.396736,200.644105
7.811072,0.515815,24.892370,5.376579,5.376579,209.083729
7.713759,0.564743,25.118454,5.644038,5.644038,205.112320
13.895723,0.798730,50.706321,6.756052,6.756052,258.399473
14.411954,0.947500,47.264550,6.105644,6.105644,262.192192
9.982811,0.845194,43.108020,6.569457,6.569457,271.978456
12.140886,0.803466,35.453589,4.859868,4.859868,231.517126
14.487730,0.961100,42.778607,5.408514,5.408514,256.300950
8.944558,0.563399,28.054298,5.665126,5.665126,220.033944
8.112804,0.459749,25.478458,7.247993,7.247993,218.281250
7.847745,0.448805,24.410573,7.562109,7.562109,261.694841
8.071556,0.511270,27.766870,7.164568,7.164568,222.223667
12.704797,0.636679,43.128436,7.645598,7.645598,262.489795
8.117796,0.445606,27.714613,7.894881,7.894881,228.831716
12.274360,0.597159,41.553600,12.802910,12.802910,267.815781
9.023471,0.468998,34.888270,9.620279,9.620279,237.700466
11.329739,0.493958,41.494112,7.716575,7.716575,246.050552
11.190826,0.488518,40.328945,10.124413,10.124413,257.619431
9.421524,0.369029,33.746559,6.928054,6.928054,228.143196
12.868031,0.456069,48.157170,6.853396,6.853396,235.241491
11.941555,0.411301,43.973118,10.582466,10.582466,231.598150
14.171822,0.425413,47.856750,6.988982,6.988982,238.658493
13.884907,0.396965,48.931131,11.126249,11.126249,238.714558
11.665456,0.350533,46.131192,7.683839,7.683839,230.337111
12.033109,0.333572,48.096529,7.348250,7.348250,239.182084
9.131633,0.408037,37.277227,8.468424,8.468424,220.968771
6.525008,0.333220,25.774654,11.134761,11.134761,204.941277
6.450095,0.349540,23.800838,12.655196,12.655196,212.028181
14.351377,0.457285,55.262058,10.556707,10.556707,262.783015
14.426162,0.449157,49.931527,7.718399,7.718399,276.910101
17.841276,0.441061,66.397394,14.227759,14.227759,268.779056
8.813837,0.301316,29.197255,8.999982,8.999982,211.477135
9.512021,0.256035,32.718420,9.111728,9.111728,206.210477
8.822093,0.223075,30.881181,9.669143,9.669143,206.422224
8.760012,0.267203,30.779356,8.844333,8.844333,205.754184
8.531786,0.232258,28.265437,14.640245,14.640245,213.912301
8.253798,0.289283,26.228259,12.419769,12.419769,201.090382
9.328723,0.221283,28.675457,10.923719,10.923719,206.743316
9.661431,0.227427,30.574105,8.100676,8.100676,206.896086
9.614135,0.226403,32.093291,11.310348,11.310348,208.635404
8.702603,0.229507,28.499935,10.806501,10.806501,196.284947
19.386063,0.320708,71.076556,11.883379,11.883379,264.621181
19.964598,0.379620,57.449253,8.591594,8.591594,252.043266
10.924038,0.451270,34.954255,12.808766,12.808766,210.365664
8.469736,0.343429,25.008884,7.759168,7.759168,195.323623
10.413249,0.293571,31.609094,10.499681,10.499681,199.855295
11.498382,0.248483,44.288290,12.071989,12.071989,221.996592
10.344063,0.287876,34.907022,11.394732,11.394732,197.293055
18.592261,0.317764,55.185704,11.515342,11.515342,235.042928
20.139960,0.309092,49.561794,11.592143,11.592143,222.701880
10.923911,0.294212,40.062573,10.564642,10.564642,204.363447
11.018120,0.294787,31.912042,13.195522,13.195522,203.022214
22.196625,0.426438,51.567515,8.781036,8.781036,225.727998
15.998597,0.389381,42.903953,13.112897,13.112897,214.092431
10.516226,0.282980,33.215193,12.289207,12.289207,198.135946
11.617103,0.286820,33.342363,12.431193,12.431193,198.880403
12.152246,0.251139,33.363323,10.964103,10.964103,201.273745
12.267767,0.269796,32.813076,15.780578,15.780578,187.377157
15.438142,0.356388,40.856472,12.607547,12.607547,207.952002
10.636131,0.286883,29.957522,13.486375,13.486375,182.067844
14.011821,0.377764,39.979661,12.765117,12.765117,207.816289
10.217310,0.279075,30.935006,16.606540,16.606540,183.317267
10.976008,0.274595,36.042460,9.749144,9.749144,194.705600
10.392288,0.254403,32.878357,11.991124,11.991124,184.007740
13.092066,0.244515,38.171414,16.559660,16.559660,195.091429
10.295519,0.271780,34.677387,11.448461,11.448461,194.043768
10.675620,0.304772,35.204722,13.174498,13.174498,196.004016
11.472173,0.291396,33.054135,11.943507,11.943507,187.397573
13.623784,0.436997,40.087982,11.073352,11.073352,196.468693
13.631432,0.405829,42.216328,14.845463,14.845463,199.684605
12.339512,0.406981,34.867950,14.266352,14.266352,194.986083
11.590735,0.358692,30.669306,11.768785,11.768785,196.787705
13.495815,0.346756,38.486330,16.732526,16.732526,202.250205
12.695580,0.393189,32.124460,11.906834,11.906834,204.747675
21.697164,0.548198,49.892583,21.331303,21.331303,229.052391
22.512373,0.548999,54.965350,11.947923,11.947923,231.256418
20.526876,0.636840,57.670055,16.721550,16.721550,235.377172
17.353590,0.619944,43.454071,13.713481,13.713481,212.557852
18.447683,0.613928,52.170595,18.663078,18.663078,227.930553
19.221389,0.754953,52.622377,17.272213,17.272213,229.426252
18.663751,0.661704,53.328721,15.603904,15.603904,229.598222
19.493968,0.718601,49.671460,15.780387,15.780387,224.758290
18.606757,0.639464,48.916507,12.470714,12.470714,221.707372
18.434403,0.508934,56.040499,16.331818,16.331818,234.243303
18.470819,0.538215,53.886968,13.173091,13.173091,229.534893
18.958281,0.576487,56.042931,13.615208,13.615208,233.221786
19.588273,0.582439,56.305654,12.750493,12.750493,256.888766
21.432328,0.564583,55.510828,15.778179,15.778179,260.621036
22.052944,0.534054,53.581909,17.295797,17.295797,260.558155
12.553563,0.377765,33.838593,19.692307,19.692307,211.435438
11.350668,0.350980,31.186177,21.574794,21.574794,210.447970
11.356652,0.436805,29.899345,18.217985,18.217985,209.472054
10.113244,0.456582,28.336381,17.619449,17.619449,201.667125
9.642775,0.412229,27.372689,19.742483,19.742483,268.752560
8.797100,0.427813,25.463322,13.517734,13.517734,204.202644
9.590262,0.505254,29.571148,17.916509,17.916509,202.145979
8.486569,0.483462,25.953728,15.417854,15.417854,210.714501
8.830093,0.523622,26.171267,15.730626,15.730626,203.657838
8.733996,0.486310,25.978336,18.300577,18.300577,209.780314
9.121585,0.498086,27.598004,24.106505,24.106505,211.601552
8.564041,0.576072,25.789405,13.729514,13.729514,208.831470
8.456265,0.507910,37.886931,22.062096,22.062096,214.618710
8.407847,0.455206,37.098729,21.700044,21.700044,214.617365
8.647083,0.512518,37.407949,13.659080,13.659080,210.633924
8.716747,0.463782,38.695485,13.776906,13.776906,217.619738
9.097872,0.451398,34.761100,14.909752,14.909752,212.740638
9.206290,0.392420,34.363656,14.137774,14.137774,215.330334
9.358963,0.438726,34.173157,14.430353,14.430353,219.696403
9.465972,0.406501,33.751872,21.723244,21.723244,226.079746
9.583414,0.414181,34.130021,19.405456,19.405456,224.010345
9.167089,0.434661,30.401527,17.751739,17.751739,215.641090
8.812269,0.398053,28.100218,18.162879,18.162879,213.227460
9.205330,0.465829,29.486604,15.368605,15.368605,210.143966
8.989230,0.421126,29.206120,18.574501,18.574501,215.591745
9.101968,0.402245,29.578092,10.952231,10.952231,216.894193
9.288850,0.434661,32.032619,17.828540,17.828540,223.798406
9.529269,0.460006,29.991346,21.974479,21.974479,232.433713
9.437173,0.536838,30.345622,17.996862,17.996862,227.745079
9.466837,0.503622,31.816840,23.344832,23.344832,231.743945
12.498266,0.518215,43.739579,19.500529,19.500529,239.780972
12.280088,0.553478,42.833520,15.749538,15.749538,170.772665
15.292924,0.511463,48.256658,17.061138,17.061138,251.799935
17.376182,0.706249,53.978169,18.128864,18.128864,286.163623
18.069695,0.742153,55.476716,18.632262,18.632262,278.360711
12.644828,0.613768,50.416685,19.969750,19.969750,266.360435
9.923803,0.413029,34.648203,19.237742,19.237742,232.482034
13.133282,0.561575,43.910973,19.870421,19.870421,245.790582
13.039744,0.517767,41.219740,20.270074,20.270074,241.649410
12.834142,0.553671,39.673321,22.537686,22.537686,246.207067
15.540192,0.615463,45.475089,18.909065,18.909065,249.471555
19.370414,0.687401,57.870121,15.771011,15.771011,293.337727
17.363478,0.574695,49.956840,15.423902,15.423902,261.228084
19.816661,0.653736,61.563286,22.019535,22.019535,288.780903
10.895558,0.514407,36.804709,15.805955,15.805955,241.202589
10.577762,0.521894,35.339732,22.000496,22.000496,242.846801
10.539778,0.513094,36.289280,14.796343,14.796343,240.717943
14.730133,0.492870,47.032164,17.917405,17.917405,281.544334
20.722623,0.737609,70.575622,20.527933,20.527933,301.629541
20.304122,0.750441,62.767782,21.565514,21.565514,293.536354
10.441953,0.506150,35.683192,11.936467,11.936467,248.764346
12.788510,0.612712,41.387678,13.888683,13.888683,259.846499
12.414713,0.536487,39.579528,18.663686,18.663686,252.935982
13.589128,0.683752,42.131848,20.810241,20.810241,257.145090
14.182222,0.692329,45.678803,19.457616,19.457616,275.174367
11.455533,0.642248,34.523369,21.452424,21.452424,244.272578
10.603810,0.625256,34.757388,25.323640,25.323640,247.227975
12.226775,0.635656,36.312831,24.653328,24.653328,248.061169
13.470022,0.634984,46.156409,22.680439,22.680439,267.452768
14.507795,0.760521,58.759028,21.571018,21.571018,279.602934
22.208434,0.801002,55.876529,21.173413,21.173413,281.928051
22.227442,0.748841,60.760205,20.509117,20.509117,289.095051
22.883546,0.651144,52.530888,19.870613,19.870613,274.169875
23.050204,0.747593,71.101516,18.559685,18.559685,287.017681
18.599941,0.490758,57.648423,20.512893,20.512893,271.314640
24.469006,0.662696,69.018547,21.204869,21.204869,294.118153
24.230891,0.652424,70.323139,14.942520,14.942520,299.382058
25.281623,0.650152,78.093827,15.759170,15.759170,304.977966
16.085031,0.519846,53.658965,15.546944,15.546944,288.661766
16.981489,0.561735,51.882720,17.865980,17.865980,277.902593
14.365777,0.446437,48.081873,19.052810,19.052810,266.931865
12.297528,0.418821,39.070850,19.470736,19.470736,271.871735
10.683396,0.436837,41.548449,21.812397,21.812397,269.429145
8.516968,0.477734,27.200496,24.949684,24.949684,246.121273
10.583267,0.638920,38.723997,24.400429,24.400429,274.769115
8.287238,0.500903,33.240473,19.787412,19.787412,246.200219
9.458036,0.483302,42.313642,20.354395,20.354395,270.926539
9.123185,0.429605,36.391905,32.249198,32.249198,260.165063
10.071100,0.508198,37.606480,25.441881,25.441881,280.792228
14.430226,0.729225,49.478530,19.513297,19.513297,277.523165
18.353506,0.969388,68.416524,13.468966,13.468966,305.397460
19.324590,0.716233,62.223071,18.736167,18.736167,309.830987
20.779456,0.749897,70.171329,19.623666,19.623666,323.970713
20.775104,0.641384,60.320903,22.159345,22.159345,313.254261
21.570986,0.501862,63.809138,19.989302,19.989302,323.840567
12.702429,0.335108,44.374979,16.204104,16.204104,294.541071
16.948272,0.424934,52.906060,22.922587,22.922587,314.915881
16.076550,0.410789,49.849383,19.051402,19.051402,311.822851
18.484451,0.425414,53.629109,24.003976,24.003976,320.199370
15.129051,0.452933,52.760554,26.345572,26.345572,323.843447
24.112809,0.654440,71.675315,21.559818,21.559818,374.948493
12.464089,0.443142,40.194415,26.838123,26.838123,314.178144
24.619408,0.621479,70.212258,26.972077,26.972077,352.982335
25.274167,0.758794,68.491436,23.747749,23.747749,341.008683
25.097941,0.644296,71.961623,27.371729,27.371729,366.299874
19.683986,0.525191,50.527727,23.906279,23.906279,315.167660
27.417073,0.628040,67.770307,27.830583,27.830583,337.575456
28.528064,0.552423,68.989298,25.006068,25.006068,339.507929
29.409067,0.431269,68.514701,25.470810,25.470810,337.605153
16.815311,0.339172,45.602386,24.440621,24.440621,302.690290
14.748214,0.304324,39.282308,20.994723,20.994723,300.020530
15.498719,0.298819,41.695138,27.471186,27.471186,306.100476
16.767246,0.309636,53.764887,24.537070,24.537070,314.853192
16.039365,0.255652,48.831609,27.180335,27.180335,322.766602
16.455979,0.279811,46.081720,27.926457,27.926457,332.794854
19.314670,0.350628,59.845794,32.167180,32.167180,338.066886
33.015511,0.537639,82.480664,25.479066,25.479066,370.153298
27.714870,0.374885,67.498335,28.833603,28.833603,345.934824
18.977514,0.346116,50.404749,30.516152,30.516152,328.391279
25.436025,0.409861,54.964358,31.685255,31.685255,325.844880
16.533644,0.348068,41.931749,27.822775,27.822775,302.193197
20.064151,0.285540,44.405475,38.194871,38.194871,308.275224
15.169435,0.274531,37.742705,27.326513,27.326513,284.909783
20.023607,0.252163,42.976370,27.055981,27.055981,292.989211
17.036242,0.229091,34.918382,26.275844,26.275844,281.383852
28.990406,0.256963,61.847130,32.579281,32.579281,335.642665
9.882682,0.237411,24.866578,27.066605,27.066605,166.278113
12.272375,0.153890,25.454681,30.576665,30.576665,249.053437
11.932147,0.332453,26.173570,30.708699,30.708699,241.174301
21.161413,0.234947,51.067381,20.680287,20.680287,283.988332
