1403637147488318976.000000 -0.374484301 -3.705088854 1.664522171 -0.576757967 -0.549121439 -0.401159108 0.452644795
1403637149938319104.000000 -0.364738882 -3.708800077 1.665273905 -0.574427545 -0.586305559 -0.368939102 0.436076671
1403637150938319104.000000 -0.214155197 -3.491978407 1.886676550 -0.574036419 -0.579599380 -0.406753987 0.411215216
1403637153738319104.000000 0.216786623 -2.890637398 2.245508671 -0.570271611 -0.589955091 -0.397541612 0.410736054
1403637156488318976.000000 0.981824279 -1.870528817 2.100928783 -0.733605266 -0.357244104 -0.494583905 0.299310446
1403637159188318976.000000 3.452440500 -2.336075306 1.835073113 -0.798600435 -0.192180708 -0.545500040 0.166534290
1403637160538319104.000000 4.997237682 -3.252605438 1.642784595 -0.815638483 -0.068618789 -0.570903659 0.063987538
1403637163388318976.000000 7.021672249 -5.850231647 1.704041123 0.759000540 -0.207892850 0.601763666 0.136305660
1403637165088318976.000000 5.370373249 -8.119246483 1.791132927 0.755534828 -0.284952849 0.560186923 0.184823468
1403637168038319104.000000 4.035901070 -9.021328926 1.525521517 0.786615849 -0.268896133 0.518102229 0.201247633
1403637170638319104.000000 6.069335938 -5.049491882 0.892442644 -0.770069659 -0.093791433 -0.627901435 0.062734649
1403637172038319104.000000 5.309736729 -2.802741289 0.743845820 -0.723923504 -0.279811293 -0.603938878 0.181379065
1403637173888318976.000000 3.278704882 -2.080742598 0.645773113 -0.852007627 -0.015390869 -0.508577466 0.123268023
1403637174038319104.000000 3.304019451 -2.158263206 0.608946681 -0.855030954 -0.017823661 -0.511320889 0.084590249
1403637174238319104.000000 3.393900871 -2.288780212 0.622653246 -0.820059896 -0.025965571 -0.569106817 0.054268099
1403637174538319104.000000 3.532751799 -2.512201548 0.691480935 -0.804277956 0.000670203 -0.588771224 0.080530308
1403637177338319104.000000 2.239556789 -6.526536465 0.834909618 0.838386953 -0.167743549 0.513688028 0.071373560
1403637180188318976.000000 4.080702305 -8.142292976 0.387109250 0.779096305 -0.220353544 0.553593814 0.194902927
1403637180388318976.000000 4.280314922 -7.964212418 0.311111867 0.782677829 -0.232529536 0.550600231 0.173738033
1403637182538319104.000000 6.613204002 -5.193435669 0.972541392 0.740921438 -0.255300045 0.594109893 0.181358352
1403637182738319104.000000 6.718847275 -4.873695374 1.067567110 0.741416514 -0.250414610 0.594591856 0.184539035
1403637183988318976.000000 6.160355568 -2.970720053 1.016676426 0.737181187 -0.309032112 0.591361821 0.106557056
1403637184288318976.000000 5.683158398 -2.729214907 1.018446922 0.748045623 -0.303581744 0.577585936 0.121080071
1403637185038319104.000000 4.363918304 -2.477868795 0.853243351 0.797946334 -0.282851368 0.511364400 0.147591487
1403637185238319104.000000 4.072567463 -2.492411852 0.865744412 0.800612032 -0.284067810 0.506640792 0.147108734
1403637185438319104.000000 3.822315216 -2.547279358 0.910346448 0.810511351 -0.279924393 0.490976810 0.153803229
1403637185788318976.000000 3.489195824 -2.712957621 1.050956368 0.791404784 -0.271329373 0.520078778 0.171979487
1403637186238319104.000000 3.176993608 -2.966187716 1.175551772 0.778218627 -0.264711887 0.539488673 0.182360783
1403637186638319104.000000 2.957852602 -3.175260067 1.367619872 0.769915342 -0.272582918 0.550083160 0.174176663
1403637187488318976.000000 2.425957441 -3.740052700 1.513532639 0.781868696 -0.300590187 0.519064307 0.169997662
1403637187738319104.000000 2.274704456 -3.981725454 1.496213555 0.784716010 -0.308730632 0.509457946 0.171344429
1403637190488318976.000000 1.508572459 -7.287273407 1.013965368 0.727487683 -0.356695294 0.533570945 0.242553577
1403637192288318976.000000 0.817247450 -8.510555267 1.213886380 0.774006307 -0.309393287 0.494420469 0.246451542
1403637192538319104.000000 0.836279631 -8.576101303 1.316966653 0.773083091 -0.317031145 0.494881839 0.238591030
1403637192888318976.000000 0.948669314 -8.661819458 1.400822163 0.770036399 -0.327474385 0.499953061 0.223274648
1403637193638319104.000000 1.359378695 -8.972831726 1.610266924 0.764842749 -0.323409259 0.509456158 0.225558296
1403637194038319104.000000 1.655301213 -9.197187424 1.725422144 0.761090219 -0.316088736 0.515684128 0.234306186
1403637194438319104.000000 1.996142864 -9.381387711 1.730831742 0.761737525 -0.319337189 0.513849497 0.231815636
1403637194788318976.000000 2.335872889 -9.520622253 1.797369838 0.766976655 -0.325181425 0.504308224 0.227326080
1403637197638319104.000000 5.363790035 -7.949854851 1.782938480 0.796854496 -0.157123134 0.567640960 0.134606898
1403637199788318976.000000 5.423806667 -2.747004509 2.198965549 -0.744860172 -0.219745696 -0.605567276 0.173734009
1403637199988318976.000000 5.189499855 -2.271028757 2.115110636 -0.717261136 -0.249362200 -0.598462939 0.255337268
1403637200138319104.000000 4.994193554 -1.961271524 2.031089783 -0.686569989 -0.283468753 -0.594797313 0.307381302
1403637200288318976.000000 4.783910275 -1.710342884 1.935974598 -0.671392083 -0.336115420 -0.576837420 0.321741670
1403637200438319104.000000 4.561197281 -1.514908910 1.841499686 -0.677027583 -0.385033637 -0.546583295 0.307619065
1403637203088318976.000000 2.786086798 -1.575691819 1.764201999 -0.743676722 -0.342258275 -0.524075389 0.234838963
1403637205938319104.000000 2.888874054 -2.325986147 1.647819042 -0.736458361 -0.352819860 -0.523920238 0.242187545
1403637208438319104.000000 2.354504347 -2.579616070 1.838106394 -0.747659206 -0.329408079 -0.519852638 0.249498069
1403637210288318976.000000 2.083206892 -2.480082750 1.819165587 -0.772731245 -0.414229661 -0.425975859 0.223259270
1403637212338319104.000000 3.748124123 0.602817953 1.212103605 -0.723594606 -0.367048413 -0.513428152 0.279424369
1403637212488318976.000000 3.910462856 0.803478062 1.230095983 -0.723923862 -0.366456449 -0.514713228 0.276973426
1403637212638319104.000000 4.066021442 0.992400527 1.256082535 -0.732031047 -0.368886501 -0.505342245 0.269596964
1403637212788318976.000000 4.220060825 1.178571463 1.288085938 -0.736137986 -0.372668475 -0.500082016 0.262939453
1403637213188318976.000000 4.627298832 1.684658051 1.386558294 -0.736244857 -0.378849655 -0.496128112 0.261291832
1403637213488318976.000000 4.928073406 2.071993351 1.419628620 -0.731852233 -0.377832562 -0.501003683 0.265763372
1403637213638319104.000000 5.074940681 2.263222218 1.420681357 -0.725127101 -0.384251028 -0.510356247 0.257057309
1403637213838319104.000000 5.254923820 2.516767502 1.400113225 -0.722174287 -0.394804925 -0.512978971 0.243815422
1403637214038319104.000000 5.411569118 2.780428410 1.368362904 -0.717520356 -0.397404581 -0.516492784 0.245905325
1403637214188318976.000000 5.510159969 2.987558126 1.359173179 -0.710164666 -0.398056120 -0.515090644 0.268140197
1403637214488318976.000000 5.663719654 3.391526222 1.388619184 -0.669149876 -0.442552775 -0.516703784 0.299002856
1403637214788318976.000000 5.722936630 3.755045176 1.467815399 -0.618035197 -0.497346491 -0.524503469 0.309152186
1403637214938319104.000000 5.701465130 3.922133207 1.516017556 -0.610497892 -0.505177915 -0.522319794 0.315070868
1403637215238319104.000000 5.552729130 4.215375900 1.574999452 -0.605382979 -0.499508858 -0.525145531 0.328975141
1403637215688318976.000000 5.096945286 4.509098530 1.612065434 -0.571461558 -0.518196225 -0.495445192 0.399297386
1403637215838319104.000000 4.904049873 4.543532848 1.639216661 -0.560862720 -0.551595986 -0.462917060 0.408512920
1403637215988318976.000000 4.701327801 4.553184986 1.681859493 -0.551226079 -0.575724363 -0.433554292 0.420383096
1403637216138319104.000000 4.495387554 4.544498444 1.735735774 -0.540117681 -0.591275990 -0.410147458 0.436399549
1403637216688318976.000000 3.798243046 4.391082764 1.843516707 -0.519605815 -0.585061193 -0.399857074 0.477312952
1403637216938319104.000000 3.530999184 4.228796482 1.862641811 -0.514092028 -0.572912931 -0.416006684 0.484167933
1403637217688318976.000000 3.015921354 3.337711096 1.877810597 -0.531214297 -0.571355343 -0.392522871 0.487124443
1403637217938319104.000000 2.948882341 2.944283247 1.859236717 -0.475424767 -0.616635621 -0.393680155 0.488618225
1403637218188318976.000000 2.892297745 2.486840963 1.867664456 -0.455179989 -0.643821836 -0.365729779 0.494516343
1403637218438319104.000000 2.845166683 1.990633130 1.852663755 -0.447813421 -0.651678145 -0.358153075 0.496492952
1403637218788318976.000000 2.790574551 1.237489939 1.830751777 -0.454138011 -0.655111372 -0.354657501 0.488677591
1403637218988318976.000000 2.756073952 0.788694084 1.790538073 -0.450350314 -0.662180901 -0.365979433 0.474088848
1403637219138319104.000000 2.721968174 0.446016639 1.734092951 -0.448593974 -0.663735926 -0.370321512 0.470191509
1403637219288318976.000000 2.677466631 0.094161488 1.684922099 -0.451734483 -0.663404524 -0.367896438 0.469555765
1403637219438319104.000000 2.624117136 -0.267782152 1.650028467 -0.456522405 -0.663306773 -0.363286883 0.468651414
1403637219588318976.000000 2.561722755 -0.633068502 1.628838539 -0.469149262 -0.671523392 -0.347908527 0.455977112
1403637220738319104.000000 1.865172148 -2.923500538 1.938548207 -0.493953437 -0.658278525 -0.321805716 0.468103051
1403637223338319104.000000 1.204370618 -4.766285896 1.686240792 -0.618641019 -0.553119957 -0.409375429 0.379148304
1403637224738319104.000000 1.199849367 -4.664369106 1.805300474 -0.602963567 -0.546586275 -0.423602283 0.397793472
1403637227588318976.000000 0.602822781 -4.827496052 1.830878615 -0.612874389 -0.550779283 -0.411491781 0.389489025
1403637228038319104.000000 0.566554844 -4.759326935 1.788839817 -0.603577435 -0.544212818 -0.427184075 0.396283269
1403637228238319104.000000 0.559023023 -4.732240677 1.756913543 -0.596864700 -0.543172896 -0.433390588 0.401108801
1403637229988318976.000000 0.373464853 -4.905022621 1.645659208 -0.694360971 -0.437193841 -0.481378049 0.308219939
1403637230388318976.000000 0.391109526 -4.922667027 1.587055922 -0.737315953 -0.373743922 -0.501229048 0.255832136
1403637231038319104.000000 0.408961445 -4.912777901 1.685741186 -0.784760356 -0.270463794 -0.517372429 0.208149791
1403637231238319104.000000 0.432433933 -4.925377846 1.680416226 -0.807857096 -0.205219865 -0.525992393 0.169067055
1403637231538319104.000000 0.502835155 -4.959492683 1.555688381 -0.827664316 -0.082156897 -0.545211494 0.104721606
1403637231888318976.000000 0.630957544 -5.052161694 1.328165889 0.834457397 -0.045823000 0.548900008 -0.017026294
1403637232388318976.000000 0.890522778 -5.315793514 1.190026879 0.795006573 -0.171460986 0.577548921 0.070731044
1403637232638319104.000000 0.997826457 -5.508280754 1.181200981 0.786234856 -0.240215406 0.561092436 0.096470907
1403637232988318976.000000 1.100723624 -5.867662430 1.224279642 0.789021194 -0.312086821 0.513360083 0.128486559
1403637233238319104.000000 1.186022401 -6.212447643 1.284985900 0.801366031 -0.315309256 0.487182617 0.145070970
1403637233488318976.000000 1.315699935 -6.622844696 1.308740735 0.815254807 -0.304183900 0.469073087 0.151003569
1403637235588318976.000000 4.489819527 -7.097555161 0.452934027 0.819720268 -0.090978727 0.559632063 0.081200995
1403637235838319104.000000 4.831920147 -6.831542015 0.447040737 0.812152445 -0.044251207 0.576936305 0.074799009
1403637236088318976.000000 5.158502579 -6.515394688 0.487152696 -0.804040372 -0.021293625 -0.589244723 -0.076526627
1403637236338319104.000000 5.443843842 -6.105710506 0.569874406 -0.802763999 -0.071778201 -0.589863896 -0.049783647
1403637236588318976.000000 5.680920601 -5.604768753 0.686474264 -0.798719943 -0.097231053 -0.593769252 -0.005538669
1403637238988318976.000000 3.493007421 -2.470232725 2.070941925 0.866229296 -0.145148575 0.467313945 -0.100977249
1403637239188318976.000000 3.293366194 -2.770205259 2.145263195 0.872545004 -0.131289601 0.467456162 -0.053971730
1403637239388318976.000000 3.189913511 -3.161895752 2.219036818 0.856150985 -0.135354355 0.498561680 -0.010998428
1403637239588318976.000000 3.140140533 -3.605550528 2.244379759 0.841716647 -0.172519863 0.511109054 0.022750689
1403637239838319104.000000 3.123205423 -4.215870857 2.182316780 0.808371305 -0.218125328 0.539391756 0.089518584
1403637240038319104.000000 3.122893333 -4.722518444 2.081181765 0.776319921 -0.253478706 0.557700336 0.148479998
1403637240288318976.000000 3.106423378 -5.340357304 1.922813416 0.755103886 -0.313561857 0.541442454 0.195799157
1403637240538319104.000000 3.085633755 -5.938931942 1.768285632 0.766764998 -0.344599515 0.494332671 0.221264243
1403637240788318976.000000 3.105209112 -6.534318447 1.667089462 0.764091551 -0.345215410 0.492174327 0.233997554
1403637241038319104.000000 3.170132637 -7.116055489 1.615056634 0.749256551 -0.325513095 0.518693268 0.252216488
1403637241438319104.000000 3.324741364 -7.953275204 1.476390839 0.759226143 -0.305281460 0.513582826 0.258091986
1403637241838319104.000000 3.569600105 -8.617035866 1.368078113 0.745612025 -0.279253811 0.537117839 0.278540164
1403637242238319104.000000 3.848171711 -9.015927315 1.355353236 0.733065248 -0.286077499 0.554363310 0.271028340
1403637242638319104.000000 4.104842186 -9.147344589 1.358156681 0.734115243 -0.263502032 0.552413285 0.294076800
1403637243038319104.000000 4.361359596 -8.958293915 1.400964856 0.739984751 -0.234758884 0.582273364 0.241389140
1403637243438319104.000000 4.553480148 -8.542445183 1.416356325 0.760116696 -0.236960843 0.563616455 0.220019564
1403637243638319104.000000 4.631423473 -8.272978783 1.413271904 0.764695168 -0.247124001 0.557851315 0.207299411
1403637244038319104.000000 4.771900654 -7.702471733 1.503443956 0.772175848 -0.283321768 0.543092191 0.168890432
1403637244238319104.000000 4.828462601 -7.446932793 1.605310678 0.769962668 -0.285173863 0.543541551 0.174344540
1403637244638319104.000000 4.926208019 -7.001161575 1.858194351 0.788473785 -0.259440303 0.529484391 0.175060630
1403637244838319104.000000 4.986991882 -6.803593636 1.967455864 0.800337195 -0.231161162 0.526944101 0.168388575
1403637245238319104.000000 5.171083927 -6.442683697 2.112816811 0.814935505 -0.235135481 0.514340401 0.126670137
1403637245488318976.000000 5.335744381 -6.276520252 2.168133497 0.812128842 -0.214997292 0.522005379 0.147422448
1403637245738319104.000000 5.542930603 -6.125471115 2.190299988 0.818357229 -0.186187848 0.527326763 0.132484183
1403637245988318976.000000 5.783515453 -5.975748062 2.182870865 0.811217129 -0.124380708 0.563069999 0.096997350
1403637246188318976.000000 5.976778984 -5.846261024 2.152569771 0.812550247 -0.053638358 0.578226030 0.050395351
1403637246388318976.000000 6.159591675 -5.705899715 2.103345394 -0.810713410 -0.030475516 -0.584641755 0.002998110
1403637246588318976.000000 6.324801445 -5.554422855 2.039987803 -0.794939935 -0.118916444 -0.593132973 0.046072531
1403637246788318976.000000 6.454917431 -5.386586666 1.967936277 -0.771348417 -0.188458622 -0.600490808 0.094423994
1403637247238319104.000000 6.567993641 -4.967939854 1.866269231 -0.772920668 -0.274506330 -0.548659205 0.161903888
1403637247538319104.000000 6.569861889 -4.671040058 1.787523389 -0.747659683 -0.267862171 -0.579915047 0.181530833
1403637247888318976.000000 6.471261024 -4.334337234 1.670984149 -0.729139745 -0.308004200 -0.582927287 0.183533296
1403637248088318976.000000 6.342600822 -4.143524170 1.639743447 -0.724021971 -0.326630712 -0.568009794 0.215567872
1403637248538319104.000000 5.944715977 -3.743134260 1.560100317 -0.722980976 -0.356678843 -0.539068103 0.243894264
1403637248988318976.000000 5.462041855 -3.372972250 1.530809402 -0.736000597 -0.352863014 -0.529351890 0.231468022
1403637249388318976.000000 4.989173889 -3.036562443 1.621961236 -0.737782836 -0.344391197 -0.534439921 0.226815417
1403637252288318976.000000 2.352820635 -1.484522939 1.949485540 -0.655814528 -0.456718594 -0.486754596 0.352683365
1403637254938319104.000000 1.805263638 -2.059098482 2.038543701 -0.641884267 -0.495321006 -0.465343744 0.355101198
1403637256588318976.000000 1.124614239 -2.766217709 2.117822170 -0.544717550 -0.599598348 -0.406271160 0.422739238
1403637257338319104.000000 0.747293234 -3.121330261 2.079642534 -0.538200557 -0.614621818 -0.382792681 0.431335092
1403637257688318976.000000 0.575074434 -3.274316788 2.109153748 -0.533884466 -0.627444208 -0.372888446 0.426890492
1403637257938319104.000000 0.440854549 -3.369140387 2.089406490 -0.530649543 -0.639749289 -0.354143858 0.428618819
1403637258188318976.000000 0.299827337 -3.436231613 2.063999414 -0.501831651 -0.658741117 -0.336073548 0.448642105
1403637258438319104.000000 0.156607166 -3.478093863 2.058099270 -0.469402641 -0.670358539 -0.329458475 0.470890284
1403637258838319104.000000 -0.057390049 -3.529202938 1.989735126 -0.463425308 -0.670276582 -0.316441476 0.485624492
1403637259238319104.000000 -0.225599915 -3.568619251 1.977243304 -0.467978746 -0.664874136 -0.316196561 0.488833249
1403637259538319104.000000 -0.316061348 -3.593801737 2.013712883 -0.476626724 -0.656346560 -0.308794558 0.496671081
1403637260038319104.000000 -0.364404380 -3.626575232 2.005272865 -0.474096417 -0.659167051 -0.315310627 0.491233706
1403637260338319104.000000 -0.351465881 -3.645381927 1.956599712 -0.463044554 -0.669966280 -0.329482704 0.477677792
1403637260588318976.000000 -0.343322277 -3.667719364 1.902464628 -0.460935473 -0.680389047 -0.330597788 0.464019805
1403637261038319104.000000 -0.377788633 -3.699709177 1.801180363 -0.458816975 -0.671256065 -0.330796599 0.479036421
1403637261338319104.000000 -0.415092915 -3.723473310 1.739863396 -0.466810197 -0.682285666 -0.319460005 0.463163018
1403637261788318976.000000 -0.485842019 -3.727705479 1.723961115 -0.470225900 -0.681124687 -0.316166162 0.463676453
1403637262238319104.000000 -0.561217546 -3.693689108 1.705275536 -0.468208551 -0.661984801 -0.325074196 0.486707091
1403637262638319104.000000 -0.546713293 -3.708381176 1.689112782 -0.488811105 -0.618456900 -0.346438736 0.508482933
1403637262788318976.000000 -0.546720922 -3.706708193 1.682921052 -0.494496644 -0.625540853 -0.338912040 0.499309897
1403637263288318976.000000 -0.546865046 -3.705304146 1.680708170 -0.494278729 -0.626730740 -0.338413000 0.498371214
1403637263788318976.000000 -0.547520041 -3.705256701 1.681429267 -0.494629711 -0.626426339 -0.337917626 0.498741508
1403637264288318976.000000 -0.547167480 -3.705827475 1.681984544 -0.494687915 -0.626473069 -0.337878168 0.498651892
1403637264788318976.000000 -0.547405899 -3.705463171 1.681776166 -0.494865328 -0.626446307 -0.337612301 0.498689532
1403637265288318976.000000 -0.546907306 -3.705756664 1.682016373 -0.494979709 -0.626540542 -0.337483913 0.498544663
