1403637149738319104.000000 -1.374572396 1.357135057 0.917714596 -0.644253075 -0.482673019 -0.447232008 0.389805406
1403637151338319104.000000 -1.090691566 1.591845989 1.205816388 -0.648998976 -0.488391697 -0.462479919 0.355508298
1403637152788318976.000000 -0.809718966 1.828043818 1.425108910 -0.652776122 -0.494136393 -0.449800014 0.356920898
1403637154788318976.000000 -0.287529439 2.162051916 1.442791462 -0.662422895 -0.497502267 -0.451482743 0.331437320
1403637156588318976.000000 0.520357847 2.720133543 1.348484159 -0.783780575 -0.224332243 -0.540495396 0.207913116
1403637159188318976.000000 2.683989048 1.554259658 1.108766675 -0.818001091 -0.073444329 -0.564163327 0.084852010
1403637161188318976.000000 4.454956055 -0.377672374 0.842380762 0.816496551 -0.142828941 0.556268096 0.059153926
1403637163338319104.000000 5.117204189 -2.805381298 1.002970576 0.725176752 -0.303329438 0.578991234 0.216515690
1403637163488318976.000000 5.005174160 -2.942507029 0.965554059 0.710665882 -0.345907152 0.566872478 0.232288539
1403637164488318976.000000 3.825085163 -3.850048304 1.071749210 0.712611496 -0.395185411 0.531954646 0.230299085
1403637166838319104.000000 0.681432545 -5.814125538 0.932124376 0.720399916 -0.387656391 0.465542376 0.337663710
1403637168238319104.000000 1.498299718 -4.810757637 0.788118958 0.740246356 -0.375306010 0.491060197 0.264652103
1403637171188318976.000000 4.676440716 -0.749883354 -0.005533291 -0.775721490 -0.125760317 -0.610403657 0.099237360
1403637173288318976.000000 2.832848310 1.826698422 0.075435489 -0.849697828 -0.037407503 -0.516401887 0.099716753
1403637173638319104.000000 2.650383472 1.898171186 0.005837403 0.837212443 -0.047396019 0.541604817 -0.059104681
1403637173838319104.000000 2.595833540 1.870558023 -0.064216793 0.841564715 -0.099397406 0.528521776 -0.050533682
1403637174288318976.000000 2.654033661 1.580254555 -0.096121930 0.807339728 -0.095068917 0.581544161 0.031159621
1403637174888318976.000000 2.710249186 0.985941887 0.063031390 0.785151303 -0.164770991 0.592576385 0.072395198
1403637177738319104.000000 -0.080681100 -2.701403141 0.016773157 0.808374286 -0.263658375 0.487194449 0.199139982
1403637180488318976.000000 1.954417944 -4.004661083 -0.426903456 0.748753726 -0.352339506 0.505667448 0.243977636
1403637181988318976.000000 4.150141716 -2.767689228 0.040895779 0.719497502 -0.370641977 0.519517720 0.273951352
1403637183988318976.000000 5.095292091 0.158385813 0.293659568 0.683079064 -0.413686186 0.569967389 0.193400830
1403637184338319104.000000 4.632833958 0.581786036 0.291225761 0.699865699 -0.404668510 0.547979176 0.214826047
1403637184838319104.000000 3.826593637 1.037473321 0.147322685 0.741003215 -0.396896124 0.493483275 0.223297849
1403637185088318976.000000 3.448361635 1.178016543 0.122332677 0.747555315 -0.397178352 0.483977795 0.221756428
1403637185338319104.000000 3.106979132 1.241146803 0.152088314 0.753756225 -0.397916526 0.473504186 0.222053543
1403637185588318976.000000 2.811150312 1.233696342 0.234220654 0.759117544 -0.392913789 0.464408040 0.231699422
1403637185988318976.000000 2.440027714 1.116753817 0.376073360 0.735189617 -0.377930671 0.499935657 0.258319408
1403637186738319104.000000 1.905786157 0.865769565 0.679619610 0.720972240 -0.387441397 0.517640650 0.249271691
1403637187188318976.000000 1.571342945 0.691375852 0.779604673 0.710290074 -0.409242868 0.527957618 0.221966282
1403637187488318976.000000 1.296639442 0.513027191 0.778834045 0.728281796 -0.412026852 0.489477217 0.245462045
1403637187788318976.000000 1.039723754 0.283854336 0.756622136 0.729895592 -0.421437979 0.479031920 0.245297492
1403637188188318976.000000 0.753215909 -0.123249337 0.699524045 0.730678499 -0.410119683 0.477140397 0.265043169
1403637190988318976.000000 -0.945208669 -2.992242575 0.391506970 0.683938205 -0.432944626 0.503764033 0.301677644
1403637191738319104.000000 -1.424139977 -3.393917322 0.346747041 0.699355125 -0.420722157 0.491577387 0.303721935
1403637192338319104.000000 -1.656100273 -3.579395294 0.532414556 0.720800340 -0.416910976 0.451032460 0.321250349
1403637192838319104.000000 -1.583674908 -3.730672121 0.686578274 0.714802444 -0.438983470 0.459083706 0.292563111
1403637193638319104.000000 -1.262571931 -4.168407440 0.910990059 0.708584964 -0.432602674 0.470832109 0.298462003
1403637193888318976.000000 -1.134122252 -4.357738495 0.987796009 0.711771250 -0.427363783 0.466972530 0.304431528
1403637194138319104.000000 -0.979058683 -4.543277740 1.032771587 0.703092873 -0.423897952 0.479437143 0.310017973
1403637196388318976.000000 1.117047191 -5.727532864 1.226741910 0.699316502 -0.351064503 0.502520621 0.367672831
1403637198638319104.000000 4.063119888 -2.442950487 1.509637237 -0.796675444 -0.005496507 -0.597464383 -0.091182709
1403637200138319104.000000 4.275656223 1.468371511 1.305798411 -0.720898747 -0.179472104 -0.633475840 0.216340318
1403637203038319104.000000 2.248213053 2.521825075 1.032346129 -0.785867095 -0.228872910 -0.553144574 0.155116558
1403637205538319104.000000 2.193363190 1.735302567 0.940445364 -0.784792185 -0.232102215 -0.553385973 0.154898956
1403637208038319104.000000 1.627112389 1.696808100 1.004698277 -0.787286341 -0.224416360 -0.550353825 0.164098144
1403637210988318976.000000 1.946841717 2.645815611 0.886200249 -0.799523830 -0.271524280 -0.496021450 0.202482164
1403637212388318976.000000 3.911151409 4.357502937 0.483593166 -0.768724084 -0.255981028 -0.550820351 0.200334609
1403637212638319104.000000 4.258590698 4.589741707 0.523594260 -0.778065085 -0.257259429 -0.539937735 0.192092523
1403637212938319104.000000 4.665318489 4.858736038 0.593715310 -0.783294141 -0.264811695 -0.532725453 0.180357113
1403637213188318976.000000 5.002048969 5.090627193 0.656708419 -0.783721864 -0.266560435 -0.529533565 0.185256168
1403637213438319104.000000 5.336215019 5.326958656 0.686877191 -0.780414939 -0.266236842 -0.533176601 0.189191028
1403637213688318976.000000 5.661287308 5.560511589 0.687296450 -0.772708118 -0.277539015 -0.543819070 0.173652291
1403637213888318976.000000 5.901732922 5.752383709 0.661531031 -0.771825850 -0.285849959 -0.543729186 0.164113820
1403637214138319104.000000 6.174465656 6.021031857 0.629897237 -0.763408005 -0.287695318 -0.549144626 0.181328297
1403637214638319104.000000 6.585291862 6.587981224 0.691999733 -0.703597784 -0.375759482 -0.559063077 0.226281717
1403637214838319104.000000 6.664626598 6.809667110 0.754996061 -0.681421280 -0.404992342 -0.564347565 0.230560437
1403637215038319104.000000 6.676295280 7.031212807 0.811809719 -0.675704479 -0.410003453 -0.564073443 0.239043579
1403637215438319104.000000 6.502160072 7.452692986 0.859267712 -0.664938867 -0.401679218 -0.564982772 0.278037280
1403637215888318976.000000 6.030361176 7.776473999 0.924278736 -0.633481562 -0.472976089 -0.508656502 0.340974092
1403637216088318976.000000 5.767840385 7.856249809 0.990197480 -0.624328136 -0.499940366 -0.476461142 0.365046412
1403637216538319104.000000 5.174510956 7.937282562 1.100325465 -0.601030707 -0.510395586 -0.464228898 0.403422832
1403637217288318976.000000 4.280062675 7.594307899 1.183252454 -0.621823728 -0.478518307 -0.453394055 0.422834843
1403637217688318976.000000 3.927219868 7.145916939 1.147494674 -0.609459162 -0.486875832 -0.460098118 0.424053431
1403637217938319104.000000 3.746840715 6.787077427 1.128542304 -0.560953557 -0.539805293 -0.461518735 0.425372571
1403637218188318976.000000 3.558266878 6.363932610 1.135755658 -0.544972062 -0.569673836 -0.434720904 0.435310066
1403637218438319104.000000 3.367837906 5.900603771 1.119547725 -0.538732469 -0.578616202 -0.427579910 0.438344806
1403637218638319104.000000 3.212601662 5.504415989 1.102673054 -0.539529383 -0.579988897 -0.427112550 0.435999781
1403637219038319104.000000 2.886887550 4.668453217 1.040208459 -0.541935861 -0.590202987 -0.434070051 0.411763459
1403637219238319104.000000 2.702459812 4.239779949 0.964786649 -0.542780995 -0.590000391 -0.434797913 0.410169631
1403637219438319104.000000 2.496565819 3.798441648 0.912760496 -0.548775613 -0.589079678 -0.428767145 0.409864843
1403637220638319104.000000 1.103520870 1.609813571 1.161720991 -0.584567845 -0.578198552 -0.387456417 0.416946650
1403637223138319104.000000 -0.171092898 -0.097197115 0.897400677 -0.701760530 -0.454853296 -0.453267723 0.308527201
1403637224788318976.000000 -0.152414218 -0.013116065 1.067698121 -0.677343786 -0.451728225 -0.476618737 0.331634700
1403637225288318976.000000 -0.182217643 -0.006389637 0.990906179 -0.670346618 -0.456999898 -0.485776216 0.325281560
1403637227288318976.000000 -0.726763725 -0.033248145 1.072862387 -0.687920213 -0.449345112 -0.459187150 0.337641686
1403637229088318976.000000 -0.877959549 0.105155788 1.061830997 -0.672181547 -0.458161801 -0.483513594 0.323225081
1403637229438319104.000000 -0.954365790 0.072565198 1.029412150 -0.683174729 -0.446751297 -0.484603375 0.314396679
1403637229688318976.000000 -1.008107424 0.036037266 0.978499591 -0.734459817 -0.391433120 -0.466079265 0.300198436
1403637230688318976.000000 -0.983100176 -0.006480977 0.893124819 -0.772087097 -0.231943846 -0.566107631 0.172063455
1403637230988318976.000000 -0.982395649 -0.010706536 0.954944313 -0.810500503 -0.166243181 -0.544212162 0.138871774
1403637231238319104.000000 -0.962948859 -0.033690162 0.956751823 -0.829268515 -0.084533930 -0.545233727 0.088813670
1403637231638319104.000000 -0.883742929 -0.115032360 0.764658511 0.830219984 -0.081988581 0.551368296 0.002389729
1403637232138319104.000000 -0.714746475 -0.353871703 0.517382264 0.788609385 -0.237397611 0.557167053 0.106312923
1403637232588318976.000000 -0.599220574 -0.707649529 0.468709171 0.745046020 -0.337327927 0.547542155 0.176957175
1403637232938319104.000000 -0.595599115 -1.061084509 0.503030360 0.733201504 -0.421179503 0.495702922 0.198247194
1403637233238319104.000000 -0.620795667 -1.474306464 0.574853241 0.745889366 -0.429958612 0.460640669 0.215858653
1403637235788318976.000000 2.616411686 -3.180074930 -0.272677988 0.799102724 -0.177645609 0.552869439 0.155602679
1403637236138319104.000000 3.183364630 -2.888509035 -0.218028292 0.799223781 -0.085653841 0.572779059 0.160714284
1403637236488318976.000000 3.723979235 -2.396307945 -0.081563994 0.805068314 -0.028263915 0.582425594 0.108842283
1403637239188318976.000000 2.408282042 1.195021749 1.425550222 0.843558431 -0.258191556 0.470617980 0.016279735
1403637239488318976.000000 2.102392912 0.653919876 1.522246718 0.817785501 -0.275739461 0.498894453 0.079366744
1403637239788318976.000000 1.859967589 -0.015390184 1.486169577 0.776989341 -0.329575688 0.514992714 0.149833590
1403637240088318976.000000 1.636732221 -0.739267170 1.339196444 0.722173154 -0.375234574 0.528865278 0.240762427
1403637240388318976.000000 1.397917271 -1.432292819 1.145335197 0.700867653 -0.439693779 0.485806435 0.281861633
1403637240738319104.000000 1.154926300 -2.230584860 0.974842668 0.705833972 -0.456615627 0.450196594 0.301037580
1403637241038319104.000000 1.019738793 -2.922362804 0.908240616 0.692800879 -0.432544678 0.475823760 0.326380044
1403637241338319104.000000 0.937373698 -3.566045761 0.810377061 0.702118993 -0.422036469 0.472568095 0.324951559
1403637241638319104.000000 0.919926941 -4.146440506 0.704095542 0.706591427 -0.397016197 0.472276688 0.346498847
1403637241888318976.000000 0.978690147 -4.547780991 0.656527162 0.691701591 -0.387770385 0.497176468 0.352134436
1403637242188318976.000000 1.092767954 -4.894752979 0.645863175 0.680533171 -0.392280996 0.512190402 0.347349048
1403637242438319104.000000 1.203726530 -5.074583054 0.659650624 0.686625242 -0.379697174 0.497448921 0.370027632
1403637242738319104.000000 1.389361262 -5.141909599 0.653643668 0.691735446 -0.362406969 0.511662245 0.358280778
1403637242988318976.000000 1.580073476 -5.062535763 0.686233044 0.694486558 -0.345209301 0.540320098 0.326455444
1403637243238319104.000000 1.770069480 -4.889610767 0.715816677 0.711136520 -0.337439686 0.529236197 0.316746831
1403637243488318976.000000 1.961934686 -4.638048649 0.708044589 0.716706038 -0.347046316 0.525115728 0.300241441
1403637243738319104.000000 2.156337738 -4.333027363 0.715403497 0.721800268 -0.366160452 0.517478883 0.277752906
1403637244038319104.000000 2.381408215 -3.957211018 0.796367764 0.721722305 -0.394063354 0.512489855 0.247356519
1403637244338319104.000000 2.570926189 -3.622298717 0.954482019 0.719729722 -0.398063362 0.509886622 0.252091795
1403637244638319104.000000 2.736087799 -3.331665039 1.148491025 0.741241693 -0.372769147 0.498379111 0.251440227
1403637244938319104.000000 2.917239428 -3.081029177 1.303109288 0.761680782 -0.339780152 0.497760713 0.237962678
1403637245238319104.000000 3.132477760 -2.872799158 1.399051905 0.771033704 -0.352502882 0.490636081 0.201307982
1403637245538319104.000000 3.384765387 -2.745111942 1.461709976 0.772511899 -0.328185469 0.496312410 0.221796557
1403637245838319104.000000 3.689442635 -2.652674198 1.477495313 0.781027615 -0.283434123 0.519209504 0.200205803
1403637246138319104.000000 4.023986816 -2.561064720 1.447017789 0.792105436 -0.191457078 0.560354352 0.148041472
1403637246438319104.000000 4.348617554 -2.440894365 1.372860312 0.807625651 -0.065381087 0.581446946 0.073385954
1403637246738319104.000000 4.634381294 -2.278108120 1.266932011 -0.793200672 -0.056235354 -0.606310725 -0.007584234
1403637246988318976.000000 4.801482201 -2.092595339 1.196554184 -0.790169179 -0.131857544 -0.596714556 0.046669632
1403637247438319104.000000 4.971582413 -1.689722061 1.095590472 -0.784778297 -0.156515613 -0.592637062 0.091691300
1403637247888318976.000000 4.999231815 -1.241197705 0.944993138 -0.766070902 -0.197359174 -0.604212284 0.095457874
1403637248138319104.000000 4.907188892 -0.964413464 0.908235312 -0.766495883 -0.223379090 -0.586701691 0.135524765
1403637248688318976.000000 4.560727596 -0.352286220 0.806225419 -0.765942156 -0.247203037 -0.571570158 0.159783319
1403637248988318976.000000 4.311428547 -0.023739673 0.804970980 -0.779754817 -0.240625679 -0.557914436 0.151040465
1403637249288318976.000000 4.044945240 0.318294495 0.869155288 -0.780839622 -0.233459041 -0.560492098 0.147088125
1403637249588318976.000000 3.769430876 0.675352991 0.902546763 -0.780643880 -0.229741052 -0.562234461 0.147331595
1403637249888318976.000000 3.481453419 1.039109588 0.847249627 -0.767974377 -0.233758315 -0.575202942 0.157207265
1403637250188318976.000000 3.162029743 1.394355416 0.836485326 -0.771056890 -0.254835755 -0.552035511 0.189174235
1403637252888318976.000000 1.682355165 2.699576139 1.138491869 -0.742775023 -0.355426073 -0.497222185 0.273363680
1403637254888318976.000000 1.211051226 2.315056086 1.297987223 -0.707984865 -0.396189421 -0.512385368 0.281518459
1403637257038319104.000000 0.044430330 1.686800599 1.323111534 -0.638493836 -0.509627402 -0.444871008 0.367008686
1403637257338319104.000000 -0.133217543 1.594416976 1.335482240 -0.622104526 -0.528967202 -0.442563206 0.370563835
1403637257638319104.000000 -0.312183470 1.508610368 1.365116954 -0.617713153 -0.540815711 -0.436026961 0.368550509
1403637257938319104.000000 -0.499457955 1.441900730 1.344262123 -0.618300200 -0.554970264 -0.413848162 0.372078896
1403637258238319104.000000 -0.684293449 1.415520191 1.318421841 -0.583757758 -0.583233535 -0.399624497 0.399206579
1403637258538319104.000000 -0.862838984 1.418013453 1.298101306 -0.562853754 -0.596547306 -0.384286970 0.423852056
1403637258988318976.000000 -1.094301939 1.430854559 1.218564034 -0.557512701 -0.592321277 -0.384244144 0.436682343
1403637259238319104.000000 -1.196144104 1.437996745 1.229805589 -0.559993863 -0.589087069 -0.385099590 0.437128961
1403637259538319104.000000 -1.290067911 1.439532638 1.266285419 -0.567286849 -0.579386830 -0.378922075 0.445998579
1403637260038319104.000000 -1.345912099 1.421715140 1.258060217 -0.565208495 -0.582521915 -0.384562999 0.439680368
1403637260438319104.000000 -1.336265683 1.390349984 1.189581990 -0.549888611 -0.599290073 -0.404259831 0.418387443
1403637260688318976.000000 -1.343227983 1.368731856 1.131619930 -0.559776604 -0.606919110 -0.389564186 0.408091992
1403637260988318976.000000 -1.373884439 1.357467771 1.064839721 -0.552024424 -0.597043514 -0.398150653 0.424598813
1403637261238319104.000000 -1.407435894 1.346351862 1.007758737 -0.560962617 -0.605274856 -0.385064870 0.413144648
1403637261488318976.000000 -1.447422028 1.346033692 0.979355693 -0.559294641 -0.597558677 -0.387802780 0.423936546
1403637261738319104.000000 -1.484367847 1.356375575 0.971821129 -0.566606820 -0.606426060 -0.378500044 0.409807235
1403637262188318976.000000 -1.547854424 1.412504554 0.965631783 -0.558988333 -0.587389886 -0.394110620 0.432645231
1403637262588318976.000000 -1.546280861 1.399738431 0.940143645 -0.573112488 -0.542054117 -0.415867329 0.452519506
1403637262788318976.000000 -1.544101119 1.401476145 0.933144569 -0.580429018 -0.546140134 -0.409167230 0.444314569
1403637263288318976.000000 -1.543868184 1.403104305 0.930992186 -0.580369473 -0.547347367 -0.408559412 0.443465084
1403637263788318976.000000 -1.544492960 1.403260946 0.931766570 -0.580649614 -0.547008991 -0.408129156 0.443912059
1403637264288318976.000000 -1.544400573 1.402435899 0.932276607 -0.580713630 -0.547046423 -0.408091933 0.443816185
1403637264788318976.000000 -1.544470549 1.402893305 0.932074249 -0.580866635 -0.546993494 -0.407862574 0.443892211
1403637265288318976.000000 -1.544264436 1.402706385 0.932224989 -0.580987692 -0.547069073 -0.407730132 0.443762302
