1403638147795097088.000000 -0.314674735 0.115522146 -0.292187631 -0.582176626 -0.603616357 -0.373439908 0.396560580
1403638148095097088.000000 -0.315100312 0.143626064 -0.256972373 -0.573751092 -0.586283445 -0.393891007 0.414645940
1403638150645096960.000000 -0.644917369 0.600299358 0.068225391 -0.535618067 -0.640021563 -0.356264919 0.420191556
1403638151545096960.000000 -1.131329656 0.881299138 0.097816646 -0.427775413 -0.703879535 -0.299185812 0.481715292
1403638151945096960.000000 -1.393870354 0.989398181 0.171992213 -0.396353930 -0.723372281 -0.278112769 0.492228955
1403638152395097088.000000 -1.721057653 1.104735970 0.260128558 -0.392651379 -0.726474583 -0.283258319 0.487672329
1403638152595097088.000000 -1.885241270 1.150330305 0.257707030 -0.393420517 -0.726841569 -0.286260217 0.484744042
1403638153645096960.000000 -2.910653114 1.399971485 0.409648359 -0.302449077 -0.776195943 -0.222224206 0.506617069
1403638153895097088.000000 -3.197849512 1.462869883 0.458650082 -0.269786894 -0.783448875 -0.198377550 0.523516178
1403638154195097088.000000 -3.556787491 1.527866006 0.468392700 -0.254555881 -0.778064966 -0.190800413 0.541674554
1403638154895097088.000000 -4.346953869 1.550583124 0.440230966 -0.234175280 -0.782935619 -0.183085263 0.546492159
1403638155095097088.000000 -4.559226513 1.514302969 0.482195199 -0.213621378 -0.788461924 -0.175499275 0.549448490
1403638155345096960.000000 -4.822515965 1.443144202 0.530738354 -0.192354500 -0.786469162 -0.163398951 0.563708007
1403638155695097088.000000 -5.171063900 1.283849239 0.542324960 -0.154923707 -0.786354363 -0.128523812 0.584060907
1403638155895097088.000000 -5.347867966 1.160225153 0.527541935 -0.123454757 -0.793930292 -0.095353372 0.587657571
1403638156345096960.000000 -5.702937126 0.857705653 0.545185864 -0.043015998 -0.826476097 -0.019734986 0.560979009
1403638156595097088.000000 -5.894533157 0.706367850 0.547417223 -0.025446104 -0.830998480 -0.002233748 0.555687964
1403638156795097088.000000 -6.062907696 0.597308338 0.520599663 -0.022631234 -0.831666827 -0.001088136 0.554812670
1403638157045096960.000000 -6.285248756 0.486183673 0.482677013 -0.026740618 -0.832987785 -0.004627080 0.552625358
1403638157495097088.000000 -6.750283718 0.327931345 0.505621254 -0.022263911 -0.832021236 -0.009164849 0.554221213
1403638158295097088.000000 -7.660076141 0.006056726 0.604946971 0.074704386 -0.818812013 0.066672236 0.565261960
1403638158695097088.000000 -8.093175888 -0.146604478 0.582255423 0.087173134 -0.814613223 0.057510901 0.570524991
1403638159095097088.000000 -8.507078171 -0.307182789 0.590916574 0.073815629 -0.831405640 0.065278776 0.546858788
1403638159295097088.000000 -8.727543831 -0.381834686 0.616866946 0.071820624 -0.838938475 0.063303262 0.535739362
1403638160095097088.000000 -9.584026337 -0.483534217 0.846187234 0.069446944 -0.795468092 0.069150969 0.598018289
1403638160495097088.000000 -9.860583305 -0.409590721 1.121062160 0.078954600 -0.824987113 0.061679967 0.556199670
1403638160695097088.000000 -10.004774094 -0.375170857 1.253466010 0.078645155 -0.826221704 0.061299421 0.554450214
1403638160895097088.000000 -10.153504372 -0.336665839 1.372693777 0.061169937 -0.813687623 0.070896029 0.573711097
1403638161095097088.000000 -10.292944908 -0.280193180 1.479068279 0.031631820 -0.805586159 0.055931296 0.588983953
1403638161295097088.000000 -10.412495613 -0.203668132 1.569810510 -0.005336446 -0.810900629 0.022524018 0.584725857
1403638163795097088.000000 -11.644413948 1.620671511 2.200905800 -0.171277091 -0.797378778 -0.104967229 0.569063306
1403638166145096960.000000 -11.190548897 4.192356586 2.431797028 -0.209868193 -0.789563239 -0.141361013 0.559072614
1403638166445096960.000000 -10.985631943 4.476657867 2.525375366 -0.200363532 -0.796003520 -0.142886311 0.553006709
1403638166695097088.000000 -10.832660675 4.695227623 2.635188580 -0.198888242 -0.795808971 -0.136984512 0.555307865
1403638166945096960.000000 -10.697784424 4.903229713 2.683723927 -0.216543600 -0.806360126 -0.106244318 0.540004134
1403638167145096960.000000 -10.602153778 5.087097168 2.709598303 -0.213958457 -0.815819860 -0.108850233 0.526128709
1403638167345096960.000000 -10.536261559 5.291795254 2.770598412 -0.207599550 -0.815143049 -0.118716307 0.527589560
1403638167595097088.000000 -10.489777565 5.565091133 2.850296259 -0.211743221 -0.804985523 -0.118045665 0.541505635
1403638168595097088.000000 -10.311160088 6.937095165 3.039672613 -0.310762793 -0.770915389 -0.197805420 0.519604623
1403638168845096960.000000 -10.264396667 7.316154003 3.080407381 -0.312337339 -0.778798103 -0.213612929 0.500288427
1403638169095097088.000000 -10.263105392 7.693268299 3.090270996 -0.307856351 -0.775299430 -0.214323565 0.508134604
1403638169995097088.000000 -10.206565857 9.043517113 2.978142023 -0.393668145 -0.701668620 -0.295690864 0.515027702
1403638170195097088.000000 -10.141541481 9.301457405 3.001778364 -0.429331541 -0.671824098 -0.321738958 0.510696471
1403638170395097088.000000 -10.070692062 9.526151657 2.993103743 -0.474471092 -0.645225167 -0.332791328 0.497806817
1403638170595097088.000000 -9.988153458 9.730713844 2.971982002 -0.514980197 -0.615016520 -0.342451960 0.489159226
1403638170995097088.000000 -9.738683701 10.071941376 2.990558863 -0.569048226 -0.561084270 -0.384871334 0.461781979
1403638171245096960.000000 -9.535783768 10.231331825 2.978086948 -0.590586364 -0.533183277 -0.403993100 0.451345801
1403638171745096960.000000 -9.021968842 10.375010490 2.946289539 -0.613153219 -0.496634275 -0.420150369 0.448186636
1403638171945096960.000000 -8.759742737 10.365413666 2.936096430 -0.620537341 -0.479412794 -0.430032998 0.447401941
1403638172145096960.000000 -8.463166237 10.305659294 2.948097706 -0.622130394 -0.476069182 -0.441434443 0.437547088
1403638172395097088.000000 -8.064558029 10.161728859 2.933476686 -0.623435676 -0.477305144 -0.444208086 0.431493819
1403638172645096960.000000 -7.641512871 9.959778786 2.865753651 -0.620765626 -0.473670632 -0.442862093 0.440635204
1403638172895097088.000000 -7.189696312 9.688648224 2.759423733 -0.619407296 -0.476044863 -0.437016368 0.445794344
1403638173895097088.000000 -5.086818695 8.148035049 1.928210616 -0.615590096 -0.515992463 -0.438801438 0.402807564
1403638174295097088.000000 -4.270033836 7.449961662 1.583547831 -0.623155594 -0.521481574 -0.429575831 0.393952638
1403638174495097088.000000 -3.877918243 7.102603436 1.399255753 -0.628221035 -0.524864316 -0.421621948 0.389988184
1403638174745096960.000000 -3.405805111 6.694789886 1.200159192 -0.632228076 -0.535247684 -0.415121764 0.376127034
1403638175045096960.000000 -2.876043558 6.262675762 1.025117040 -0.635474324 -0.538963914 -0.413339436 0.367206842
1403638175295097088.000000 -2.455865622 5.949976921 0.902082086 -0.637375891 -0.538908243 -0.415980726 0.360956848
1403638175495097088.000000 -2.133648396 5.742815971 0.837132394 -0.643607199 -0.549089074 -0.408818632 0.342254937
1403638175745096960.000000 -1.756269217 5.551729202 0.800661862 -0.654465079 -0.561460495 -0.390037835 0.322967827
1403638176095097088.000000 -1.266619205 5.431293011 0.712760389 -0.635799527 -0.569430888 -0.411880910 0.319157749
1403638176895097088.000000 -0.474184066 5.554167747 0.664483666 -0.616899431 -0.544054151 -0.442392230 0.357392550
1403638177145096960.000000 -0.316362739 5.629514217 0.673471987 -0.615239203 -0.547518790 -0.444695175 0.352065504
1403638177945096960.000000 -0.063924231 5.908550739 0.527417004 -0.632100165 -0.509744823 -0.433243841 0.391036481
1403638178395097088.000000 0.098057933 6.006447315 0.499783605 -0.649779260 -0.468270421 -0.469169378 0.372007966
1403638180045096960.000000 1.206051588 5.828308105 0.238837749 -0.789748192 -0.247819826 -0.530189872 0.183798626
1403638180345096960.000000 1.462908387 5.812941074 0.210553259 -0.798722982 -0.229233384 -0.529209733 0.171554297
1403638180595097088.000000 1.702262878 5.807023048 0.169752747 -0.798014700 -0.235008031 -0.530661821 0.162301555
1403638180945096960.000000 2.063470840 5.815891266 0.142740279 -0.802181244 -0.245636821 -0.519101679 0.163405746
1403638181795097088.000000 3.061709642 5.815626621 0.014983514 -0.796304524 -0.148873255 -0.567679167 0.146547511
1403638182195097088.000000 3.505956650 5.686983585 0.044908546 -0.822404861 -0.106096968 -0.551526487 0.090621248
1403638182395097088.000000 3.734647989 5.619022369 0.062575966 -0.830545008 -0.092660092 -0.541043937 0.094237208
1403638182795097088.000000 4.241200924 5.473242760 0.151188418 -0.832170010 -0.113338731 -0.537427604 0.076282650
1403638183495097088.000000 5.231458187 5.291024685 0.210178673 -0.827541888 -0.128343061 -0.541529775 0.073811144
1403638184295097088.000000 6.383010387 5.301218510 0.284041196 -0.823666275 -0.127270699 -0.548112333 0.070348054
1403638184745096960.000000 7.004508972 5.398075104 0.337554693 -0.814931154 -0.124595881 -0.561466038 0.071548276
1403638185145096960.000000 7.531993866 5.550783634 0.399719119 -0.816097319 -0.123002037 -0.560274005 0.070346817
1403638185395097088.000000 7.842707157 5.663676739 0.440425277 -0.812313318 -0.130533710 -0.564888477 0.063317031
1403638185645096960.000000 8.135959625 5.812999725 0.478258044 -0.800679266 -0.158471316 -0.573274076 0.071807273
1403638185845096960.000000 8.355494499 5.949718475 0.502914071 -0.801230311 -0.161127239 -0.566523135 0.105448723
1403638186245096960.000000 8.770565033 6.207006454 0.517339528 -0.808610499 -0.167896748 -0.551366210 0.118132293
1403638186495097088.000000 9.024069786 6.359136105 0.542701900 -0.806947768 -0.171005189 -0.553967357 0.112751268
1403638188145096960.000000 10.282779694 7.633275032 0.854014099 -0.740479350 -0.321637958 -0.558079958 0.191797495
1403638188495097088.000000 10.349190712 7.888559818 0.840857565 -0.719563901 -0.292053729 -0.588439226 0.225104004
1403638188945096960.000000 10.235628128 8.087868690 0.845882297 -0.725887179 -0.312090367 -0.565803289 0.235699162
1403638190845096960.000000 9.156899452 8.388196945 0.958913565 -0.692789435 -0.418064654 -0.509418190 0.292844623
1403638193795097088.000000 6.190472126 8.397004128 1.687288404 -0.679391980 -0.435957313 -0.490399361 0.328445286
1403638196645096960.000000 3.863912344 7.229843616 1.844292045 -0.705542684 -0.445626318 -0.459200680 0.304567814
1403638197045096960.000000 3.732481241 7.340855122 1.813276887 -0.701799989 -0.442823380 -0.465760648 0.307329178
1403638197945096960.000000 3.487016439 7.681852818 1.999910831 -0.678090096 -0.438592732 -0.497623682 0.316545278
1403638198395097088.000000 3.292092800 7.803557396 1.913545489 -0.680944085 -0.439176023 -0.493070930 0.316734523
1403638199295097088.000000 2.540057421 7.940820217 1.694193959 -0.657361686 -0.459497839 -0.522811830 0.288799435
1403638199745096960.000000 1.808391094 8.005292892 1.828853846 -0.654988527 -0.473336935 -0.511309028 0.292412788
1403638199895097088.000000 1.520731926 8.026556015 1.882850647 -0.661455333 -0.472908437 -0.492208123 0.310750037
1403638200045096960.000000 1.226822615 8.047434807 1.924787283 -0.659934759 -0.477123052 -0.483324915 0.321304917
1403638200195097088.000000 0.930000901 8.067259789 1.960323930 -0.643423378 -0.493852586 -0.485258996 0.326557398
1403638200345096960.000000 0.625034332 8.085191727 2.005289793 -0.622287035 -0.507318795 -0.485821724 0.345490664
1403638200495097088.000000 0.310339719 8.097433090 2.064126730 -0.603724658 -0.526629686 -0.484853446 0.350848705
1403638200645096960.000000 -0.017698023 8.102706909 2.137387276 -0.588096321 -0.546380341 -0.481324613 0.352048218
1403638200795097088.000000 -0.362821311 8.102056503 2.219482422 -0.575987637 -0.564750314 -0.474546313 0.352280170
1403638200945096960.000000 -0.726439893 8.095866203 2.291309118 -0.577321410 -0.569171965 -0.460505515 0.361494213
1403638201095097088.000000 -1.103373647 8.086912155 2.347729445 -0.583026588 -0.563477159 -0.447760254 0.376940668
1403638201295097088.000000 -1.611773372 8.069110870 2.397305012 -0.587680936 -0.558377326 -0.442776859 0.383137822
1403638201495097088.000000 -2.120481253 8.045502663 2.420547962 -0.588810503 -0.556210935 -0.445588022 0.381291300
1403638201745096960.000000 -2.755715847 8.007269859 2.405546665 -0.588390470 -0.553390503 -0.450661391 0.380078852
1403638201945096960.000000 -3.264883995 7.966877460 2.356129646 -0.588568032 -0.553618968 -0.449463785 0.380888551
1403638202145096960.000000 -3.779513121 7.906416416 2.313417196 -0.586922765 -0.560707629 -0.433551520 0.391358972
1403638202345096960.000000 -4.287754059 7.831627846 2.293334723 -0.591240287 -0.565938056 -0.415198416 0.397189409
1403638202745096960.000000 -5.248576164 7.700735569 2.233453274 -0.593095481 -0.569387794 -0.406507254 0.398481011
1403638203145096960.000000 -6.128255844 7.590517998 2.131367207 -0.590334892 -0.566043556 -0.412550002 0.401125818
1403638203345096960.000000 -6.541451931 7.533335209 2.115333796 -0.585881710 -0.563301086 -0.418743163 0.405078739
1403638203745096960.000000 -7.311993122 7.396066189 2.068792820 -0.588426888 -0.560985386 -0.414190948 0.409261644
1403638203945096960.000000 -7.666451931 7.316949368 2.072306395 -0.586883903 -0.562676430 -0.414868504 0.408468723
1403638204145096960.000000 -8.002254486 7.229430199 2.100796223 -0.589745760 -0.565101326 -0.407561064 0.408355713
1403638204345096960.000000 -8.316534042 7.141668320 2.154487371 -0.603715003 -0.561699271 -0.386767179 0.412835777
1403638204545096960.000000 -8.595256805 7.064735413 2.210828781 -0.612552762 -0.558290362 -0.375732541 0.414627641
1403638204795097088.000000 -8.890221596 6.988656521 2.249407530 -0.593476951 -0.574840367 -0.379101068 0.416684687
1403638205045096960.000000 -9.151606560 6.925900459 2.247199297 -0.536732614 -0.621903718 -0.376887172 0.427913636
1403638205295097088.000000 -9.417695999 6.866872787 2.236887217 -0.459767550 -0.678072453 -0.331290543 0.468057871
1403638205495097088.000000 -9.633303642 6.818049431 2.263281345 -0.387071639 -0.714921474 -0.298045069 0.500232041
1403638205695097088.000000 -9.843854904 6.753030300 2.317566156 -0.331295311 -0.733826280 -0.296824813 0.513456464
1403638205895097088.000000 -10.066095352 6.651468277 2.392263412 -0.298444778 -0.746581852 -0.282311082 0.523303747
1403638206145096960.000000 -10.365862846 6.463424206 2.512159824 -0.258998781 -0.763396025 -0.239998147 0.540876210
1403638206395097088.000000 -10.668782234 6.222974777 2.629963875 -0.227487683 -0.770679593 -0.198503271 0.561158478
1403638206645096960.000000 -10.948813438 5.953105927 2.707219124 -0.218197986 -0.768195629 -0.177451417 0.575131416
1403638207145096960.000000 -11.395833969 5.360677719 2.734814882 -0.195697516 -0.768580914 -0.155237868 0.588971257
1403638207395097088.000000 -11.552300453 5.039905071 2.682952166 -0.177547932 -0.768078268 -0.142454490 0.598530829
1403638207645096960.000000 -11.649793625 4.698226452 2.635448694 -0.142071754 -0.781059980 -0.109658614 0.598110259
1403638207895097088.000000 -11.690064430 4.355864525 2.633071661 -0.130631715 -0.799512744 -0.082923263 0.580377936
1403638208145096960.000000 -11.702103615 4.037842274 2.661506891 -0.129376486 -0.800485194 -0.078610100 0.579918563
1403638208395097088.000000 -11.690765381 3.740704775 2.653099298 -0.130926803 -0.798900962 -0.082815342 0.581168711
1403638208645096960.000000 -11.658128738 3.456264973 2.631685257 -0.116757169 -0.805590510 -0.072260529 0.576341987
1403638208895097088.000000 -11.612305641 3.190341234 2.646922588 -0.097236693 -0.806483567 -0.056821160 0.580431581
1403638209145096960.000000 -11.549956322 2.944720984 2.638594151 -0.087444000 -0.806702673 -0.050662857 0.582252264
1403638209395097088.000000 -11.471659660 2.717182875 2.588574886 -0.087390833 -0.807088792 -0.045479726 0.582153022
1403638209645096960.000000 -11.385007858 2.510690451 2.486273050 -0.089089975 -0.803761661 -0.044205192 0.586579978
1403638209895097088.000000 -11.286836624 2.324383020 2.278343439 -0.086179592 -0.803386688 -0.051746238 0.586911738
1403638210145096960.000000 -11.170293808 2.149521351 2.030370474 -0.084565736 -0.792418957 -0.055111751 0.601567686
1403638210395097088.000000 -11.009227753 1.978670716 1.811168909 -0.085000269 -0.790599644 -0.054994460 0.603906333
1403638210645096960.000000 -10.803036690 1.812737107 1.581019282 -0.086406477 -0.788457334 -0.054664403 0.606531799
1403638210895097088.000000 -10.550529480 1.651972651 1.349624038 -0.090021044 -0.790460587 -0.050747540 0.603732586
1403638211145096960.000000 -10.258548737 1.501782417 1.163601518 -0.092023566 -0.798974454 -0.046797227 0.592436969
1403638211395097088.000000 -9.955043793 1.371896386 1.023298264 -0.098583661 -0.801028967 -0.049397066 0.588382423
1403638211645096960.000000 -9.635298729 1.264333963 0.870673120 -0.134635583 -0.796141744 -0.067384355 0.586081028
1403638211895097088.000000 -9.298260689 1.181741714 0.694241047 -0.196991593 -0.784722865 -0.094832040 0.580009818
1403638212145096960.000000 -8.944308281 1.135558009 0.553168654 -0.252188444 -0.770383358 -0.134908974 0.569833279
1403638212395097088.000000 -8.570096970 1.116758704 0.465172648 -0.299611866 -0.753279209 -0.179525465 0.557291508
1403638212645096960.000000 -8.176272392 1.111947775 0.426473171 -0.351196498 -0.731886685 -0.213134989 0.543669403
1403638212945096960.000000 -7.676608086 1.113727212 0.435517907 -0.413156718 -0.701088250 -0.258442342 0.520561576
1403638213245096960.000000 -7.157317162 1.126441240 0.479897052 -0.488354713 -0.661907196 -0.291858286 0.488064826
1403638213445096960.000000 -6.799739361 1.150252819 0.483674496 -0.546237886 -0.631396770 -0.296533823 0.463713378
1403638213695097088.000000 -6.322980404 1.219635606 0.469619274 -0.571550310 -0.595924318 -0.343404710 0.447523922
1403638213845096960.000000 -6.026544094 1.273494005 0.472762734 -0.566329539 -0.588922620 -0.372618347 0.439996034
1403638214095097088.000000 -5.535358429 1.363935590 0.503186285 -0.568625629 -0.594193101 -0.375717133 0.427125454
1403638214595097088.000000 -4.595413208 1.591706276 0.562446058 -0.560500026 -0.611536741 -0.364178836 0.423363090
1403638215095097088.000000 -3.717115879 1.863053799 0.492573053 -0.539672256 -0.607502341 -0.376658082 0.444773495
1403638215845096960.000000 -2.557777643 2.166728020 0.333575875 -0.540788591 -0.607876182 -0.380812407 0.439336002
1403638216095097088.000000 -2.222876072 2.233877897 0.286368012 -0.547346592 -0.601586938 -0.386005074 0.435321808
1403638216395097088.000000 -1.848842263 2.290438175 0.251441419 -0.548305333 -0.597315073 -0.393382937 0.433388919
1403638218945096960.000000 -0.367147356 2.016494751 0.148073345 -0.603508353 -0.556392550 -0.421070129 0.385882020
1403638221095097088.000000 -0.376523137 1.007248998 0.105802879 -0.615408897 -0.540421784 -0.432274878 0.377299190
1403638221395097088.000000 -0.386497200 0.857282281 0.087899342 -0.621448696 -0.540174365 -0.425767362 0.375147194
1403638221645096960.000000 -0.397014916 0.743116438 0.075211659 -0.623778403 -0.536790371 -0.423885942 0.378255665
1403638222145096960.000000 -0.401004672 0.542766690 0.073956788 -0.618469357 -0.539416552 -0.430272311 0.376020133
1403638222445096960.000000 -0.407352626 0.432733864 0.074119464 -0.626608253 -0.545362771 -0.419527560 0.365975678
1403638222945096960.000000 -0.421918750 0.310223967 0.016250119 -0.612470627 -0.531521797 -0.439107120 0.386716068
1403638223295097088.000000 -0.442152619 0.216336012 -0.014390916 -0.629280925 -0.541207373 -0.415296823 0.372328639
1403638223595097088.000000 -0.448889285 0.148593485 -0.033539511 -0.630851209 -0.527186573 -0.413332283 0.391481191
1403638223895097088.000000 -0.426179886 0.091515005 -0.068275735 -0.618177712 -0.540527403 -0.432391286 0.372457176
1403638224195097088.000000 -0.415271521 0.043951824 -0.117316656 -0.624672115 -0.549089253 -0.422461003 0.360294849
1403638224495097088.000000 -0.423083305 0.028560115 -0.156588778 -0.619567871 -0.534369826 -0.430334747 0.381309062
1403638224795097088.000000 -0.437224239 0.018142676 -0.195007652 -0.627147138 -0.544893324 -0.419341445 0.365965247
1403638225145096960.000000 -0.454686880 0.028560607 -0.195861772 -0.620338619 -0.530978143 -0.426701874 0.388802975
1403638225445096960.000000 -0.454561263 0.038641475 -0.185192168 -0.618585646 -0.540944874 -0.427831233 0.376418412
1403638225695097088.000000 -0.458025962 0.049562693 -0.208345056 -0.601740718 -0.528066158 -0.451156348 0.394350410
1403638225995097088.000000 -0.474898398 0.033504069 -0.309941798 -0.623201370 -0.546407938 -0.420751184 0.368818223
1403638226395097088.000000 -0.503812551 0.052611150 -0.320591986 -0.622790933 -0.553578913 -0.415976584 0.364205062
1403638226895097088.000000 -0.501160502 0.056219555 -0.302896827 -0.625092506 -0.551433861 -0.414271474 0.365457505
1403638227195097088.000000 -0.505155981 0.057593338 -0.296795726 -0.626089871 -0.550681949 -0.413096905 0.366212755
1403638227695097088.000000 -0.502997816 0.063387781 -0.291962594 -0.625963628 -0.550891042 -0.413310885 0.365872473
1403638228195097088.000000 -0.498083055 0.067065254 -0.293225199 -0.626046360 -0.551005840 -0.413206249 0.365676254
1403638228695097088.000000 -0.496381551 0.068691231 -0.294275045 -0.625813425 -0.551436067 -0.412810177 0.365873903
