#LBA time[ms],KF opt[#],KF fixed[#],MP[#],Edges[#]
0.007412,3,1,0,557
0.001591,4,1,0,1143
0.074323,5,1,0,1566
0.243809,6,1,0,1999
0.271236,7,1,0,2525
0.393303,8,1,0,2730
0.482047,9,1,0,2849
1.043581,10,1,0,3387
0.548349,0,0,0,0
73.916132,0,0,0,0
0.645128,0,0,0,0
0.606939,0,0,0,0
1.035989,0,0,0,0
1.400985,0,0,0,0
1.798853,0,0,0,0
1.380124,0,0,0,0
1.543244,0,0,0,0
2.291546,0,0,0,0
1.791252,0,0,0,0
1.551234,0,0,0,0
1.903334,0,0,0,0
4.207129,0,0,0,0
2.529729,0,0,0,0
2.333296,0,0,0,0
3.587325,0,0,0,0
2.676680,0,0,0,0
2.617720,0,0,0,0
2.716795,0,0,0,0
3.000294,0,0,0,0
2.431711,0,0,0,0
2.449693,0,0,0,0
2.015587,0,0,0,0
2.816112,0,0,0,0
3.004339,0,0,0,0
2.658902,0,0,0,0
2.109415,0,0,0,0
2.253324,0,0,0,0
4.057259,0,0,0,0
2.369140,0,0,0,0
2.992502,0,0,0,0
2.607950,0,0,0,0
3.787109,0,0,0,0
2.007288,0,0,0,0
2.615028,3,1,0,439
4.221465,4,1,0,548
0.002324,5,1,0,675
0.001485,6,1,0,807
0.142093,7,1,0,931
0.323525,8,1,0,1085
0.265461,9,1,0,1234
0.362899,10,1,0,1376
0.273872,0,0,0,0
0.332234,0,0,0,0
0.391685,0,0,0,0
45.209584,0,0,0,0
0.884572,0,0,0,0
0.705490,0,0,0,0
0.458647,3,1,0,464
0.734199,4,1,0,666
0.854371,5,1,0,1120
0.768591,6,1,0,1515
0.002686,7,1,0,2222
0.002282,8,1,0,2898
0.168001,9,1,0,3360
0.198520,10,1,0,3853
0.395902,0,0,0,0
0.399728,0,0,0,0
0.663872,0,0,0,0
0.963912,0,0,0,0
0.759540,0,0,0,0
77.395153,0,0,0,0
0.623681,0,0,0,0
1.232653,0,0,0,0
1.549591,0,0,0,0
1.253217,0,0,0,0
1.568036,0,0,0,0
1.944380,0,0,0,0
1.597236,0,0,0,0
1.796691,0,0,0,0
3.309489,0,0,0,0
1.913706,0,0,0,0
2.852557,0,0,0,0
3.854994,0,0,0,0
4.630600,0,0,0,0
2.845083,0,0,0,0
2.643937,0,0,0,0
3.630245,0,0,0,0
3.131343,0,0,0,0
3.812102,0,0,0,0
2.800960,0,0,0,0
3.112051,0,0,0,0
3.176985,0,0,0,0
4.184872,0,0,0,0
2.273961,0,0,0,0
3.757126,0,0,0,0
3.480531,0,0,0,0
3.151503,0,0,0,0
2.909745,0,0,0,0
3.023133,0,0,0,0
2.793493,0,0,0,0
2.654824,0,0,0,0
3.253536,0,0,0,0
4.525212,0,0,0,0
3.867832,0,0,0,0
2.796729,0,0,0,0
2.916641,0,0,0,0
3.112639,0,0,0,0
3.683101,0,0,0,0
3.616759,0,0,0,0
5.620009,0,0,0,0
3.073931,0,0,0,0
4.667084,0,0,0,0
6.336293,0,0,0,0
5.149202,0,0,0,0
3.606197,0,0,0,0
5.043243,0,0,0,0
3.732642,0,0,0,0
5.333453,0,0,0,0
4.488006,0,0,0,0
3.923602,0,0,0,0
3.674471,0,0,0,0
7.279983,0,0,0,0
4.385499,0,0,0,0
5.024848,0,0,0,0
3.746750,0,0,0,0
6.029321,0,0,0,0
6.351186,0,0,0,0
3.770025,0,0,0,0
3.718956,0,0,0,0
3.370516,0,0,0,0
4.711026,0,0,0,0
4.250220,0,0,0,0
9.128274,0,0,0,0
6.657364,0,0,0,0
6.105951,0,0,0,0
6.124740,0,0,0,0
7.381533,0,0,0,0
4.319585,0,0,0,0
6.695762,0,0,0,0
4.981356,0,0,0,0
5.716249,0,0,0,0
7.430415,0,0,0,0
6.621123,0,0,0,0
4.711259,0,0,0,0
4.045287,0,0,0,0
5.593172,0,0,0,0
9.049786,0,0,0,0
7.356048,0,0,0,0
6.734994,0,0,0,0
6.439376,0,0,0,0
7.013338,0,0,0,0
8.608809,0,0,0,0
10.833849,0,0,0,0
9.320127,0,0,0,0
9.209344,0,0,0,0
8.489390,0,0,0,0
8.304742,0,0,0,0
12.167843,0,0,0,0
9.901807,0,0,0,0
9.882051,0,0,0,0
10.387954,0,0,0,0
10.938437,0,0,0,0
9.312132,0,0,0,0
15.501593,0,0,0,0
9.338059,0,0,0,0
11.225032,0,0,0,0
10.285795,0,0,0,0
7.174404,0,0,0,0
6.257947,0,0,0,0
6.742463,0,0,0,0
5.407281,0,0,0,0
7.831080,0,0,0,0
6.736733,0,0,0,0
8.459881,0,0,0,0
6.551097,0,0,0,0
7.789843,0,0,0,0
7.372696,0,0,0,0
3.612977,0,0,0,0
6.980948,0,0,0,0
6.408399,0,0,0,0
3.768816,0,0,0,0
2.254569,0,0,0,0
5.271529,0,0,0,0
3.324480,0,0,0,0
5.066261,0,0,0,0
5.878735,0,0,0,0
4.049053,0,0,0,0
5.612906,0,0,0,0
6.119159,0,0,0,0
5.031121,0,0,0,0
5.099741,0,0,0,0
5.667682,0,0,0,0
6.473154,0,0,0,0
6.679165,0,0,0,0
6.019899,0,0,0,0
5.021774,0,0,0,0
7.270864,0,0,0,0
5.060043,0,0,0,0
6.749441,0,0,0,0
6.600392,0,0,0,0
3.497586,0,0,0,0
5.909564,0,0,0,0
4.314597,0,0,0,0
7.550087,0,0,0,0
7.624339,0,0,0,0
7.006592,0,0,0,0
8.222070,0,0,0,0
4.957848,0,0,0,0
8.322516,0,0,0,0
7.796815,0,0,0,0
5.749096,0,0,0,0
8.717933,0,0,0,0
9.094632,0,0,0,0
5.878646,0,0,0,0
8.478811,0,0,0,0
8.099581,0,0,0,0
7.370968,0,0,0,0
4.522138,0,0,0,0
4.977502,0,0,0,0
4.716568,0,0,0,0
6.814206,0,0,0,0
5.192978,0,0,0,0
4.151003,0,0,0,0
4.069905,0,0,0,0
7.546464,0,0,0,0
5.711575,0,0,0,0
4.825511,0,0,0,0
8.057411,0,0,0,0
4.070315,0,0,0,0
5.288182,0,0,0,0
4.779744,0,0,0,0
3.832463,0,0,0,0
6.010691,0,0,0,0
9.917755,0,0,0,0
8.159408,0,0,0,0
5.447264,0,0,0,0
4.811901,0,0,0,0
6.953223,0,0,0,0
7.797591,0,0,0,0
7.672933,0,0,0,0
6.837454,0,0,0,0
6.498287,0,0,0,0
7.437156,0,0,0,0
6.791008,0,0,0,0
7.808913,0,0,0,0
7.755452,0,0,0,0
7.227551,0,0,0,0
6.724218,0,0,0,0
7.653340,0,0,0,0
8.374053,0,0,0,0
9.180488,0,0,0,0
8.479776,0,0,0,0
7.869434,0,0,0,0
7.616098,0,0,0,0
10.203992,0,0,0,0
7.949462,0,0,0,0
8.176784,0,0,0,0
8.332455,0,0,0,0
8.924679,0,0,0,0
7.858675,0,0,0,0
6.073116,0,0,0,0
7.681810,0,0,0,0
10.657130,0,0,0,0
8.181328,0,0,0,0
5.106650,0,0,0,0
8.529407,0,0,0,0
5.462228,0,0,0,0
8.829215,0,0,0,0
7.315152,0,0,0,0
9.737368,0,0,0,0
7.699951,0,0,0,0
5.568100,0,0,0,0
5.308682,0,0,0,0
7.159987,0,0,0,0
6.806709,0,0,0,0
10.067600,0,0,0,0
5.476078,0,0,0,0
9.426338,0,0,0,0
7.817358,0,0,0,0
8.889455,0,0,0,0
6.567940,0,0,0,0
6.206407,0,0,0,0
5.765590,0,0,0,0
6.187930,0,0,0,0
6.507398,0,0,0,0
8.772408,0,0,0,0
8.379291,0,0,0,0
6.468188,0,0,0,0
8.820293,0,0,0,0
8.112942,0,0,0,0
8.560668,0,0,0,0
6.595112,0,0,0,0
9.097974,0,0,0,0
8.378041,0,0,0,0
7.676372,0,0,0,0
5.618706,0,0,0,0
8.375834,0,0,0,0
6.584305,0,0,0,0
7.157907,0,0,0,0
7.392816,0,0,0,0
6.624221,0,0,0,0
8.005915,0,0,0,0
7.846395,0,0,0,0
7.414531,0,0,0,0
12.704100,0,0,0,0
8.367662,0,0,0,0
5.635290,0,0,0,0
9.303526,0,0,0,0
7.294669,0,0,0,0
7.043841,0,0,0,0
13.109068,0,0,0,0
8.219516,0,0,0,0
8.078291,0,0,0,0
10.046082,0,0,0,0
9.755437,0,0,0,0
10.308733,0,0,0,0
11.227103,0,0,0,0
8.849301,0,0,0,0
12.170378,0,0,0,0
8.243335,0,0,0,0
10.296435,0,0,0,0
8.851682,0,0,0,0
8.108990,0,0,0,0
7.329694,0,0,0,0
7.482073,0,0,0,0
8.399510,0,0,0,0
9.704544,0,0,0,0
11.564392,0,0,0,0
11.407617,0,0,0,0
17.411064,0,0,0,0
11.199775,0,0,0,0
11.885044,0,0,0,0
8.225007,0,0,0,0
10.327602,0,0,0,0
7.654397,0,0,0,0
12.061682,0,0,0,0
8.640442,0,0,0,0
12.752779,0,0,0,0
11.631480,0,0,0,0
10.065682,0,0,0,0
8.528449,0,0,0,0
10.110284,0,0,0,0
9.925701,0,0,0,0
8.003495,0,0,0,0
9.418628,0,0,0,0
9.834405,0,0,0,0
10.515933,0,0,0,0
9.498535,0,0,0,0
7.946172,0,0,0,0
11.581761,0,0,0,0
8.693103,0,0,0,0
11.477775,0,0,0,0
8.978875,0,0,0,0
9.976626,0,0,0,0
10.031616,0,0,0,0
12.329074,0,0,0,0
10.296348,0,0,0,0
13.621954,0,0,0,0
14.097459,0,0,0,0
10.967408,0,0,0,0
9.225038,0,0,0,0
12.874068,0,0,0,0
10.633685,0,0,0,0
11.775274,0,0,0,0
11.196147,0,0,0,0
10.932135,0,0,0,0
9.412309,0,0,0,0
11.576238,0,0,0,0
10.378505,0,0,0,0
12.530260,0,0,0,0
16.536754,0,0,0,0
8.122625,0,0,0,0
11.045126,0,0,0,0
12.616774,0,0,0,0
12.076936,0,0,0,0
8.895636,0,0,0,0
10.551544,0,0,0,0
14.980929,0,0,0,0
13.293519,0,0,0,0
11.059676,0,0,0,0
15.572491,0,0,0,0
7.812797,0,0,0,0
9.451712,0,0,0,0
9.054514,0,0,0,0
9.167490,0,0,0,0
8.167386,0,0,0,0
8.805225,0,0,0,0
9.095731,0,0,0,0
7.075927,0,0,0,0
6.052454,0,0,0,0
8.222839,0,0,0,0
10.965654,0,0,0,0
8.588179,0,0,0,0
8.356628,0,0,0,0
10.728890,0,0,0,0
10.842511,0,0,0,0
12.639711,0,0,0,0
11.688018,0,0,0,0
7.361671,0,0,0,0
7.535122,0,0,0,0
14.084465,0,0,0,0
16.048540,0,0,0,0
8.665567,0,0,0,0
12.811958,0,0,0,0
9.792855,0,0,0,0
10.730806,0,0,0,0
12.327690,0,0,0,0
12.545035,0,0,0,0
11.760462,0,0,0,0
11.938466,0,0,0,0
16.634676,0,0,0,0
16.776090,0,0,0,0
15.362027,0,0,0,0
19.627318,0,0,0,0
13.839394,0,0,0,0
11.229763,0,0,0,0
9.018194,0,0,0,0
11.529671,0,0,0,0
10.738975,0,0,0,0
11.721313,0,0,0,0
16.225280,0,0,0,0
16.350749,0,0,0,0
14.454058,0,0,0,0
11.942481,0,0,0,0
16.889740,0,0,0,0
23.481269,0,0,0,0
13.353520,0,0,0,0
16.660985,0,0,0,0
17.143790,0,0,0,0
13.515484,0,0,0,0
12.069289,0,0,0,0
16.015601,0,0,0,0
14.052292,0,0,0,0
22.591457,0,0,0,0
10.779739,0,0,0,0
15.198311,0,0,0,0
13.798949,0,0,0,0
21.260603,0,0,0,0
19.987032,0,0,0,0
13.258938,0,0,0,0
22.093911,0,0,0,0
18.831256,0,0,0,0
17.874738,0,0,0,0
21.283710,0,0,0,0
22.614304,0,0,0,0
19.591490,0,0,0,0
14.954416,0,0,0,0
21.698047,0,0,0,0
18.431967,0,0,0,0
16.043754,0,0,0,0
15.059306,0,0,0,0
15.885464,0,0,0,0
20.909279,0,0,0,0
22.406207,0,0,0,0
20.780493,0,0,0,0
24.412860,0,0,0,0
21.413150,0,0,0,0
18.828171,0,0,0,0
14.048809,0,0,0,0
13.545885,0,0,0,0
19.216522,576,9,-1367417595,-1016223622
14.236447,0,32313,-1064447330,1080217640
21.409969,68,-543881936,-151249723,-1051682872
12.226871,0,32313,1087488112,1080203489
19.289384,1013434003,640,-935134799,522817779
16.200079,32318,0,-1051469912,1080257666
