#LBA time[ms],KF opt[#],KF fixed[#],MP[#],Edges[#]
0.015264,3,1,0,941
0.005408,4,1,0,1120
0.004128,5,1,0,1052
0.005568,6,1,0,980
0.004416,7,1,0,1184
0.514566,8,1,0,1600
0.749002,8,2,0,1982
1.053582,10,1,0,2293
1.077198,0,0,0,0
1.066893,0,0,0,0
1.201359,0,0,0,0
1.637493,0,0,0,0
43.245050,0,0,0,0
1.682613,0,0,0,0
2.366333,0,0,0,0
1.761270,0,0,0,0
2.496639,0,0,0,0
2.778274,0,0,0,0
2.256476,0,0,0,0
1.997145,0,0,0,0
2.582336,0,0,0,0
2.554464,0,0,0,0
2.632289,0,0,0,0
2.807203,0,0,0,0
3.453195,0,0,0,0
3.751118,0,0,0,0
3.400267,0,0,0,0
3.909393,0,0,0,0
3.321545,0,0,0,0
3.451019,0,0,0,0
3.719503,0,0,0,0
4.696955,0,0,0,0
3.850575,0,0,0,0
4.256181,0,0,0,0
3.665997,0,0,0,0
3.984338,0,0,0,0
3.391658,0,0,0,0
3.054982,0,0,0,0
3.870672,0,0,0,0
3.991666,0,0,0,0
4.944989,0,0,0,0
3.462507,0,0,0,0
6.140877,0,0,0,0
3.358794,0,0,0,0
5.432804,0,0,0,0
5.994315,3,1,0,340
4.236469,4,1,0,463
3.360905,5,1,0,588
5.128736,6,1,0,736
4.181972,7,1,0,858
0.005696,8,1,0,993
0.004576,9,1,0,1190
0.296132,10,1,0,1349
0.469830,3,1,0,419
0.619463,4,1,0,508
0.821386,2,3,0,396
0.923052,2,4,0,247
1.299056,2,5,0,262
1.586964,3,4,0,384
65.338861,4,5,0,498
0.005472,3,1,0,496
0.004416,3,1,0,251
0.324100,4,1,0,333
0.460773,5,1,0,420
0.431685,6,1,0,522
0.374436,7,1,0,616
0.428389,8,1,0,720
0.328996,9,1,0,820
0.700201,10,1,0,920
0.005248,0,0,0,0
0.005408,0,0,0,0
0.004608,3,1,0,203
0.005504,4,1,0,292
0.004832,5,1,0,426
0.005185,6,1,0,642
0.005600,7,1,0,832
0.005312,8,1,0,1035
0.005152,9,1,0,1323
0.004448,9,2,0,1636
0.355813,0,0,0,0
0.005856,0,0,0,0
0.005632,0,0,0,0
0.005792,0,0,0,0
0.004256,0,0,0,0
0.152162,0,0,0,0
0.264996,0,0,0,0
0.372133,0,0,0,0
0.517318,0,0,0,0
0.680584,0,0,0,0
0.898443,0,0,0,0
1.142350,0,0,0,0
53.918623,0,0,0,0
1.691957,0,0,0,0
1.627540,0,0,0,0
0.005312,0,0,0,0
0.004448,0,0,0,0
0.155330,0,0,0,0
0.232963,0,0,0,0
0.352004,0,0,0,0
0.573223,0,0,0,0
0.809130,0,0,0,0
1.133806,0,0,0,0
1.198222,0,0,0,0
52.179945,0,0,0,0
1.568532,0,0,0,0
1.411185,0,0,0,0
1.540915,0,0,0,0
1.664021,0,0,0,0
1.841271,0,0,0,0
1.818871,0,0,0,0
1.886424,0,0,0,0
1.918616,0,0,0,0
1.975192,0,0,0,0
2.520831,0,0,0,0
2.267196,0,0,0,0
2.989030,0,0,0,0
3.216840,0,0,0,0
3.022406,0,0,0,0
3.195304,0,0,0,0
3.308233,0,0,0,0
2.550207,0,0,0,0
2.823971,0,0,0,0
3.589453,0,0,0,0
2.627392,0,0,0,0
4.236565,0,0,0,0
3.251240,0,0,0,0
4.048946,0,0,0,0
3.241768,0,0,0,0
3.988306,0,0,0,0
3.127367,0,0,0,0
3.080422,0,0,0,0
6.206445,0,0,0,0
3.826256,0,0,0,0
4.775932,0,0,0,0
3.726191,0,0,0,0
5.236769,0,0,0,0
4.952061,0,0,0,0
4.097395,0,0,0,0
4.571832,0,0,0,0
4.541592,0,0,0,0
4.457463,0,0,0,0
5.978506,0,0,0,0
4.330646,0,0,0,0
5.205889,0,0,0,0
4.606329,0,0,0,0
5.401315,0,0,0,0
5.661702,0,0,0,0
6.204045,0,0,0,0
5.109408,0,0,0,0
6.455088,0,0,0,0
5.529253,0,0,0,0
7.146425,0,0,0,0
5.141600,0,0,0,0
5.351266,0,0,0,0
6.520081,0,0,0,0
6.032075,0,0,0,0
4.907133,0,0,0,0
6.577042,0,0,0,0
4.105843,0,0,0,0
5.032926,0,0,0,0
5.012063,0,0,0,0
4.167188,0,0,0,0
5.919401,0,0,0,0
5.252065,0,0,0,0
5.485061,0,0,0,0
3.868336,0,0,0,0
6.457552,0,0,0,0
3.795823,0,0,0,0
4.987838,0,0,0,0
5.850889,0,0,0,0
4.359990,0,0,0,0
5.588453,0,0,0,0
3.537228,0,0,0,0
5.222273,0,0,0,0
5.771656,0,0,0,0
4.708250,0,0,0,0
5.789960,0,0,0,0
4.940094,0,0,0,0
5.134368,0,0,0,0
5.132192,0,0,0,0
3.344265,0,0,0,0
5.408803,0,0,0,0
5.174657,0,0,0,0
6.283822,0,0,0,0
3.800367,0,0,0,0
6.016458,0,0,0,0
4.072242,0,0,0,0
5.300546,0,0,0,0
3.928945,0,0,0,0
5.369635,0,0,0,0
5.200289,0,0,0,0
5.233665,0,0,0,0
4.203028,0,0,0,0
6.743796,0,0,0,0
7.289915,0,0,0,0
4.463383,0,0,0,0
5.754279,0,0,0,0
5.245154,0,0,0,0
5.121632,0,0,0,0
4.509976,0,0,0,0
5.446531,0,0,0,0
3.978097,0,0,0,0
4.758844,0,0,0,0
5.468228,0,0,0,0
4.740891,0,0,0,0
7.017655,0,0,0,0
5.084831,0,0,0,0
6.590386,0,0,0,0
4.259029,0,0,0,0
6.381135,0,0,0,0
4.607225,0,0,0,0
6.091724,0,0,0,0
6.520977,0,0,0,0
3.823663,0,0,0,0
5.378435,0,0,0,0
5.596166,0,0,0,0
5.067327,0,0,0,0
4.477400,0,0,0,0
6.698003,0,0,0,0
5.767207,0,0,0,0
4.384086,0,0,0,0
6.238765,0,0,0,0
3.657101,0,0,0,0
4.520760,0,0,0,0
4.757467,0,0,0,0
5.983818,0,0,0,0
3.595693,0,0,0,0
6.047947,0,0,0,0
4.682267,0,0,0,0
3.559436,0,0,0,0
5.251489,0,0,0,0
3.957361,0,0,0,0
7.215226,0,0,0,0
6.719092,0,0,0,0
7.820193,0,0,0,0
5.652551,0,0,0,0
7.117272,0,0,0,0
7.743937,0,0,0,0
5.768167,0,0,0,0
5.407651,0,0,0,0
7.111576,0,0,0,0
6.299566,0,0,0,0
6.850005,0,0,0,0
7.208154,0,0,0,0
5.825545,0,0,0,0
7.121145,0,0,0,0
8.458345,0,0,0,0
7.123705,0,0,0,0
7.357948,0,0,0,0
8.027236,0,0,0,0
7.218618,0,0,0,0
8.595755,0,0,0,0
7.233114,0,0,0,0
7.762176,0,0,0,0
6.804820,0,0,0,0
7.446749,0,0,0,0
6.636723,0,0,0,0
5.410883,0,0,0,0
8.239046,0,0,0,0
6.839925,0,0,0,0
7.884674,0,0,0,0
5.231489,0,0,0,0
5.984075,0,0,0,0
4.543192,0,0,0,0
5.144864,0,0,0,0
5.045726,0,0,0,0
4.892700,0,0,0,0
4.950557,0,0,0,0
4.978526,0,0,0,0
2.612288,0,0,0,0
3.141287,0,0,0,0
4.103987,0,0,0,0
3.372202,0,0,0,0
5.031838,0,0,0,0
3.896336,0,0,0,0
2.637185,0,0,0,0
3.943217,0,0,0,0
4.204213,0,0,0,0
4.509400,0,0,0,0
4.574745,0,0,0,0
4.065875,0,0,0,0
4.651162,0,0,0,0
3.356810,0,0,0,0
5.862761,0,0,0,0
4.081011,0,0,0,0
4.430231,0,0,0,0
3.872720,0,0,0,0
4.044242,0,0,0,0
6.722611,0,0,0,0
3.810511,0,0,0,0
3.237416,0,0,0,0
3.884432,0,0,0,0
3.275497,0,0,0,0
3.395882,0,0,0,0
2.507296,0,0,0,0
3.310537,0,0,0,0
3.206856,0,0,0,0
3.690062,0,0,0,0
3.441643,0,0,0,0
3.710894,0,0,0,0
3.028582,0,0,0,0
4.389175,0,0,0,0
3.830447,0,0,0,0
3.225129,0,0,0,0
2.643297,0,0,0,0
5.284449,0,0,0,0
3.941905,0,0,0,0
3.897520,0,0,0,0
2.899588,0,0,0,0
3.259753,0,0,0,0
3.584268,0,0,0,0
3.596269,0,0,0,0
3.498572,0,0,0,0
3.725199,0,0,0,0
4.314582,0,0,0,0
4.757403,0,0,0,0
4.100179,0,0,0,0
6.132205,0,0,0,0
4.037971,0,0,0,0
5.729703,0,0,0,0
5.248673,0,0,0,0
5.051519,0,0,0,0
5.153984,0,0,0,0
5.996426,0,0,0,0
5.775624,0,0,0,0
5.392675,0,0,0,0
4.939805,0,0,0,0
4.752731,0,0,0,0
5.478532,0,0,0,0
5.876329,0,0,0,0
5.947050,0,0,0,0
5.320258,0,0,0,0
7.603166,0,0,0,0
7.260090,0,0,0,0
6.191181,0,0,0,0
8.407049,0,0,0,0
6.127692,0,0,0,0
7.730753,0,0,0,0
8.458857,0,0,0,0
7.130168,0,0,0,0
7.661695,0,0,0,0
4.400630,0,0,0,0
5.374883,0,0,0,0
4.921790,0,0,0,0
4.724475,0,0,0,0
5.085696,0,0,0,0
5.795848,0,0,0,0
5.303906,0,0,0,0
6.756820,0,0,0,0
4.254485,0,0,0,0
3.869552,0,0,0,0
5.392259,0,0,0,0
3.364106,0,0,0,0
3.805455,0,0,0,0
3.485292,0,0,0,0
3.214632,0,0,0,0
3.763919,0,0,0,0
3.478763,0,0,0,0
4.116851,0,0,0,0
3.548364,0,0,0,0
3.292457,0,0,0,0
2.370429,0,0,0,0
6.329998,0,0,0,0
4.922205,0,0,0,0
9.714072,0,0,0,0
4.988542,0,0,0,0
5.540101,0,0,0,0
6.153389,0,0,0,0
5.471043,0,0,0,0
6.195245,0,0,0,0
4.601017,0,0,0,0
4.725146,0,0,0,0
4.711579,0,0,0,0
4.463672,0,0,0,0
5.108896,0,0,0,0
4.342518,0,0,0,0
3.919089,0,0,0,0
4.416343,0,0,0,0
5.631686,0,0,0,0
4.111091,0,0,0,0
4.911101,0,0,0,0
4.141427,0,0,0,0
4.231829,0,0,0,0
5.168576,0,0,0,0
5.144288,0,0,0,0
3.751119,0,0,0,0
5.638406,0,0,0,0
4.893533,0,0,0,0
3.246600,0,0,0,0
3.454155,0,0,0,0
4.288053,0,0,0,0
4.112275,0,0,0,0
4.919357,0,0,0,0
7.051127,0,0,0,0
4.768091,0,0,0,0
6.723668,0,0,0,0
7.200058,0,0,0,0
5.677830,0,0,0,0
5.905322,0,0,0,0
5.854824,0,0,0,0
6.421584,0,0,0,0
5.942922,0,0,0,0
6.160908,0,0,0,0
5.140608,0,0,0,0
9.070033,0,0,0,0
5.064255,0,0,0,0
6.148108,0,0,0,0
5.534053,0,0,0,0
8.018916,0,0,0,0
9.225427,0,0,0,0
9.456789,0,0,0,0
6.707699,0,0,0,0
8.476809,0,0,0,0
8.984847,0,0,0,0
5.723495,0,0,0,0
11.344013,0,0,0,0
7.327163,0,0,0,0
8.132133,0,0,0,0
7.749312,0,0,0,0
7.807617,0,0,0,0
7.620863,0,0,0,0
7.285818,0,0,0,0
7.825089,0,0,0,0
6.270254,0,0,0,0
8.776237,0,0,0,0
8.586955,0,0,0,0
10.659332,0,0,0,0
8.048004,0,0,0,0
9.829402,0,0,0,0
7.041111,0,0,0,0
7.682688,0,0,0,0
9.182866,0,0,0,0
8.307623,0,0,0,0
7.715296,0,0,0,0
10.681252,0,0,0,0
9.679960,0,0,0,0
10.618852,0,0,0,0
9.387541,0,0,0,0
17.508345,0,0,0,0
12.573724,0,0,0,0
11.285836,0,0,0,0
9.377045,0,0,0,0
8.691276,0,0,0,0
8.665068,0,0,0,0
9.518358,0,0,0,0
7.414108,0,0,0,0
6.825461,0,0,0,0
8.656940,0,0,0,0
10.975112,0,0,0,0
10.709573,0,0,0,0
9.352436,0,0,0,0
10.069181,0,0,0,0
8.911663,0,0,0,0
9.458549,0,0,0,0
11.029545,0,0,0,0
9.506870,0,0,0,0
9.632152,0,0,0,0
10.149150,0,0,0,0
8.833198,0,0,0,0
10.158462,0,0,0,0
13.655434,0,0,0,0
10.318112,0,0,0,0
9.901947,0,0,0,0
9.509207,0,0,0,0
11.782290,0,0,0,0
8.742957,0,0,0,0
12.113559,0,0,0,0
9.547639,0,0,0,0
12.148471,0,0,0,0
10.880903,0,0,0,0
9.564727,0,0,0,0
12.622749,0,0,0,0
12.589436,0,0,0,0
10.776070,0,0,0,0
11.323245,0,0,0,0
12.808159,0,0,0,0
11.790195,0,0,0,0
12.264281,0,0,0,0
11.547887,0,0,0,0
13.187812,0,0,0,0
14.174032,0,0,0,0
10.462370,0,0,0,0
14.770360,0,0,0,0
11.169515,0,0,0,0
10.410433,0,0,0,0
13.857964,0,0,0,0
9.377205,0,0,0,0
12.852704,0,0,0,0
10.917159,0,0,0,0
11.050377,0,0,0,0
10.870216,0,0,0,0
13.025890,0,0,0,0
10.689061,0,0,0,0
12.297848,0,0,0,0
13.969037,0,0,0,0
8.849422,0,0,0,0
10.193759,0,0,0,0
12.208983,0,0,0,0
8.989135,0,0,0,0
12.704542,0,0,0,0
9.666360,0,0,0,0
16.529421,0,0,0,0
10.324801,0,0,0,0
16.415436,0,0,0,0
12.036374,0,0,0,0
13.071266,0,0,0,0
13.794603,0,0,0,0
13.977773,0,0,0,0
12.810495,0,0,0,0
12.735454,0,0,0,0
13.243684,0,0,0,0
12.662717,0,0,0,0
14.668214,0,0,0,0
14.357874,0,0,0,0
13.882701,0,0,0,0
14.420211,0,0,0,0
17.400280,0,0,0,0
17.772093,0,0,0,0
14.875577,0,0,0,0
15.904166,0,0,0,0
15.988423,0,0,0,0
13.252580,0,0,0,0
17.914015,0,0,0,0
14.922010,0,0,0,0
11.811954,0,0,0,0
16.084263,0,0,0,0
15.143100,0,0,0,0
13.571208,0,0,0,0
15.770404,0,0,0,0
14.814648,0,0,0,0
17.048692,0,0,0,0
12.792863,0,0,0,0
17.780349,0,0,0,0
14.118095,0,0,0,0
16.075335,0,0,0,0
11.254732,0,0,0,0
15.624194,0,0,0,0
21.116038,0,0,0,0
12.763582,0,0,0,0
18.671496,0,0,0,0
18.303651,0,0,0,0
17.689340,0,0,0,0
17.170421,0,0,0,0
19.244943,0,0,0,0
15.669795,0,0,0,0
16.422860,0,0,0,0
18.781449,0,0,0,0
17.743644,0,0,0,0
15.527809,0,0,0,0
17.883326,0,0,0,0
19.932695,0,0,0,0
16.230345,0,0,0,0
16.563118,0,0,0,0
16.692527,0,0,0,0
18.724872,0,0,0,0
14.630550,0,0,0,0
13.873709,0,0,0,0
14.101231,0,0,0,0
16.496525,0,0,0,0
16.628558,0,0,0,0
21.282536,0,0,0,0
13.716714,0,0,0,0
16.742192,0,0,0,0
14.885241,0,0,0,0
18.428069,0,0,0,0
11.854324,0,0,0,0
18.957643,0,0,0,0
13.817964,0,0,0,0
15.516513,0,0,0,0
17.883870,0,0,0,0
20.602912,0,0,0,0
16.495789,0,0,0,0
20.366557,0,0,0,0
19.726677,0,0,0,0
15.269310,0,0,0,0
17.592346,0,0,0,0
14.666742,0,0,0,0
20.098201,0,0,0,0
17.142837,0,0,0,0
13.189475,0,0,0,0
14.303826,15,1342097728,-799770186,-265257180
12.856480,0,65535,65520,1079533276
13.034978,779934592,0,-588458424,-401871500
11.433358,65535,0,1066783306,1079474565
17.512762,16,-1,-1260285688,1391706843
9.446390,0,-1107820543,1068744197,1079525041
16.828593,779934848,3,2529,-316384471
12.278904,65535,-1,0,1079592774
13.613641,96,1092027836,799415888,-88785564
10.810695,0,1058447697,65535,1079322346
11.405581,116,0,799443312,-468391953
12.627133,0,0,65535,1079533415
10.097725,-800000832,0,0,1328210046
8.910991,65520,0,0,1079233312
10.211391,792304080,1000592896,0,341673238
9.915803,65535,1092177798,0,1079115325
11.997301,13,1052938334,-788752154,-1177027198
7.917763,0,-1067288610,65520,1079025001
13.117571,792303824,1031794164,-1445909185,1376313680
7.037400,65535,-1106267848,-1066934786,1078678569
7.880321,14,1049335016,-1509216525,-945305122
10.481250,0,1000592896,-1060668089,1079416758
7.483741,792304336,-1073741824,1122918791,1242173261
9.028048,65535,1068532591,1087615078,1078695121
10.634244,15,0,-2067041632,1998637261
