1403638538777829376.000000 -1.323904991 2.262594461 -0.928499639 -0.571023107 -0.615003288 -0.368508250 0.399881512
1403638539027829504.000000 -1.326413393 2.273410320 -0.927466750 -0.565782845 -0.609364390 -0.376529187 0.408400029
1403638539277829376.000000 -1.330235720 2.293222189 -0.901135683 -0.558226526 -0.599496424 -0.387693942 0.422706306
1403638539527829504.000000 -1.334132671 2.315389872 -0.829735577 -0.558750689 -0.603829384 -0.383825183 0.419363946
1403638540527829504.000000 -1.375514030 2.540934801 -0.700845182 -0.548657894 -0.620969534 -0.371424109 0.418826312
1403638542577829376.000000 -2.368180275 3.378879786 -0.471045136 -0.279101968 -0.762929559 -0.239054590 0.531877279
1403638542877829376.000000 -2.599281311 3.417866945 -0.430575281 -0.278234363 -0.770608902 -0.216512457 0.530914247
1403638543327829504.000000 -2.958871841 3.406345606 -0.322946429 -0.293172568 -0.771280348 -0.203417346 0.527065456
1403638543527829504.000000 -3.123898745 3.398831844 -0.304004431 -0.285181195 -0.775339603 -0.197296292 0.527820468
1403638543827829504.000000 -3.381742716 3.379642487 -0.288114667 -0.226646945 -0.795053422 -0.172124803 0.535625279
1403638545377829376.000000 -4.823669910 3.303013325 -0.123489469 -0.160292417 -0.804568052 -0.111493863 0.560843825
1403638545827829504.000000 -5.245701313 3.288833857 -0.180422664 -0.111273974 -0.815144241 -0.076004297 0.563366175
1403638546277829376.000000 -5.673453808 3.281282425 -0.119224779 -0.030229513 -0.825910330 -0.029023040 0.562241912
1403638546477829376.000000 -5.849892616 3.256117105 -0.129358888 -0.025845144 -0.826074839 -0.018158885 0.562674582
1403638546827829504.000000 -6.181087494 3.212879181 -0.110331714 -0.004710666 -0.827130616 -0.008920308 0.561919093
1403638547277829376.000000 -6.633931637 3.150891542 -0.074603945 0.011908339 -0.827229261 -0.015659668 0.561520100
1403638547527829504.000000 -6.902532101 3.060962915 -0.046615131 0.002501591 -0.829229891 -0.005781482 0.558872163
1403638547777829376.000000 -7.177593708 2.963444948 -0.079993740 -0.001068218 -0.829618096 -0.007063923 0.558285713
1403638548627829504.000000 -8.165322304 2.550758123 -0.097676918 0.066352934 -0.827594757 0.039364185 0.555998802
1403638548827829504.000000 -8.422314644 2.437636614 -0.082826219 0.077617921 -0.827127397 0.046837818 0.554654956
1403638549227829504.000000 -8.932430267 2.210361004 0.022330889 0.079360671 -0.826041996 0.051433343 0.555617869
1403638549627829504.000000 -9.447231293 1.994567633 0.165804490 0.071849227 -0.822742879 0.057501230 0.560914814
1403638550027829504.000000 -9.973892212 1.793840408 0.301221162 0.070845619 -0.824339509 0.056851301 0.558760524
1403638550227829504.000000 -10.250394821 1.699391484 0.410985082 0.070988581 -0.825292706 0.058829967 0.557128012
1403638550427829504.000000 -10.527622223 1.610075951 0.541925192 0.072396688 -0.824657142 0.059041195 0.557865202
1403638550827829504.000000 -11.084832191 1.453786969 0.741101563 0.066676475 -0.816027403 0.067832656 0.570133567
1403638551127829504.000000 -11.482467651 1.377283931 0.852375984 0.065064289 -0.803150773 0.070418373 0.588010907
1403638551327829504.000000 -11.716927528 1.355861425 0.922283113 0.059859805 -0.805076063 0.074272051 0.585451126
1403638553577829376.000000 -13.042309761 2.852105618 1.380799413 -0.040558387 -0.786671579 -0.023521299 0.615588844
1403638556177829376.000000 -11.491064072 5.061739922 1.799612403 -0.087476440 -0.820271432 -0.048214119 0.563185573
1403638558427829504.000000 -10.898061752 7.474520206 2.078758478 -0.085148446 -0.837192237 -0.054890234 0.537443995
1403638560977829376.000000 -11.972226143 10.108839035 1.953767419 -0.313746214 -0.740698278 -0.189458922 0.563058376
1403638563627829504.000000 -10.814889908 11.335297585 1.760272622 -0.554434478 -0.577148259 -0.378809184 0.464764476
1403638563927829504.000000 -10.503379822 11.306797981 1.753067970 -0.557984471 -0.579375803 -0.366708905 0.467441469
1403638564177829376.000000 -10.204850197 11.240970612 1.767377496 -0.551847219 -0.584134459 -0.361344159 0.472950339
1403638565027829504.000000 -8.908185005 10.803467751 1.739804387 -0.547194600 -0.585440516 -0.350874692 0.484483629
1403638565227829504.000000 -8.548590660 10.653006554 1.633983493 -0.548061311 -0.586588264 -0.349914789 0.482807070
1403638566977829376.000000 -5.160924435 8.888764381 0.611666977 -0.548449278 -0.640197217 -0.349623710 0.408796221
1403638567177829376.000000 -4.835096836 8.725251198 0.456893086 -0.533293545 -0.626552939 -0.369868577 0.431540012
1403638567577829376.000000 -4.224385262 8.412926674 0.100542501 -0.530838072 -0.620997369 -0.380509764 0.433342308
1403638568027829504.000000 -3.635020256 8.085475922 -0.179065257 -0.540720880 -0.627259970 -0.374153018 0.417343318
1403638569777829376.000000 -2.456349134 7.471835136 -0.644534945 -0.533716321 -0.629143834 -0.386065453 0.412648171
1403638572577829376.000000 -1.000590563 6.837445259 -1.139322400 -0.760456681 -0.331056952 -0.501880884 0.245403036
1403638573277829376.000000 -0.084963717 6.582299709 -1.076501966 -0.765494645 -0.338409156 -0.500186980 0.222059309
1403638573477829376.000000 0.185453475 6.555613518 -1.065660477 -0.765396535 -0.338933796 -0.501034021 0.219674543
1403638573677829376.000000 0.465477020 6.564142227 -1.012022495 -0.766067743 -0.339298308 -0.502502620 0.213326201
1403638573877829376.000000 0.741855621 6.594908237 -0.941152751 -0.763855338 -0.324394405 -0.520637393 0.200574383
1403638574477829376.000000 1.559324265 6.702943325 -0.848551571 -0.794560969 -0.169060558 -0.560466409 0.161148578
1403638574727829504.000000 1.881155133 6.695702076 -0.832086146 -0.800431013 -0.141682997 -0.569050968 0.124166228
1403638574927829504.000000 2.128469229 6.673833370 -0.802005708 -0.808770061 -0.139279559 -0.561227918 0.107310571
1403638575227829504.000000 2.480769157 6.642674923 -0.776528597 -0.814697981 -0.129831970 -0.552026629 0.121150404
1403638575727829504.000000 3.112622499 6.555105209 -0.809850574 -0.820286751 -0.154913798 -0.539595246 0.109399676
1403638576227829504.000000 3.835291386 6.509651661 -0.679767907 -0.819170058 -0.164702132 -0.539492548 0.103834242
1403638576527829504.000000 4.298642635 6.536681652 -0.599911571 -0.816315174 -0.175911129 -0.543402195 0.086017691
1403638576777829376.000000 4.697468281 6.605918884 -0.566508889 -0.811242461 -0.180994138 -0.550354898 0.078970566
1403638577027829504.000000 5.083951950 6.720563412 -0.564324737 -0.804094017 -0.169954568 -0.561696827 0.095104203
1403638577327829504.000000 5.518853188 6.892867565 -0.540202379 -0.803038716 -0.166530743 -0.563563645 0.098956734
1403638577777829376.000000 6.123142242 7.211253166 -0.441758633 -0.804914176 -0.170714125 -0.560203195 0.095615767
1403638578027829504.000000 6.431236267 7.412874699 -0.432144582 -0.804450035 -0.172126204 -0.560317576 0.096317053
1403638578327829504.000000 6.788472652 7.681499481 -0.379828185 -0.806233287 -0.157803327 -0.557386398 0.120027266
1403638578627829504.000000 7.132120609 7.934895515 -0.346923947 -0.805900514 -0.156145856 -0.558423221 0.119608782
1403638578877829376.000000 7.410853386 8.130590439 -0.341424018 -0.803138196 -0.165163994 -0.562554419 0.105935849
1403638579077829376.000000 7.630815506 8.297667503 -0.320775717 -0.801985919 -0.168552041 -0.563718021 0.103105947
1403638579477829376.000000 8.060020447 8.655881882 -0.269194990 -0.802688062 -0.155648336 -0.562227368 0.123959765
1403638582177829376.000000 9.332169533 10.063364029 -0.323267877 -0.675926447 -0.451115280 -0.491024733 0.313868195
1403638584927829504.000000 8.489947319 10.335128784 0.421367645 -0.676658988 -0.449847549 -0.490392238 0.315095574
1403638587877829376.000000 6.168087006 10.094766617 0.547683477 -0.684717417 -0.445123315 -0.484437883 0.313603669
1403638589027829504.000000 5.102606773 9.919939995 0.450127780 -0.683569014 -0.443073124 -0.486652434 0.315577209
1403638591577829376.000000 2.885068893 9.336891174 0.262503207 -0.713454664 -0.452015817 -0.449037731 0.291597843
1403638591827829504.000000 2.752133608 9.366064072 0.219342351 -0.711409807 -0.449774146 -0.452497452 0.294695586
1403638592877829376.000000 2.511893511 9.753998756 0.503112853 -0.664762259 -0.503764451 -0.430743068 0.344634444
1403638593427829504.000000 2.551348925 10.045468330 0.720518887 -0.646618426 -0.509205520 -0.453541577 0.341898441
1403638595377829376.000000 2.330218315 10.560429573 1.311465502 -0.631552219 -0.512718081 -0.449418694 0.369167715
1403638596177829376.000000 2.125665665 10.503335953 1.282258749 -0.619985044 -0.527979910 -0.466346622 0.345509171
1403638596477829376.000000 1.980996251 10.468232155 1.268923163 -0.604067087 -0.543107450 -0.484371632 0.324840724
1403638596777829376.000000 1.714614034 10.441323280 1.324842334 -0.592560589 -0.552930355 -0.496541291 0.310784161
1403638597227829504.000000 1.014619589 10.423622131 1.476008177 -0.586366415 -0.550843656 -0.507528722 0.308480710
1403638597427829504.000000 0.590657890 10.413523674 1.522834778 -0.592045248 -0.540789783 -0.503889918 0.321128786
1403638597627829504.000000 0.115610868 10.395203590 1.548461318 -0.600693107 -0.525071144 -0.495166421 0.343916267
1403638597827829504.000000 -0.391313612 10.364876747 1.542014241 -0.594833732 -0.532671392 -0.498053402 0.338196427
1403638598027829504.000000 -0.929509461 10.319770813 1.523565412 -0.583504558 -0.547104180 -0.497720301 0.335371524
1403638598227829504.000000 -1.509398580 10.271124840 1.515826821 -0.595430076 -0.540368974 -0.472148001 0.361304253
1403638598427829504.000000 -2.098781586 10.206918716 1.509747267 -0.606542885 -0.536772668 -0.453377366 0.372061729
1403638598677829376.000000 -2.826419115 10.115060806 1.467556477 -0.601814747 -0.546517968 -0.443174630 0.377800852
1403638598877829376.000000 -3.397847652 10.041563034 1.415248513 -0.583658993 -0.565950513 -0.432072461 0.390327513
1403638599077829376.000000 -3.956705809 9.965172768 1.369077682 -0.560301244 -0.589254320 -0.417013109 0.406130522
1403638599277829376.000000 -4.509607315 9.881299973 1.343250632 -0.534811795 -0.614188612 -0.399065733 0.421301901
1403638599527829504.000000 -5.187125683 9.765844345 1.365016937 -0.510562658 -0.640240431 -0.376437962 0.433257937
1403638599777829376.000000 -5.855751514 9.644535065 1.368942142 -0.506501734 -0.647753656 -0.366366595 0.435484558
1403638600227829504.000000 -7.006694794 9.470476151 1.330349207 -0.533954144 -0.633937240 -0.338351518 0.445572495
1403638600427829504.000000 -7.481600285 9.407472610 1.297309399 -0.549811959 -0.625064373 -0.321142852 0.451518178
1403638600627829504.000000 -7.903394699 9.366695404 1.287882447 -0.554840207 -0.624476075 -0.317812473 0.448527902
1403638600827829504.000000 -8.271367073 9.362812042 1.306645632 -0.558588445 -0.629131079 -0.312269658 0.441203803
1403638601027829504.000000 -8.591853142 9.400419235 1.346694946 -0.542858481 -0.647863626 -0.331540287 0.419116318
1403638601227829504.000000 -8.900748253 9.482760429 1.340407848 -0.528778493 -0.652407110 -0.349052936 0.415837020
1403638601777829376.000000 -9.761082649 9.784550667 1.404779196 -0.456969976 -0.681266606 -0.332516909 0.465281427
1403638602027829504.000000 -10.156023026 9.906984329 1.501278281 -0.403313756 -0.713653266 -0.304327190 0.485203087
1403638602327829504.000000 -10.646306992 10.039799690 1.559671402 -0.353801280 -0.729616404 -0.288392693 0.509229183
1403638602777829376.000000 -11.308693886 10.086467743 1.698810339 -0.274291784 -0.712589085 -0.221721649 0.606482089
1403638603377829376.000000 -11.665303230 9.841208458 1.900408506 -0.203522131 -0.773732126 -0.133796111 0.584821224
1403638604427829504.000000 -11.537134171 9.142347336 1.872936487 -0.176376596 -0.780564427 -0.145497859 0.581756830
1403638604677829376.000000 -11.429543495 8.873323441 1.881761312 -0.183488414 -0.789835155 -0.136974722 0.568973184
1403638604977829376.000000 -11.296619415 8.545722008 1.876021504 -0.191989914 -0.797786415 -0.126018211 0.557490945
1403638605827829504.000000 -11.028318405 7.710622787 1.963920832 -0.159574866 -0.800044060 -0.169081062 0.553061485
1403638606227829504.000000 -11.002609253 7.206059933 2.029371977 -0.154482350 -0.802601576 -0.180160135 0.547273576
1403638606427829504.000000 -11.016415596 6.910076618 2.013812304 -0.169091597 -0.809271693 -0.163341433 0.538337290
1403638606877829376.000000 -11.139582634 6.210787773 1.918671727 -0.166878894 -0.829430759 -0.111024670 0.521411180
1403638607127829504.000000 -11.282605171 5.858111858 1.883603334 -0.130108520 -0.834727645 -0.073632605 0.529981017
1403638607327829504.000000 -11.426423073 5.607414722 1.886873960 -0.107685596 -0.821913242 -0.061445814 0.555955768
1403638608027829504.000000 -11.921744347 4.884319305 1.664295673 -0.109734297 -0.815103590 -0.045212712 0.567027807
1403638608277829376.000000 -12.086483002 4.690834522 1.522151709 -0.103783034 -0.807372689 -0.061338235 0.577595115
1403638608827829504.000000 -12.360879898 4.307829857 1.161524177 -0.103424817 -0.800788641 -0.063988395 0.586469412
1403638609077829376.000000 -12.436605453 4.149837494 1.050076485 -0.107816704 -0.808918774 -0.057411779 0.575091243
1403638609327829504.000000 -12.490988731 4.013889790 0.955811203 -0.114054285 -0.804794967 -0.049156830 0.580413997
1403638609577829376.000000 -12.515574455 3.903429985 0.815668106 -0.110582754 -0.807743132 -0.056439638 0.576313317
1403638609927829504.000000 -12.528960228 3.786289215 0.607197106 -0.108886950 -0.808678806 -0.058705091 0.575096488
1403638610427829504.000000 -12.485014915 3.667834759 0.382555902 -0.110041641 -0.797260225 -0.059271682 0.590553999
1403638610827829504.000000 -12.348274231 3.601934433 0.156911582 -0.109336145 -0.795427322 -0.058323920 0.593244791
1403638611227829504.000000 -12.118608475 3.565162659 -0.023761470 -0.107107148 -0.794461071 -0.055752680 0.595190227
1403638611627829504.000000 -11.808653831 3.547640085 -0.168104991 -0.088117756 -0.801492810 -0.085533842 0.585259497
1403638611927829504.000000 -11.548504829 3.503996611 -0.252422363 -0.105575107 -0.806371748 -0.064361572 0.578339040
1403638612177829376.000000 -11.328084946 3.469889402 -0.330582947 -0.110796489 -0.808255017 -0.059417628 0.575254440
1403638612477829376.000000 -11.068129539 3.449211359 -0.373031765 -0.110400766 -0.806700706 -0.063557453 0.577066779
1403638612727829504.000000 -10.847000122 3.440563917 -0.436409503 -0.104987435 -0.805303931 -0.078212738 0.578226686
1403638612977829376.000000 -10.620105743 3.421632290 -0.514192462 -0.108097672 -0.801637650 -0.081469312 0.582284033
1403638613277829376.000000 -10.341604233 3.378849030 -0.553314805 -0.112802446 -0.805376887 -0.078001171 0.576679826
1403638613677829376.000000 -9.973754883 3.315089226 -0.581329882 -0.121776171 -0.799054801 -0.079935506 0.583345771
1403638613977829376.000000 -9.676156044 3.264598846 -0.665224791 -0.146021798 -0.788514793 -0.094537519 0.589902222
1403638614227829504.000000 -9.396069527 3.222387552 -0.752836704 -0.185611069 -0.786560953 -0.124770865 0.575588942
1403638614477829376.000000 -9.103892326 3.173093557 -0.803401887 -0.215037644 -0.783285797 -0.139209703 0.566430032
1403638614727829504.000000 -8.806665421 3.127701521 -0.803673685 -0.245993361 -0.776439548 -0.144882023 0.561816931
1403638614977829376.000000 -8.496271133 3.103757143 -0.753322482 -0.297178358 -0.768258154 -0.159511968 0.544077575
1403638615227829504.000000 -8.172737122 3.117913723 -0.669715405 -0.345420808 -0.744487107 -0.215631172 0.529080927
1403638615477829376.000000 -7.850637436 3.154203892 -0.591462493 -0.399509877 -0.710460365 -0.269873619 0.512646258
1403638615727829504.000000 -7.538260937 3.187394381 -0.542980492 -0.440936238 -0.684639633 -0.301040769 0.496203870
1403638615977829376.000000 -7.231227875 3.209179401 -0.472205162 -0.465882868 -0.668796659 -0.313937396 0.486936837
1403638616227829504.000000 -6.920727253 3.222136021 -0.437972695 -0.494512051 -0.648705363 -0.332915813 0.473081678
1403638616477829376.000000 -6.605646133 3.229087830 -0.490145624 -0.531691492 -0.620522559 -0.355255961 0.453926325
1403638616977829376.000000 -5.979763031 3.264482021 -0.674809575 -0.572022200 -0.612174928 -0.346935898 0.421506852
1403638617477829376.000000 -5.351441383 3.440119028 -0.718408704 -0.555851936 -0.628659666 -0.355761856 0.411399156
1403638618027829504.000000 -4.759337902 3.785657406 -0.551412106 -0.543311000 -0.635158062 -0.359163612 0.415197551
1403638618327829504.000000 -4.484689713 4.029289246 -0.468680590 -0.540367961 -0.636610091 -0.358242422 0.417603314
1403638618627829504.000000 -4.240880966 4.299505711 -0.417353451 -0.539249122 -0.636100531 -0.360625386 0.417774826
1403638618927829504.000000 -4.029965878 4.597249508 -0.352541924 -0.545203686 -0.625736892 -0.371889740 0.415817767
1403638619227829504.000000 -3.844355583 4.907661438 -0.309686989 -0.575171411 -0.585711896 -0.406585038 0.401008666
1403638619527829504.000000 -3.681898355 5.207376480 -0.337943912 -0.618752897 -0.534016371 -0.435147911 0.377647698
1403638622277829376.000000 -2.030040741 6.620028496 -0.675426483 -0.618046105 -0.513006449 -0.454804242 0.384703219
1403638624927829504.000000 -1.583724737 4.783941269 -0.575854719 -0.624766231 -0.520176232 -0.448271155 0.371667594
1403638625277829376.000000 -1.554883957 4.397721291 -0.575470448 -0.624073744 -0.524469256 -0.433318555 0.384316236
1403638625577829376.000000 -1.524027824 4.062269211 -0.578788340 -0.623257399 -0.525482297 -0.432122052 0.385602206
1403638625877829376.000000 -1.481657505 3.733497381 -0.544448614 -0.629528046 -0.530664742 -0.424371183 0.376826912
1403638626177829376.000000 -1.422665477 3.433878422 -0.554566562 -0.631629229 -0.531356156 -0.423101634 0.373751432
1403638626427829504.000000 -1.365885735 3.206409693 -0.601587951 -0.622115791 -0.532743275 -0.437376767 0.371292621
1403638626727829504.000000 -1.309048891 2.952026844 -0.650331795 -0.625953138 -0.537395477 -0.430973351 0.365582764
1403638627027829504.000000 -1.264238834 2.735810041 -0.650457978 -0.630739391 -0.541236877 -0.423285425 0.360638201
1403638627327829504.000000 -1.225952983 2.570357800 -0.647588193 -0.628510952 -0.542870224 -0.424953192 0.360112220
1403638627627829504.000000 -1.191875577 2.434806108 -0.681841731 -0.625023484 -0.543021679 -0.430409431 0.359473020
1403638627977829376.000000 -1.169053555 2.332730532 -0.748732150 -0.623189330 -0.541677654 -0.434429348 0.359849185
1403638628277829376.000000 -1.164413691 2.274257660 -0.794005930 -0.625201464 -0.542429984 -0.433847100 0.355906665
1403638628577829376.000000 -1.180280447 2.235196829 -0.805814385 -0.627494037 -0.528188109 -0.431287766 0.375844926
1403638628877829376.000000 -1.186317086 2.204781294 -0.814816117 -0.627169847 -0.525250912 -0.432607263 0.378973007
1403638629177829376.000000 -1.187886953 2.176036596 -0.825272202 -0.623803198 -0.533007801 -0.437736124 0.367640316
1403638629427829504.000000 -1.202257395 2.156943321 -0.818866253 -0.627035797 -0.538274646 -0.433502436 0.359391361
1403638629777829376.000000 -1.232523799 2.152271509 -0.811961174 -0.639534116 -0.524585724 -0.417834967 0.375792474
1403638630027829504.000000 -1.233873844 2.170131445 -0.827824116 -0.623649955 -0.517955065 -0.442279845 0.383629799
1403638630377829376.000000 -1.228422880 2.195157051 -0.902514279 -0.640409112 -0.554842472 -0.415580869 0.330633640
1403638630577829376.000000 -1.254637480 2.249802589 -0.898906827 -0.631843269 -0.545793891 -0.425611109 0.348910362
1403638630927829504.000000 -1.289812922 2.357811689 -0.975855291 -0.640238822 -0.573731661 -0.400955498 0.316482008
1403638631427829504.000000 -1.413923144 2.649477959 -1.070027351 -0.642101526 -0.572220564 -0.399034560 0.317869216
