#LBA time[ms],KF opt[#],KF fixed[#],MP[#],Edges[#]
0.005269,3,1,0,950
0.003045,4,1,0,943
0.362502,5,1,0,1467
0.530628,6,1,0,1958
0.275609,7,1,0,2275
0.837629,8,1,0,2646
0.888584,9,1,0,2932
1.108499,10,1,0,3046
1.265287,0,0,0,0
55.460019,0,0,0,0
1.378481,0,0,0,0
1.294853,0,0,0,0
1.513765,0,0,0,0
1.443597,0,0,0,0
1.576858,0,0,0,0
1.656468,0,0,0,0
1.876617,0,0,0,0
2.003675,0,0,0,0
2.435890,0,0,0,0
2.179850,0,0,0,0
2.337229,0,0,0,0
3.101856,0,0,0,0
3.329105,0,0,0,0
3.346556,0,0,0,0
3.278543,0,0,0,0
3.106257,0,0,0,0
3.210099,0,0,0,0
3.558841,0,0,0,0
3.166256,0,0,0,0
2.634417,0,0,0,0
4.515329,0,0,0,0
3.170713,0,0,0,0
3.569736,0,0,0,0
3.389952,0,0,0,0
3.573188,0,0,0,0
2.501563,0,0,0,0
3.363513,0,0,0,0
3.395726,0,0,0,0
3.792402,0,0,0,0
2.472885,0,0,0,0
3.896726,0,0,0,0
2.999895,0,0,0,0
2.261176,0,0,0,0
3.753944,0,0,0,0
4.122830,0,0,0,0
2.625055,0,0,0,0
2.814849,0,0,0,0
2.443331,0,0,0,0
3.308680,0,0,0,0
3.702103,0,0,0,0
4.071609,0,0,0,0
3.770102,0,0,0,0
4.137346,0,0,0,0
2.386077,0,0,0,0
3.044717,0,0,0,0
3.492791,0,0,0,0
3.071669,0,0,0,0
2.746847,0,0,0,0
3.187509,0,0,0,0
3.675811,0,0,0,0
4.376212,0,0,0,0
3.390057,0,0,0,0
3.803647,0,0,0,0
3.142278,0,0,0,0
2.633089,0,0,0,0
4.107020,0,0,0,0
3.858102,0,0,0,0
3.156374,0,0,0,0
2.554406,0,0,0,0
3.622849,0,0,0,0
4.147910,0,0,0,0
2.240130,0,0,0,0
3.765309,0,0,0,0
2.803951,0,0,0,0
3.278733,0,0,0,0
2.236068,0,0,0,0
2.820433,0,0,0,0
2.776626,0,0,0,0
3.071032,0,0,0,0
2.993494,0,0,0,0
4.015746,0,0,0,0
3.309360,0,0,0,0
3.008107,0,0,0,0
4.541976,0,0,0,0
3.506566,0,0,0,0
2.877585,0,0,0,0
2.541232,0,0,0,0
3.713549,0,0,0,0
3.691597,0,0,0,0
3.317529,0,0,0,0
3.203405,0,0,0,0
5.348895,0,0,0,0
2.578012,0,0,0,0
3.460255,0,0,0,0
4.878935,0,0,0,0
2.390644,0,0,0,0
4.781421,0,0,0,0
2.978204,0,0,0,0
2.211875,0,0,0,0
4.100840,0,0,0,0
3.142480,0,0,0,0
2.758068,0,0,0,0
2.362373,0,0,0,0
3.863920,0,0,0,0
2.432971,0,0,0,0
5.554931,0,0,0,0
3.127654,0,0,0,0
2.704657,0,0,0,0
4.524657,0,0,0,0
2.795026,0,0,0,0
3.527955,0,0,0,0
2.531390,0,0,0,0
3.390014,0,0,0,0
4.068043,0,0,0,0
4.284647,0,0,0,0
4.471747,0,0,0,0
4.189409,0,0,0,0
3.829654,0,0,0,0
6.053381,0,0,0,0
4.819990,0,0,0,0
4.741517,0,0,0,0
4.694092,0,0,0,0
4.824782,0,0,0,0
5.709030,0,0,0,0
8.437119,0,0,0,0
9.121559,0,0,0,0
6.863796,0,0,0,0
8.193628,0,0,0,0
8.743830,0,0,0,0
7.109927,0,0,0,0
5.930310,0,0,0,0
7.859371,0,0,0,0
8.103869,0,0,0,0
7.781251,0,0,0,0
7.966665,0,0,0,0
7.448719,0,0,0,0
9.138083,0,0,0,0
7.741073,0,0,0,0
8.191340,0,0,0,0
7.782124,0,0,0,0
7.208540,0,0,0,0
9.546310,0,0,0,0
9.050787,0,0,0,0
11.160223,0,0,0,0
8.526109,0,0,0,0
9.334280,0,0,0,0
11.814707,0,0,0,0
9.313013,0,0,0,0
9.086551,0,0,0,0
8.466874,0,0,0,0
7.887244,0,0,0,0
8.751875,0,0,0,0
11.858438,0,0,0,0
12.706649,0,0,0,0
9.021415,0,0,0,0
9.164084,0,0,0,0
11.197396,0,0,0,0
7.560364,0,0,0,0
10.628918,0,0,0,0
7.605557,0,0,0,0
7.635960,0,0,0,0
8.917715,0,0,0,0
9.013838,0,0,0,0
7.846893,0,0,0,0
8.892564,0,0,0,0
9.023904,0,0,0,0
9.354491,0,0,0,0
8.487239,0,0,0,0
7.647988,0,0,0,0
8.083974,0,0,0,0
11.095100,0,0,0,0
8.275762,0,0,0,0
6.176437,0,0,0,0
7.695051,0,0,0,0
5.418978,0,0,0,0
6.599303,0,0,0,0
7.459253,0,0,0,0
8.469874,0,0,0,0
9.733445,0,0,0,0
7.776977,0,0,0,0
8.461221,0,0,0,0
7.913536,0,0,0,0
6.629852,0,0,0,0
5.410388,0,0,0,0
7.647689,0,0,0,0
7.022348,0,0,0,0
7.080616,0,0,0,0
7.149299,0,0,0,0
7.204903,0,0,0,0
5.616038,0,0,0,0
8.773254,0,0,0,0
9.005493,0,0,0,0
8.352807,0,0,0,0
6.625311,0,0,0,0
7.215807,0,0,0,0
5.846459,0,0,0,0
7.151990,0,0,0,0
5.999917,0,0,0,0
8.397421,0,0,0,0
5.303984,0,0,0,0
7.294175,0,0,0,0
7.482069,0,0,0,0
7.539431,0,0,0,0
8.168341,0,0,0,0
5.814362,0,0,0,0
6.373261,0,0,0,0
7.192682,0,0,0,0
7.876842,0,0,0,0
7.547666,0,0,0,0
7.443159,0,0,0,0
8.281100,0,0,0,0
7.610401,0,0,0,0
7.027942,0,0,0,0
7.466486,0,0,0,0
8.541806,0,0,0,0
8.562730,0,0,0,0
8.029609,0,0,0,0
8.065214,0,0,0,0
7.914905,0,0,0,0
8.202856,0,0,0,0
7.734016,0,0,0,0
9.980442,0,0,0,0
9.411706,0,0,0,0
8.336703,0,0,0,0
8.395843,0,0,0,0
10.679581,0,0,0,0
9.959038,0,0,0,0
7.762121,0,0,0,0
9.721646,0,0,0,0
8.332317,0,0,0,0
9.276361,0,0,0,0
10.397798,0,0,0,0
6.457274,0,0,0,0
8.389399,0,0,0,0
8.309216,0,0,0,0
8.558566,0,0,0,0
8.544956,0,0,0,0
8.108865,0,0,0,0
10.260563,0,0,0,0
5.657540,0,0,0,0
6.029666,0,0,0,0
5.121999,0,0,0,0
3.944417,0,0,0,0
4.830716,0,0,0,0
4.531558,0,0,0,0
5.650248,0,0,0,0
3.673142,0,0,0,0
3.826394,0,0,0,0
5.461695,0,0,0,0
4.159047,0,0,0,0
4.206241,0,0,0,0
4.589515,0,0,0,0
4.333797,0,0,0,0
5.944848,0,0,0,0
3.267970,0,0,0,0
5.089530,0,0,0,0
8.181043,0,0,0,0
4.917592,0,0,0,0
5.932332,0,0,0,0
4.462766,0,0,0,0
4.034297,0,0,0,0
3.419388,0,0,0,0
3.754603,0,0,0,0
3.694030,0,0,0,0
3.890745,0,0,0,0
4.054927,0,0,0,0
4.325572,0,0,0,0
3.178469,0,0,0,0
5.142085,0,0,0,0
5.064834,0,0,0,0
4.097071,0,0,0,0
4.328782,0,0,0,0
4.005646,0,0,0,0
5.759854,0,0,0,0
4.145539,0,0,0,0
4.806734,0,0,0,0
5.083247,0,0,0,0
3.643371,0,0,0,0
5.077774,0,0,0,0
4.424207,0,0,0,0
5.092830,0,0,0,0
4.585910,0,0,0,0
5.065551,0,0,0,0
4.142321,0,0,0,0
4.643658,0,0,0,0
4.832923,0,0,0,0
4.041879,0,0,0,0
5.435018,0,0,0,0
4.484624,0,0,0,0
6.066763,0,0,0,0
5.432405,0,0,0,0
5.944311,0,0,0,0
6.107414,0,0,0,0
5.667408,0,0,0,0
6.668776,0,0,0,0
9.834545,0,0,0,0
6.268323,0,0,0,0
5.416538,0,0,0,0
6.056144,0,0,0,0
6.513531,0,0,0,0
5.904831,0,0,0,0
6.541234,0,0,0,0
4.394698,0,0,0,0
6.859189,0,0,0,0
4.955107,0,0,0,0
4.741895,0,0,0,0
6.423079,0,0,0,0
7.641837,0,0,0,0
5.459581,0,0,0,0
9.069380,0,0,0,0
4.550300,0,0,0,0
5.301866,0,0,0,0
7.472590,0,0,0,0
4.689492,0,0,0,0
6.261255,0,0,0,0
4.463409,0,0,0,0
6.732546,0,0,0,0
5.838856,0,0,0,0
5.551943,0,0,0,0
8.178140,0,0,0,0
8.429784,0,0,0,0
5.650147,0,0,0,0
6.986196,0,0,0,0
11.060241,0,0,0,0
8.365853,0,0,0,0
6.827328,0,0,0,0
8.830318,0,0,0,0
9.694900,0,0,0,0
7.093449,0,0,0,0
13.093850,0,0,0,0
8.837924,0,0,0,0
10.071927,0,0,0,0
9.460306,0,0,0,0
8.929714,0,0,0,0
8.567656,0,0,0,0
15.931971,0,0,0,0
11.439367,0,0,0,0
9.503793,0,0,0,0
12.651645,0,0,0,0
7.455431,0,0,0,0
12.445677,0,0,0,0
8.509669,0,0,0,0
11.317980,0,0,0,0
9.639648,0,0,0,0
8.737348,0,0,0,0
7.687336,0,0,0,0
8.598673,0,0,0,0
6.687437,0,0,0,0
4.900322,0,0,0,0
8.935815,0,0,0,0
6.827558,0,0,0,0
8.103895,0,0,0,0
10.364060,0,0,0,0
6.543648,0,0,0,0
7.327933,0,0,0,0
9.072843,0,0,0,0
9.089292,0,0,0,0
7.288775,0,0,0,0
7.552181,0,0,0,0
9.109579,0,0,0,0
7.695516,0,0,0,0
8.391610,0,0,0,0
7.460206,0,0,0,0
8.044618,0,0,0,0
6.938471,0,0,0,0
8.219743,0,0,0,0
7.016362,0,0,0,0
7.178635,0,0,0,0
6.410153,0,0,0,0
12.374624,0,0,0,0
11.098642,0,0,0,0
9.686215,0,0,0,0
11.129298,0,0,0,0
11.903228,0,0,0,0
10.059303,0,0,0,0
12.227601,0,0,0,0
9.100786,0,0,0,0
11.546703,0,0,0,0
7.757652,0,0,0,0
8.076001,0,0,0,0
9.128665,0,0,0,0
8.880132,0,0,0,0
9.241530,0,0,0,0
9.341878,0,0,0,0
8.121948,0,0,0,0
8.555686,0,0,0,0
7.369076,0,0,0,0
11.523848,0,0,0,0
7.263852,0,0,0,0
8.609993,0,0,0,0
7.256797,0,0,0,0
8.030803,0,0,0,0
7.698065,0,0,0,0
9.453141,0,0,0,0
6.436340,0,0,0,0
6.696298,0,0,0,0
8.657189,0,0,0,0
11.155219,0,0,0,0
12.096048,0,0,0,0
10.869729,0,0,0,0
9.951594,0,0,0,0
9.973832,0,0,0,0
11.132999,0,0,0,0
9.386785,0,0,0,0
9.361567,0,0,0,0
13.263134,0,0,0,0
10.058074,0,0,0,0
9.664858,0,0,0,0
9.484954,0,0,0,0
11.720372,0,0,0,0
12.526660,0,0,0,0
13.926607,0,0,0,0
13.048956,0,0,0,0
14.109332,0,0,0,0
13.908498,0,0,0,0
12.823812,0,0,0,0
13.964410,0,0,0,0
12.644420,0,0,0,0
13.296871,0,0,0,0
15.332182,0,0,0,0
12.416388,0,0,0,0
10.673609,0,0,0,0
14.922338,0,0,0,0
14.697986,0,0,0,0
14.699714,0,0,0,0
10.847912,0,0,0,0
12.788149,0,0,0,0
13.033422,0,0,0,0
11.148484,0,0,0,0
17.434065,0,0,0,0
11.842779,0,0,0,0
13.852943,0,0,0,0
12.201973,0,0,0,0
13.145203,0,0,0,0
12.911773,0,0,0,0
13.730170,0,0,0,0
12.529343,0,0,0,0
12.162047,0,0,0,0
12.364676,0,0,0,0
9.131767,0,0,0,0
14.125988,0,0,0,0
13.737615,0,0,0,0
12.750242,0,0,0,0
10.872653,0,0,0,0
12.749598,0,0,0,0
12.475952,0,0,0,0
12.943184,0,0,0,0
16.530724,0,0,0,0
11.380972,0,0,0,0
14.027707,0,0,0,0
13.058256,0,0,0,0
10.246874,0,0,0,0
12.097364,0,0,0,0
15.003554,0,0,0,0
13.553101,0,0,0,0
15.404012,0,0,0,0
15.199633,0,0,0,0
14.660859,0,0,0,0
19.790330,0,0,0,0
21.110685,0,0,0,0
20.630554,0,0,0,0
17.295965,0,0,0,0
12.897666,0,0,0,0
16.417411,0,0,0,0
20.725639,0,0,0,0
15.367150,0,0,0,0
13.518100,0,0,0,0
14.250548,0,0,0,0
13.341197,0,0,0,0
10.968837,0,0,0,0
13.676851,0,0,0,0
14.229626,0,0,0,0
10.727579,0,0,0,0
17.245351,0,0,0,0
15.570868,0,0,0,0
25.106756,0,0,0,0
11.600976,0,0,0,0
18.791444,0,0,0,0
21.565745,0,0,0,0
16.957918,0,0,0,0
17.143612,0,0,0,0
18.348268,0,0,0,0
18.975580,0,0,0,0
20.766982,0,0,0,0
14.191809,0,0,0,0
15.557900,0,0,0,0
20.403649,0,0,0,0
15.321583,0,0,0,0
19.970345,0,0,0,0
16.760659,0,0,0,0
20.244176,0,0,0,0
24.530811,0,0,0,0
18.735925,0,0,0,0
18.117121,0,0,0,0
15.663522,0,0,0,0
19.059583,0,0,0,0
18.446660,0,0,0,0
20.597059,0,0,0,0
16.793799,0,0,0,0
18.877523,0,0,0,0
18.672486,0,0,0,0
22.163063,0,0,0,0
21.917981,0,0,0,0
20.618670,0,0,0,0
20.880156,0,0,0,0
18.470432,0,0,0,0
18.629552,0,0,0,0
25.543125,0,0,0,0
16.910372,0,0,0,0
24.213292,0,0,0,0
19.444616,0,0,0,0
19.300624,0,0,0,0
23.491878,0,0,0,0
19.439948,0,0,0,0
19.845400,0,0,0,0
23.189454,0,0,0,0
20.859460,0,0,0,0
22.337293,0,0,0,0
21.092089,0,0,0,0
16.335746,0,0,0,0
21.956744,0,0,0,0
18.706107,0,0,0,0
19.441032,0,0,0,0
17.706831,0,0,0,0
20.105250,0,0,0,0
20.601075,0,0,0,0
16.204277,0,0,0,0
23.726979,0,0,0,0
21.661936,0,0,0,0
18.406446,0,0,0,0
14.413609,0,0,0,0
16.161093,0,0,0,0
19.538664,0,0,0,0
13.229196,0,0,0,0
17.149334,0,0,0,0
18.773040,0,0,0,0
19.160808,0,0,0,0
20.688123,0,0,0,0
20.900433,0,0,0,0
23.200130,0,0,0,0
20.867149,0,0,0,0
19.501962,0,0,0,0
21.711152,0,0,0,0
24.036455,0,0,0,0
22.787217,0,0,0,0
16.221804,0,0,0,0
16.813421,0,0,0,0
17.895567,0,0,0,0
17.129102,0,0,0,0
15.274620,0,0,0,0
20.717469,0,0,0,0
20.058491,0,0,0,0
23.576241,0,0,0,0
15.919042,0,0,0,0
16.804790,0,0,0,0
20.760612,0,0,0,0
16.934208,0,0,0,0
20.716102,0,0,0,0
19.951778,0,0,0,0
20.392785,0,0,0,0
16.578949,0,0,0,0
20.745419,0,0,0,0
13.455105,0,0,0,0
15.407280,0,0,0,0
13.456627,0,0,0,0
13.026225,0,0,0,0
14.153962,0,0,0,0
14.021798,0,0,0,0
16.756247,0,0,0,0
20.493103,0,0,0,0
18.547385,0,0,0,0
19.090284,0,0,0,0
17.229865,0,0,0,0
17.049316,0,0,0,0
17.741514,0,0,0,0
19.236634,0,0,0,0
16.626039,0,0,0,0
15.232993,0,0,0,0
17.414086,0,0,0,0
11.569307,0,0,0,0
16.029121,536870912,0,0,-1634698913
12.728948,-1080942466,1066461400,1078534937,1079457826
