1403636626013555456.000000 -3.005342007 7.467170238 1.079396486 -0.561095297 -0.590139389 -0.392364740 0.427735209
1403636627263555584.000000 -2.938302755 7.482610226 1.187814713 -0.556816399 -0.597971201 -0.385609299 0.428592384
1403636627513555456.000000 -2.917131662 7.464511871 1.245808125 -0.558628321 -0.592117786 -0.385831207 0.434125751
1403636627763555584.000000 -2.888004541 7.441958904 1.255508661 -0.578450382 -0.586397588 -0.385777771 0.415582180
1403636628013555456.000000 -2.855303764 7.434162140 1.231690526 -0.600241482 -0.580518901 -0.388379842 0.389703721
1403636628463555584.000000 -2.799737215 7.490533829 1.308169246 -0.599195004 -0.549279928 -0.407022029 0.416641384
1403636628763555584.000000 -2.738060474 7.518372059 1.333705306 -0.600786924 -0.551349878 -0.405295908 0.413283974
1403636629163555584.000000 -2.624778032 7.536360264 1.358591676 -0.620136917 -0.548636377 -0.410402715 0.382096857
1403636629313555456.000000 -2.579977989 7.544867992 1.375654459 -0.627361298 -0.536090314 -0.418790370 0.378998131
1403636632013555456.000000 -1.497500062 8.177226067 1.288486958 -0.681708395 -0.457696557 -0.471712202 0.321364492
1403636632663555584.000000 -1.333930254 8.429680824 1.232234478 -0.690953076 -0.460890234 -0.448311299 0.330425560
1403636633063555584.000000 -1.237179518 8.614157677 1.204772353 -0.639162064 -0.518471658 -0.436919510 0.362988055
1403636633463555584.000000 -1.141042590 8.813040733 1.171097636 -0.630299449 -0.534938395 -0.418411016 0.376159400
1403636633963555584.000000 -1.008084893 9.107760429 1.116152167 -0.642650604 -0.521531522 -0.414768696 0.378116548
1403636634563555584.000000 -0.773862481 9.525092125 1.137808800 -0.625184298 -0.524682701 -0.435149252 0.380128831
1403636634913555456.000000 -0.641714871 9.760691643 1.124452114 -0.612744033 -0.543988764 -0.424559832 0.385188073
1403636635363555584.000000 -0.505231082 10.052294731 1.133437157 -0.611172259 -0.556697130 -0.406275481 0.389226377
1403636635663555584.000000 -0.418235838 10.254866600 1.149324298 -0.614552379 -0.552557051 -0.401258409 0.394965500
1403636636113555456.000000 -0.243020356 10.577902794 1.261341929 -0.620420396 -0.550683200 -0.397864699 0.391829282
1403636636563555584.000000 -0.033847883 10.908373833 1.410175562 -0.591845274 -0.544093430 -0.438924313 0.401281565
1403636636713555456.000000 0.025927231 11.000862122 1.437052608 -0.586661100 -0.549761415 -0.446296901 0.392950803
1403636637113555456.000000 0.114376016 11.194061279 1.418660402 -0.596206367 -0.551824331 -0.428227127 0.395789683
1403636639963555584.000000 0.652139664 12.783864021 1.288529634 -0.592040420 -0.557626426 -0.415239304 0.407574922
1403636640663555584.000000 0.865142941 13.163401604 1.285070539 -0.567715943 -0.582344949 -0.403384507 0.419349462
1403636641013555456.000000 0.951034904 13.315049171 1.267552376 -0.567850769 -0.586958706 -0.399478555 0.416463554
1403636641213555456.000000 0.991811931 13.390867233 1.264389038 -0.567822576 -0.585031450 -0.401552528 0.417218536
1403636641613555456.000000 1.066910744 13.515349388 1.208386779 -0.572279692 -0.579899490 -0.398259133 0.421428800
1403636642013555456.000000 1.145447135 13.606262207 1.229089379 -0.574513197 -0.574989915 -0.406379104 0.417345494
1403636642413555456.000000 1.218829989 13.679085732 1.265908480 -0.592352629 -0.552584887 -0.422434509 0.406592488
1403636642763555584.000000 1.273271084 13.714168549 1.218106747 -0.611416698 -0.549841642 -0.415773571 0.388556451
1403636643013555456.000000 1.309038758 13.740934372 1.207523465 -0.615898907 -0.550216854 -0.410962135 0.386057287
1403636643513555456.000000 1.395308971 13.817863464 1.207256079 -0.614411712 -0.549455047 -0.410089403 0.390415430
1403636643813555456.000000 1.462308884 13.897537231 1.249021411 -0.617894351 -0.560331166 -0.400208682 0.379563749
1403636644213555456.000000 1.561930418 14.068513870 1.271038413 -0.618282318 -0.561882913 -0.398566604 0.378363997
1403636644613555456.000000 1.683631182 14.301501274 1.201700091 -0.614092171 -0.528432727 -0.405545622 0.423299581
1403636645013555456.000000 1.866065621 14.494053841 1.039400220 -0.607067168 -0.549456537 -0.420827299 0.390475899
1403636645463555584.000000 2.066284418 14.722922325 0.957389891 -0.623537004 -0.558490574 -0.400642753 0.372525573
1403636645763555584.000000 2.201153517 14.949221611 0.911136091 -0.619004190 -0.554989040 -0.408243060 0.377039194
1403636646113555456.000000 2.359042168 15.253346443 0.944546819 -0.627216280 -0.532900333 -0.416727662 0.385946840
1403636646563555584.000000 2.610495090 15.620114326 0.994165719 -0.668661177 -0.447093904 -0.476640075 0.354702026
1403636646813555456.000000 2.756921768 15.777668953 1.035135031 -0.681076467 -0.433614701 -0.487024754 0.333046705
1403636647263555584.000000 2.998481512 16.000480652 1.130978703 -0.690254629 -0.435924113 -0.479821354 0.321388096
1403636647713555456.000000 3.234564066 16.176843643 1.149207830 -0.682472169 -0.427682489 -0.484905124 0.340861350
1403636648013555456.000000 3.403273821 16.249534607 1.163211584 -0.694131911 -0.416107565 -0.491648227 0.321430326
1403636648463555584.000000 3.654062510 16.277494431 1.076810002 -0.740058124 -0.331433356 -0.523992598 0.260571867
1403636648813555456.000000 3.825415373 16.246511459 1.014122844 -0.767845690 -0.287495106 -0.529607296 0.217429563
1403636649313555456.000000 4.080910206 16.221471786 1.095061302 -0.760654032 -0.283861846 -0.543276370 0.213726029
1403636649813555456.000000 4.309947014 16.190082550 1.305407286 -0.758645654 -0.276758581 -0.547635317 0.218990937
1403636650213555456.000000 4.450516224 16.119327545 1.374064088 -0.765251756 -0.250929683 -0.558994770 0.197355047
1403636650513555456.000000 4.523999214 16.027301788 1.347085357 -0.789770186 -0.191921338 -0.562757432 0.150775403
1403636650863555584.000000 4.580682755 15.912061691 1.292446136 -0.802978575 -0.151047930 -0.564211607 0.118638694
1403636651363555584.000000 4.625423431 15.753641129 1.344532728 -0.800446868 -0.151129544 -0.567931175 0.117894016
1403636651613555456.000000 4.628896713 15.674363136 1.372516632 -0.796731591 -0.157143459 -0.570200861 0.124079593
1403636652063555584.000000 4.601467609 15.496561050 1.343908548 -0.797895610 -0.107238218 -0.581936538 0.114945583
1403636652463555584.000000 4.526334286 15.265758514 1.247117043 -0.825383544 -0.006260312 -0.564111471 0.021936541
1403636652663555584.000000 4.492963314 15.153271675 1.208630443 0.834664881 -0.023186989 0.550268888 -0.001065489
1403636652963555584.000000 4.488044262 14.989036560 1.220400691 0.833240211 -0.030070387 0.552009225 0.009618672
1403636653413555456.000000 4.555144310 14.760342598 1.209373951 0.813720465 -0.013118861 0.581079483 0.005797311
1403636653863555584.000000 4.601194859 14.566375732 1.252854705 0.807205379 -0.001958729 0.590264559 -0.001860080
1403636654213555456.000000 4.589551449 14.432473183 1.223259687 0.808503211 -0.013661487 0.588310897 -0.005124270
1403636654413555456.000000 4.565137863 14.352252007 1.223724723 0.811365724 -0.034823023 0.583303332 0.015174146
1403636654713555456.000000 4.512733936 14.236407280 1.268036246 0.814833581 -0.082359605 0.571942210 0.046317481
1403636655213555456.000000 4.428560257 14.070363998 1.255916119 0.800128818 -0.106096826 0.586613238 0.066501014
1403636655613555456.000000 4.303233624 13.954730988 1.222565055 0.797684312 -0.142342120 0.580283821 0.081908911
1403636655763555584.000000 4.234531879 13.913166046 1.207627058 0.803700268 -0.163287848 0.565316081 0.088434704
1403636656063555584.000000 4.094577312 13.816189766 1.123960257 0.796221673 -0.211418584 0.555302501 0.113896623
1403636656213555456.000000 4.023141861 13.759531975 1.102760196 0.795021296 -0.221867904 0.549765825 0.128348306
1403636656563555584.000000 3.872759581 13.609559059 1.139339924 0.796113074 -0.226609901 0.544246316 0.136557832
1403636657013555456.000000 3.706102610 13.398424149 1.169156671 0.777575970 -0.210352361 0.575717032 0.140276134
1403636657113555456.000000 3.661299467 13.356834412 1.156254172 0.776282430 -0.210788697 0.578288972 0.136145249
1403636657513555456.000000 3.442779541 13.200708389 1.124603152 0.788678110 -0.221075624 0.561268508 0.118701994
1403636657713555456.000000 3.323583126 13.111960411 1.100414991 0.791030109 -0.222560540 0.557467818 0.118186131
1403636657813555456.000000 3.263875484 13.062759399 1.082643867 0.789878666 -0.226911470 0.557347417 0.118181095
1403636658063555584.000000 3.111736774 12.921484947 1.042917490 0.792483091 -0.237596288 0.549811900 0.115002148
1403636658413555456.000000 2.897507668 12.681859970 1.030576229 0.796605468 -0.226132140 0.542481482 0.141414344
1403636658563555584.000000 2.815739393 12.576801300 1.013514876 0.798589170 -0.220788419 0.539168060 0.151015639
1403636659013555456.000000 2.628153801 12.297483444 0.932723165 0.787938297 -0.215025008 0.554153085 0.160722941
1403636659363555584.000000 2.505260706 12.140043259 0.834680140 0.784172535 -0.218294442 0.559660256 0.155567840
1403636659713555456.000000 2.388025045 12.019378662 0.778348386 0.788044691 -0.218693316 0.553293824 0.158192515
1403636659913555456.000000 2.328420401 11.966844559 0.727230906 0.786894619 -0.221205145 0.553474128 0.159785822
1403636660263555584.000000 2.238016605 11.901133537 0.596667588 0.799914658 -0.227123216 0.532537460 0.157973066
1403636660463555584.000000 2.211840868 11.868197441 0.530374229 0.811169982 -0.230202824 0.514867008 0.154667169
1403636660863555584.000000 2.246236324 11.806213379 0.415291429 0.789681792 -0.210187733 0.547813237 0.179233477
1403636661113555456.000000 2.291656494 11.806759834 0.304592341 0.783874691 -0.214430273 0.556533575 0.172715470
1403636661413555456.000000 2.344758511 11.853522301 0.180406079 0.780467927 -0.219808742 0.561318696 0.165756971
1403636661563555584.000000 2.365913153 11.889874458 0.143146947 0.781445324 -0.221961170 0.560130715 0.162265137
1403636661913555456.000000 2.399095535 11.996092796 0.121883154 0.776297390 -0.230270952 0.568018794 0.147283509
1403636662713555456.000000 2.348274946 12.265370369 0.147630334 0.789866567 -0.238445044 0.546629250 0.143007472
1403636663063555584.000000 2.330285549 12.366251945 0.075930119 0.792901516 -0.252778143 0.539756060 0.126782611
1403636663513555456.000000 2.327603340 12.382015228 -0.005813729 0.811452091 -0.230844468 0.512364268 0.160434440
1403636663913555456.000000 2.449384928 12.361750603 -0.115441002 0.811752141 -0.208547905 0.513464212 0.184175998
1403636665113555456.000000 3.276297808 12.758965492 -0.279718190 0.800508738 -0.193474770 0.550646245 0.136168882
1403636665463555584.000000 3.492827415 12.932104111 -0.236019626 0.796458006 -0.195538521 0.557489574 0.128936961
1403636665813555456.000000 3.697277308 13.098221779 -0.184678748 0.796316326 -0.186700091 0.555280328 0.150622994
1403636668113555456.000000 4.620207787 14.003927231 -0.156950295 0.801927626 -0.198509336 0.549724102 0.123732314
1403636668513555456.000000 4.787717342 14.088432312 -0.222696379 0.801396847 -0.198670045 0.546323359 0.140798375
1403636668863555584.000000 4.960072994 14.172368050 -0.294641763 0.797940075 -0.189558297 0.548403859 0.163133428
1403636669313555456.000000 5.194446564 14.366971016 -0.318615019 0.785978377 -0.199245229 0.564781129 0.153498292
1403636669663555584.000000 5.345246792 14.568893433 -0.375194609 0.774068415 -0.195505336 0.581716418 0.155569553
1403636669863555584.000000 5.408845425 14.705182076 -0.396017075 0.766806304 -0.206558958 0.592744529 0.134147450
1403636670213555456.000000 5.434767246 14.928536415 -0.370296091 0.769118071 -0.231579334 0.590058327 0.081606895
1403636670663555584.000000 5.275200844 15.032431602 -0.326376200 0.774320066 -0.201680616 0.599461675 0.019979622
1403636672463555584.000000 3.633987665 13.168240547 0.268609762 -0.840561926 -0.099843509 -0.532330275 -0.010551687
1403636672613555456.000000 3.621218204 13.080316544 0.287318528 -0.819470227 -0.085933059 -0.566555142 0.009962463
1403636673113555456.000000 3.592633486 12.907622337 0.185799077 -0.822227001 -0.109481223 -0.556035995 0.052731618
1403636673363555584.000000 3.604425669 12.876960754 0.185793906 -0.837887883 -0.135675400 -0.525042355 0.062183034
1403636676213555456.000000 4.801449776 14.161651611 -0.189781308 -0.770036459 -0.282338709 -0.535406530 0.201664686
1403636676563555584.000000 4.955928802 14.407000542 -0.276269078 -0.740213454 -0.366978914 -0.517753959 0.222129121
1403636678063555584.000000 5.287262917 15.493855476 -0.342198819 -0.664594948 -0.477172405 -0.444010884 0.365341663
1403636678563555584.000000 5.367432594 15.702646255 -0.309929818 -0.609990120 -0.545804620 -0.422573149 0.389154732
1403636678963555584.000000 5.412589073 15.850398064 -0.267645627 -0.533875406 -0.621912360 -0.409550130 0.400587976
1403636679213555456.000000 5.389212132 15.932337761 -0.287775218 -0.503292143 -0.639291346 -0.378367811 0.441408336
1403636679413555456.000000 5.349846840 15.984574318 -0.301742792 -0.476452738 -0.653495669 -0.343957096 0.477105618
1403636680363555584.000000 5.230869293 16.022499084 -0.046818946 -0.403256059 -0.695336342 -0.349048495 0.481723160
1403636680963555584.000000 4.965485096 15.764608383 0.009178078 -0.449259043 -0.687925875 -0.304701090 0.481748402
1403636683163555584.000000 3.657080650 14.735139847 0.074720018 -0.432028681 -0.683862686 -0.325010419 0.489950418
1403636683413555456.000000 3.505871296 14.578998566 0.063899942 -0.434552729 -0.684623837 -0.316142380 0.492451191
1403636686213555456.000000 2.248980284 12.739850998 0.019234758 -0.437339187 -0.692186296 -0.303439200 0.487377971
1403636688713555456.000000 1.480064869 11.492706299 -0.264593631 -0.420555294 -0.699261606 -0.314019889 0.485343277
1403636689163555584.000000 1.325131774 11.277951241 -0.358120769 -0.414904803 -0.710047662 -0.285207242 0.492283523
1403636689413555456.000000 1.227215171 11.173460960 -0.342420787 -0.408997595 -0.715943515 -0.275229007 0.494363189
1403636689713555456.000000 1.112234712 11.069875717 -0.268399805 -0.414160192 -0.719914377 -0.260998428 0.492010623
1403636689963555584.000000 1.021285534 11.019042015 -0.220628425 -0.428634197 -0.711682141 -0.244944394 0.499783516
1403636690263555584.000000 0.936152399 11.024294853 -0.186818704 -0.422017008 -0.717040598 -0.261442363 0.489287615
1403636690463555584.000000 0.882179499 11.061418533 -0.147603214 -0.419824243 -0.716702878 -0.266598940 0.488886178
1403636690913555456.000000 0.784479976 11.216352463 -0.137773350 -0.438425750 -0.683364689 -0.238970399 0.532624364
1403636691363555584.000000 0.914415956 11.418183327 -0.145191938 -0.398986846 -0.675458968 -0.287759066 0.549326360
1403636691763555584.000000 1.192640185 11.515800476 -0.033512913 -0.393692136 -0.710509658 -0.283152103 0.509909272
1403636691913555456.000000 1.301921487 11.542882919 0.006994519 -0.395138860 -0.710998297 -0.279754043 0.509984851
1403636692313555456.000000 1.591052771 11.595167160 0.103597268 -0.393808633 -0.709130824 -0.284789294 0.510826230
1403636693363555584.000000 2.159310579 11.589874268 0.531897843 -0.403713107 -0.724382818 -0.277613461 0.484990746
1403636693713555456.000000 2.227826357 11.606975555 0.575258493 -0.414964229 -0.734619081 -0.257137150 0.471190006
1403636694013555456.000000 2.246425152 11.686197281 0.594527066 -0.400576800 -0.714751899 -0.275419652 0.502804101
1403636696913555456.000000 2.368776083 12.284563065 0.510025203 -0.409651667 -0.700406790 -0.295621425 0.504206181
1403636699313555456.000000 1.648102880 11.781670570 0.410925001 -0.658272862 -0.492858052 -0.437000811 0.364414841
1403636701613555456.000000 1.799178004 11.429311752 0.061522707 -0.742385447 -0.347658783 -0.514571428 0.251422793
1403636702013555456.000000 1.915343523 11.386079788 0.055897884 -0.753396749 -0.320375443 -0.522761881 0.237640306
1403636703563555584.000000 2.447646618 11.351813316 -0.358493060 -0.777311742 -0.253908902 -0.544113517 0.187768772
1403636704813555456.000000 2.973466396 11.389474869 -0.434199125 -0.791098058 -0.276225179 -0.515862644 0.178183094
1403636705663555584.000000 3.505269051 11.722811699 -0.548857272 -0.782856047 -0.280250967 -0.525455117 0.180257514
1403636706963555584.000000 4.369264603 12.444405556 -0.658207417 -0.779026747 -0.282930672 -0.529564440 0.180635601
1403636707413555456.000000 4.639029503 12.746352196 -0.602586627 -0.779434979 -0.273040801 -0.536391675 0.173821613
1403636708963555584.000000 5.627531052 13.875616074 -0.673544168 -0.762923002 -0.268631220 -0.558491707 0.184046015
1403636709263555584.000000 5.780563354 14.037271500 -0.684061527 -0.765916288 -0.263583601 -0.559719920 0.174955621
1403636709513555456.000000 5.867672920 14.175392151 -0.677360535 -0.771982968 -0.265412271 -0.552179575 0.169400528
1403636710863555584.000000 5.987855911 15.081630707 -0.876687348 -0.748365343 -0.317389876 -0.529646695 0.242255047
1403636711263555584.000000 5.979384899 15.300744057 -0.903940797 -0.723128200 -0.370231032 -0.527806103 0.247861668
1403636711663555584.000000 5.904340267 15.496383667 -0.891129851 -0.707797587 -0.358658373 -0.548278689 0.264153898
1403636712113555456.000000 5.719162941 15.641013145 -0.839865625 -0.731158972 -0.342416823 -0.521967471 0.275149584
1403636712463555584.000000 5.558998585 15.697071075 -0.738694966 -0.707505286 -0.380908370 -0.528187096 0.274524242
1403636712813555456.000000 5.359784603 15.711773872 -0.622285783 -0.690176308 -0.397608936 -0.524426758 0.300899267
1403636713113555456.000000 5.159842968 15.674180984 -0.566685319 -0.692945242 -0.404086828 -0.515547156 0.301250547
1403636715913555456.000000 3.875575781 14.719390869 -0.103258640 -0.637580276 -0.486800849 -0.469683081 0.368665427
1403636716413555456.000000 3.806787491 14.532114029 -0.048347898 -0.656547844 -0.481799066 -0.459240615 0.354841739
1403636716713555456.000000 3.767715216 14.399763107 -0.057734206 -0.651128113 -0.488580137 -0.459835410 0.354785830
1403636717063555584.000000 3.712717056 14.237787247 -0.088168316 -0.618028700 -0.531095326 -0.434554875 0.383588761
1403636717513555456.000000 3.643305779 14.024307251 -0.056106396 -0.576327920 -0.576314986 -0.428641260 0.389838189
1403636717913555456.000000 3.526309252 13.833190918 -0.086348265 -0.569060206 -0.583934605 -0.421850383 0.396526426
1403636718113555456.000000 3.434651613 13.736476898 -0.085386425 -0.550872445 -0.601130426 -0.407253951 0.411492437
1403636718313555456.000000 3.327062845 13.639423370 -0.085480258 -0.537040234 -0.615167320 -0.382960081 0.431854755
1403636721263555584.000000 2.405013561 12.418569565 -0.379467756 -0.548403561 -0.598372221 -0.377969414 0.445357531
1403636723963555584.000000 2.274781704 11.473999023 -0.375981063 -0.615362406 -0.536398411 -0.429036081 0.386696309
1403636726763555584.000000 1.968210101 10.806472778 -0.057183217 -0.663887620 -0.466985345 -0.455290765 0.365907401
1403636729713555456.000000 1.375211000 9.901597977 0.507011056 -0.610417902 -0.534776568 -0.439139575 0.385435373
1403636732463555584.000000 0.832732081 9.250850677 0.413736671 -0.606240273 -0.536700368 -0.444073647 0.383697778
1403636735213555456.000000 -0.008629762 8.138087273 0.692962468 -0.612498760 -0.550405979 -0.417305410 0.384388894
1403636737613555456.000000 -0.686316788 7.776159763 0.902418137 -0.576401770 -0.585278094 -0.393949896 0.412327677
1403636738763555584.000000 -0.871589124 7.715468407 1.108459473 -0.611959457 -0.549469471 -0.408081621 0.396305740
1403636741363555584.000000 -0.446567535 7.637550831 0.461243153 -0.721677899 -0.374751925 -0.512086153 0.276604146
1403636744313555456.000000 0.072396547 7.973361492 -0.401500434 -0.737887144 -0.337155581 -0.526629150 0.253989220
1403636746463555584.000000 0.489867896 8.226320267 -0.971731186 -0.728389561 -0.324062258 -0.556562066 0.233818322
1403636746863555584.000000 0.379088402 8.258789062 -0.975911021 -0.764722824 -0.327983618 -0.497002035 0.246200636
1403636747313555456.000000 0.346019030 8.334717751 -0.926211953 -0.743436992 -0.338076323 -0.525459588 0.238533437
1403636747713555456.000000 0.327826500 8.435592651 -0.828629076 -0.748174369 -0.331638634 -0.525349796 0.232934520
1403636748113555456.000000 0.295883060 8.559183121 -0.680236876 -0.757715940 -0.305011898 -0.518010318 0.253967881
1403636748463555584.000000 0.300993294 8.646280289 -0.596900940 -0.752318859 -0.320964873 -0.527853370 0.228842258
1403636748863555584.000000 0.311132789 8.741168976 -0.485187620 -0.755648196 -0.305914640 -0.524718285 0.245118216
1403636749313555456.000000 0.353497207 8.799300194 -0.403042644 -0.756795228 -0.295789868 -0.531331837 0.239699736
1403636749713555456.000000 0.404399544 8.798644066 -0.284512579 -0.749032557 -0.312003911 -0.542487442 0.217511237
1403636750213555456.000000 0.396763772 8.787753105 -0.231681675 -0.739393055 -0.313640714 -0.546514213 0.237170041
1403636750463555584.000000 0.359988719 8.765434265 -0.181508273 -0.743469417 -0.322139978 -0.535793006 0.237497240
1403636750913555456.000000 0.280237406 8.720313072 0.048173070 -0.741936326 -0.335952908 -0.529486656 0.237297446
1403636751263555584.000000 0.200428575 8.690464973 0.240445465 -0.750320077 -0.338768452 -0.519054890 0.229864970
1403636751613555456.000000 0.127035111 8.685636520 0.400259286 -0.751092136 -0.323241323 -0.516156375 0.254869014
1403636752013555456.000000 0.093693912 8.666559219 0.550400198 -0.753922939 -0.348342776 -0.499585688 0.246316254
1403636752413555456.000000 0.112422317 8.671083450 0.696942091 -0.725512803 -0.366172045 -0.516169131 0.270404518
1403636752713555456.000000 0.120493725 8.675028801 0.820417404 -0.702174306 -0.414585620 -0.495707542 0.298904985
1403636752913555456.000000 0.122183472 8.674057007 0.870673060 -0.680328667 -0.451571286 -0.482482404 0.316933930
1403636753313555456.000000 0.099987261 8.676936150 0.887114227 -0.622720659 -0.530578196 -0.455070943 0.351591021
1403636753663555584.000000 0.036022604 8.689776421 0.881022036 -0.600226879 -0.551041245 -0.431400359 0.387266129
1403636754513555456.000000 -0.194558084 8.632957458 0.954240918 -0.594826281 -0.544057131 -0.445174396 0.389876187
1403636755913555456.000000 -0.919625700 8.210355759 1.023459315 -0.560619593 -0.593501925 -0.401631951 0.414913267
1403636756363555584.000000 -1.199315548 8.088336945 1.059508324 -0.557354569 -0.590688407 -0.404573023 0.420432836
1403636756763555584.000000 -1.455816269 7.966186523 1.066671968 -0.553562105 -0.591017604 -0.404663175 0.424870580
1403636757163555584.000000 -1.711898923 7.799965382 1.103550792 -0.553449333 -0.591797948 -0.400689989 0.427687377
1403636757363555584.000000 -1.837771297 7.703673363 1.103585958 -0.552561581 -0.594061852 -0.400927395 0.425468385
1403636757763555584.000000 -2.102654457 7.502839088 1.104039907 -0.551391721 -0.621624172 -0.376073778 0.410023183
1403636758163555584.000000 -2.390585423 7.375660896 1.210886121 -0.535672724 -0.617170095 -0.376494020 0.436357766
1403636758463555584.000000 -2.597815275 7.293273926 1.238648057 -0.542656183 -0.616908073 -0.364071786 0.438634694
1403636758663555584.000000 -2.725028753 7.245848656 1.227062464 -0.563883841 -0.621272743 -0.333322257 0.430059820
1403636759063555584.000000 -2.916239738 7.226542473 1.198757052 -0.539756238 -0.608424008 -0.371756464 0.447527230
1403636759463555584.000000 -3.026823997 7.206320286 1.116160989 -0.544076979 -0.600519180 -0.362614751 0.460290670
1403636759763555584.000000 -3.042762995 7.176425934 1.048652291 -0.531450331 -0.612060010 -0.377365917 0.447814703
1403636760213555456.000000 -3.057740927 7.118148804 1.008170485 -0.541862309 -0.620685518 -0.364190221 0.434166104
1403636760513555456.000000 -3.062078238 7.093126774 0.963948846 -0.531108618 -0.613174021 -0.379605591 0.444793254
1403636760713555456.000000 -3.064474821 7.068614483 0.928912938 -0.534842491 -0.623955429 -0.372950733 0.430733114
1403636761013555456.000000 -3.081855536 7.037083149 0.888396621 -0.529483974 -0.624266624 -0.378262520 0.432267815
1403636761313555456.000000 -3.119694233 7.016057491 0.846528113 -0.543852389 -0.635290563 -0.356573939 0.416516006
1403636761713555456.000000 -3.187543392 7.040017605 0.842040002 -0.534902871 -0.612308323 -0.372254848 0.447642416
1403636762063555584.000000 -3.221623421 7.052942753 0.861042023 -0.531972647 -0.614732146 -0.379415303 0.441761881
1403636762463555584.000000 -3.267344713 7.059212208 0.870647132 -0.544593096 -0.629370570 -0.364179701 0.417952359
1403636762863555584.000000 -3.313272476 7.103839874 0.791869700 -0.534072876 -0.587925792 -0.376319885 0.476962000
1403636763213555456.000000 -3.275188208 7.064572334 0.779576302 -0.568578780 -0.565393686 -0.390014261 0.452699870
1403636763363555584.000000 -3.273267031 7.063508034 0.773966372 -0.571641922 -0.566911101 -0.385506779 0.450801492
1403636763463555584.000000 -3.272591591 7.059762955 0.771876574 -0.572359860 -0.567138791 -0.384794205 0.450212568
1403636763663555584.000000 -3.271174192 7.049825668 0.769140601 -0.572507799 -0.566968679 -0.384527624 0.450466245
