#Stereo rect[ms], MP culling[ms], MP creation[ms], LBA[ms], KF culling[ms], Total[ms]
2.836386,0.008031,0.083545,0.005156,0.005156,2.937488
2.864172,0.018290,0.405114,0.002084,0.002084,3.291368
2.353955,0.021687,0.281881,0.067480,0.067480,4.697664
3.263926,0.021994,0.367133,0.157167,0.157167,6.450486
4.026147,0.029539,0.988298,0.292066,0.292066,9.827609
4.682450,0.009041,0.667165,0.171805,0.171805,8.599102
2.964980,0.007135,0.660829,0.223558,0.223558,7.884420
5.069268,0.014233,0.946305,0.313959,0.313959,9.742238
3.736743,0.008022,1.150329,0.494342,0.494342,10.372325
4.593245,0.013648,2.459575,26.839941,26.839941,45.601871
3.964207,0.019418,2.718035,0.897583,0.897583,26.625757
4.921290,0.013720,2.549425,1.263874,1.263874,26.325572
3.673768,0.035750,4.641069,1.149969,1.149969,29.831268
3.868792,0.008778,5.840916,0.956472,0.956472,30.872896
3.548385,0.017330,4.515204,1.546805,1.546805,25.899956
2.745219,0.020376,3.460758,1.097644,1.097644,20.309251
4.118378,0.042742,4.788097,1.056134,1.056134,27.267760
3.642613,0.044301,8.396354,1.140969,1.140969,34.140035
3.208182,0.070809,7.859859,1.073879,1.073879,50.612299
3.575649,0.055650,7.766829,2.555952,2.555952,39.065981
4.195670,0.122362,11.409241,1.526111,1.526111,55.977420
4.537547,0.166075,12.296520,1.935393,1.935393,54.491494
3.789066,0.158119,10.975422,1.835343,1.835343,51.181458
3.711481,0.173133,7.534788,2.359584,2.359584,44.280404
3.710356,0.059784,6.602849,2.054119,2.054119,41.386425
2.658618,0.036645,8.441625,1.725955,1.725955,30.720810
3.607225,0.061344,6.703466,1.720224,1.720224,33.435791
2.282812,0.041396,5.291396,1.483799,1.483799,27.943098
3.203975,0.051767,4.616536,1.530602,1.530602,26.469666
2.561713,0.024118,5.060630,1.806670,1.806670,25.933406
3.383411,0.029341,7.943216,2.037488,2.037488,35.763237
3.272917,0.044481,7.058180,1.700590,1.700590,43.588974
3.037184,0.042551,8.959771,1.895587,1.895587,42.858439
4.002077,0.112831,13.516558,1.489557,1.489557,50.806479
3.914970,0.086209,12.037261,1.698507,1.698507,56.061230
4.898006,0.188789,12.041593,1.569486,1.569486,62.752677
4.545796,0.112265,10.444960,1.815332,1.815332,56.517685
3.325472,0.106138,10.525012,1.784114,1.784114,63.692842
2.665683,0.090770,9.005011,2.225810,2.225810,42.074553
3.087508,0.064144,7.484493,2.576953,2.576953,54.003408
2.279760,0.041442,5.813320,1.633830,1.633830,35.367361
2.498891,0.037710,6.361687,1.433984,1.433984,35.762399
2.083279,0.023834,7.340173,1.232826,1.232826,29.313126
3.160562,0.038452,6.227101,1.917382,1.917382,34.652586
2.716674,0.047896,7.598450,2.263150,2.263150,38.880932
2.989430,0.037938,9.477541,1.841656,1.841656,48.932058
4.294374,0.048314,9.769335,2.011591,2.011591,59.926993
3.757038,0.076987,12.454446,1.908537,1.908537,66.374542
4.797264,0.143771,14.264048,1.939064,1.939064,58.142895
4.628070,0.163610,13.954331,1.983493,1.983493,60.263013
3.033007,0.096786,12.068947,1.849437,1.849437,63.224702
2.923426,0.090096,6.854190,2.871263,2.871263,35.197288
2.670064,0.049720,5.638798,1.673630,1.673630,33.380968
2.500329,0.062610,6.866077,1.362472,1.362472,29.165691
1.781675,0.020513,5.418183,1.637113,1.637113,33.039038
2.492053,0.031645,4.680625,1.308414,1.308414,29.516205
2.693180,0.030289,5.635537,1.667814,1.667814,33.639854
3.299477,0.053980,11.107269,1.810479,1.810479,50.109013
3.869227,0.042628,7.243529,2.726964,2.726964,46.609502
4.755236,0.060026,11.925329,1.905627,1.905627,54.503951
5.183091,0.104631,11.262462,2.465760,2.465760,57.243383
5.358418,0.112291,10.828588,1.875157,1.875157,66.742599
4.180990,0.085932,12.603399,2.435235,2.435235,59.147894
5.378271,0.119538,17.592007,1.855153,1.855153,78.868297
3.963980,0.091777,12.543618,2.009250,2.009250,67.065553
3.928830,0.084561,8.839711,2.034637,2.034637,53.332676
2.928241,0.049866,9.668393,1.908579,1.908579,85.223718
3.366554,0.043266,7.105236,2.294620,2.294620,36.682238
3.588366,0.044524,5.617065,1.945453,1.945453,37.001036
2.530743,0.032102,7.337743,1.312402,1.312402,34.668618
2.984853,0.030580,5.874056,1.800109,1.800109,40.851255
3.174869,0.022790,5.715160,1.399531,1.399531,31.744188
3.072615,0.018237,4.822949,2.157135,2.157135,28.910299
4.085361,0.026935,5.835203,2.880196,2.880196,43.104771
4.475970,0.009443,6.803159,2.189750,2.189750,35.605019
3.356552,0.002178,7.692696,1.778482,1.778482,45.104860
2.310588,0.008917,0.140463,0.001870,0.001870,2.463277
3.107938,0.036821,0.387046,0.002764,0.002764,3.536845
2.830735,0.031272,0.421909,0.069490,0.069490,5.620750
2.677649,0.035141,0.300230,0.087837,0.087837,5.093621
3.011812,0.014038,0.375630,0.124534,0.124534,5.483233
3.117021,0.009131,0.457171,0.270563,0.270563,7.972188
4.598729,0.010903,0.952142,0.264442,0.264442,10.418150
3.783370,0.009590,1.351031,0.708796,0.708796,12.789103
2.579384,0.003979,0.731355,0.659494,0.659494,8.376975
3.560241,0.009806,0.743029,39.386204,39.386204,47.346400
3.992452,0.008468,1.629727,0.510058,0.510058,29.454696
2.631061,0.001377,0.851875,0.513469,0.513469,14.357800
3.461486,0.003563,1.552639,0.875518,0.875518,19.797794
3.299230,0.002236,1.533174,0.657086,0.657086,17.914900
5.856417,0.005888,4.124262,0.891283,0.891283,25.693782
3.193111,0.001953,2.236663,0.701749,0.701749,18.838620
3.678463,0.004247,3.881410,1.858201,1.858201,25.958387
4.404147,0.002776,2.275376,1.334227,1.334227,20.329408
3.551515,0.002450,2.865727,1.515512,1.515512,19.612037
4.826498,0.003205,5.173245,1.713784,1.713784,25.077966
5.284815,0.004159,3.103879,1.274911,1.274911,25.309657
3.830733,0.003377,3.106027,1.960784,1.960784,24.287648
3.415708,0.002351,4.326365,2.423955,2.423955,26.758120
3.123042,0.001898,2.430505,1.823810,1.823810,23.113176
2.625052,0.001156,2.837634,2.220506,2.220506,21.730270
3.969099,0.002133,2.439663,1.821058,1.821058,19.641613
2.932500,0.001296,1.901180,2.191295,2.191295,17.664870
3.296661,0.016671,4.385093,1.583128,1.583128,27.450315
2.506990,0.013961,2.165125,1.373286,1.373286,24.816070
2.044826,0.023402,2.671579,1.225215,1.225215,28.480200
2.703186,0.031868,7.387745,1.515386,1.515386,24.246669
3.556154,0.068557,7.984065,1.401990,1.401990,29.311458
2.897000,0.058807,4.710612,1.122433,1.122433,21.181597
3.820625,0.052714,7.037785,1.579304,1.579304,27.564777
2.814412,0.041149,8.224418,1.560437,1.560437,37.712320
3.359211,0.040609,5.759438,1.967551,1.967551,29.610610
3.092683,0.029353,8.037541,1.231801,1.231801,33.261304
4.074390,0.031876,6.358115,1.081610,1.081610,35.579340
3.732125,0.059085,8.368277,0.810853,0.810853,33.790811
3.615047,0.037446,8.313697,1.208942,1.208942,37.718212
3.432317,0.051156,8.514090,1.196626,1.196626,34.356440
4.523117,0.083619,10.088123,1.256421,1.256421,45.951487
4.865622,0.117470,17.063107,1.385972,1.385972,62.848466
5.216004,0.188129,10.413125,2.025944,2.025944,54.155411
3.848150,0.123607,12.412993,1.045870,1.045870,54.260583
3.760439,0.128200,18.453699,1.726856,1.726856,60.429923
5.266432,0.122250,14.063692,1.325950,1.325950,56.565980
4.766130,0.099113,12.749998,1.622020,1.622020,56.728381
3.734851,0.100597,12.219818,1.195670,1.195670,48.712648
5.200405,0.157327,13.398718,1.758043,1.758043,62.548507
4.868833,0.171286,11.958190,1.581839,1.581839,62.697239
3.978607,0.109831,17.918436,1.434824,1.434824,63.036547
4.974705,0.165765,12.361339,1.718397,1.718397,63.780528
4.756498,0.120251,12.213393,1.920077,1.920077,68.735015
3.958450,0.134024,14.077174,2.178222,2.178222,174.008045
4.219614,0.096771,17.405690,1.665319,1.665319,70.644842
4.120324,0.116638,10.748688,1.900338,1.900338,57.206153
4.183040,0.104939,12.999735,1.894549,1.894549,65.348714
4.811847,0.067167,11.776420,1.600535,1.600535,80.742803
3.474761,0.061766,13.075080,1.930499,1.930499,71.883124
3.961972,0.066551,12.601924,1.854921,1.854921,71.835347
4.078434,0.096548,10.250636,1.564020,1.564020,64.497522
4.134522,0.074517,11.810376,2.337377,2.337377,70.434907
2.900552,0.084841,11.473405,1.905603,1.905603,71.730372
3.493623,0.088990,7.196549,1.732129,1.732129,72.600393
4.171096,0.110703,9.070189,2.168284,2.168284,70.548580
3.083454,0.075249,6.009681,1.389575,1.389575,74.293345
3.700360,0.093986,6.126377,1.282060,1.282060,61.663776
3.807492,0.122657,7.311205,1.515901,1.515901,82.905209
4.542171,0.095271,10.202360,2.622585,2.622585,89.931567
3.438817,0.076397,8.214359,2.496838,2.496838,74.023760
2.858250,0.076703,9.626553,1.556576,1.556576,69.414475
3.332544,0.069774,8.013211,2.559989,2.559989,74.910004
3.100877,0.067282,9.420052,0.743559,0.743559,67.682583
2.786037,0.080578,6.233788,1.260818,1.260818,70.603406
2.462884,0.085207,5.444525,1.349468,1.349468,80.688676
2.401062,0.061599,5.615765,1.222937,1.222937,66.717542
1.871641,0.058988,3.606603,1.078695,1.078695,74.328350
1.710185,0.109684,5.055805,1.023862,1.023862,77.450464
1.951516,0.057811,4.026413,0.941428,0.941428,63.424694
2.464959,0.089545,3.848505,1.383221,1.383221,65.060425
1.625230,0.049967,3.542167,0.891387,0.891387,35.838065
1.560872,0.048560,2.911943,0.762797,0.762797,24.301691
1.364082,0.032506,3.244350,0.870924,0.870924,37.083385
2.159917,0.048538,4.117126,1.475749,1.475749,64.663849
1.317004,0.047364,3.916717,0.869931,0.869931,71.356525
1.353533,0.044673,3.549426,1.263600,1.263600,31.566494
1.530921,0.047865,2.952041,0.873792,0.873792,31.392491
1.607634,0.041577,3.489320,0.963679,0.963679,28.067799
1.457341,0.052874,3.121511,0.550944,0.550944,27.646820
1.678644,0.051055,4.051934,1.152823,1.152823,30.596648
1.228610,0.030013,3.768011,0.778290,0.778290,28.158343
1.352267,0.050365,4.196903,0.731870,0.731870,31.122405
2.373059,0.073101,4.996442,0.312565,0.312565,36.500427
1.991807,0.048242,5.876873,1.272515,1.272515,69.667762
2.346078,0.082775,5.754906,0.329872,0.329872,66.652551
4.351455,0.124851,5.740987,1.253900,1.253900,69.430463
2.790505,0.112833,7.522351,1.413192,1.413192,88.170485
3.459023,0.121570,7.178349,0.546633,0.546633,75.126308
3.411593,0.139252,7.796269,1.883408,1.883408,83.732013
2.650775,0.098204,8.092245,0.678268,0.678268,70.261960
2.628389,0.125620,6.600441,1.330940,1.330940,72.560385
2.753006,0.094635,5.450062,1.979002,1.979002,70.008090
2.568327,0.090926,5.937681,0.719697,0.719697,65.827377
1.983242,0.051854,4.038452,1.667121,1.667121,71.399747
2.350842,0.058204,6.267924,1.822618,1.822618,64.931630
2.966479,0.092501,6.666611,1.364819,1.364819,72.614298
3.099448,0.074953,5.669769,2.231061,2.231061,65.065241
2.937623,0.063874,5.930926,1.766594,1.766594,56.524749
2.248192,0.069709,4.283405,1.555280,1.555280,71.185139
2.177140,0.074114,4.710195,1.416089,1.416089,57.930457
2.074536,0.066102,6.194191,1.353649,1.353649,64.526446
3.021376,0.135631,6.615362,1.946600,1.946600,56.520389
2.163865,0.148805,4.360803,1.834948,1.834948,65.840029
2.330008,0.167576,3.913755,1.382173,1.382173,55.919041
2.106936,0.136437,3.964622,1.801951,1.801951,53.445067
2.299668,0.165989,3.976174,1.300129,1.300129,38.326827
1.609581,0.073389,3.824976,0.787226,0.787226,35.492182
2.277060,0.071106,3.747731,0.709457,0.709457,47.489019
1.915337,0.077164,3.308620,1.014981,1.014981,31.539290
1.680492,0.055935,3.632987,1.469946,1.469946,51.487268
1.743475,0.069858,4.317579,1.350177,1.350177,40.203649
1.608216,0.050097,2.963769,1.473534,1.473534,37.984698
1.526528,0.052156,5.286674,0.740775,0.740775,34.664186
1.646497,0.063380,4.871212,0.617097,0.617097,34.486018
2.018847,0.039573,3.557546,0.867032,0.867032,31.639219
1.431239,0.042475,4.960781,0.588519,0.588519,32.871402
2.073982,0.075235,4.071954,0.540336,0.540336,29.156726
2.139790,0.056054,5.251811,0.930012,0.930012,37.313848
2.252502,0.078505,8.024272,0.685248,0.685248,35.784959
1.856522,0.073088,3.812926,1.238074,1.238074,51.099464
2.357875,0.080791,4.076393,0.927650,0.927650,62.756973
2.656382,0.094498,4.442830,0.933557,0.933557,56.102265
2.667379,0.082582,6.776495,1.204905,1.204905,55.857189
1.903151,0.120065,5.524470,1.630155,1.630155,56.630772
2.342346,0.157805,6.174420,0.957338,0.957338,39.959523
2.983488,0.163468,5.038793,1.527922,1.527922,60.639577
1.998331,0.129055,5.652338,1.078408,1.078408,35.260035
2.150442,0.085926,4.330393,0.538880,0.538880,27.465624
2.018700,0.078895,4.024068,0.815460,0.815460,271.665862
1.162678,0.067252,3.985692,0.981560,0.981560,22.443377
1.372352,0.074220,4.821410,0.390714,0.390714,22.350725
1.337558,0.119637,2.944686,0.367058,0.367058,22.895843
1.730092,0.122654,8.700814,0.373474,0.373474,28.882938
1.443697,0.066103,4.167033,0.411511,0.411511,24.016820
1.495883,0.052824,4.169417,0.634746,0.634746,24.196095
1.762637,0.048964,4.740457,0.510653,0.510653,24.894204
1.485233,0.031115,3.384618,0.683245,0.683245,18.188608
1.421512,0.041778,4.129398,1.114929,1.114929,21.888953
1.355836,0.048130,8.129614,1.726974,1.726974,24.921941
2.058624,0.052551,6.425695,1.179209,1.179209,22.836960
2.306826,0.037189,6.385293,1.184171,1.184171,23.208823
2.883041,0.080785,10.304533,1.208968,1.208968,48.934038
3.053187,0.061388,6.951507,2.224590,2.224590,45.807549
2.971645,0.083017,10.120807,1.569431,1.569431,46.575959
3.617500,0.091780,8.308485,1.456256,1.456256,46.778290
4.087654,0.055706,11.232553,1.544430,1.544430,61.065604
2.667520,0.062889,10.394664,2.644429,2.644429,55.778344
3.398315,0.085435,12.001431,1.413841,1.413841,59.807199
2.844941,0.085474,10.529911,2.650573,2.650573,57.065852
3.714359,0.254854,9.916769,3.147490,3.147490,59.734853
3.982288,0.124524,10.197665,2.289506,2.289506,60.376080
3.215077,0.122680,8.956087,1.771277,1.771277,52.036495
3.878817,0.089200,9.385408,2.361481,2.361481,63.322488
3.509744,0.149513,8.812319,1.677625,1.677625,66.790413
3.268629,0.116339,9.544838,2.892241,2.892241,58.867612
2.813910,0.109901,10.942468,2.432029,2.432029,62.601642
2.771041,0.093828,7.568155,1.320318,1.320318,48.509637
1.741702,0.073801,7.876743,2.914910,2.914910,40.447082
2.089110,0.080223,6.462400,1.877711,1.877711,37.936814
2.185961,0.111903,5.993390,2.135359,2.135359,34.512935
2.442738,0.128673,7.537682,2.017861,2.017861,43.065776
2.654789,0.130412,10.059080,1.935531,1.935531,47.332669
3.558204,0.176566,13.441829,3.199724,3.199724,71.414392
3.614885,0.230596,12.721392,2.192089,2.192089,55.759497
3.603876,0.222525,10.722160,2.723158,2.723158,67.847349
3.161641,0.187918,9.421845,1.601362,1.601362,65.611837
2.243603,0.127730,9.091945,2.422154,2.422154,67.461381
1.743408,0.088972,9.085023,2.613479,2.613479,66.605836
1.558475,0.074965,7.415109,1.817030,1.817030,58.581296
1.888476,0.086745,5.211215,1.502878,1.502878,38.334363
2.000720,0.135604,5.031905,2.257670,2.257670,35.944532
1.147571,0.078812,7.132078,2.005657,2.005657,40.924707
1.670764,0.101256,7.182851,1.394743,1.394743,38.231371
1.447726,0.054341,3.883227,1.636689,1.636689,29.562103
1.479395,0.057598,6.134414,0.971598,0.971598,29.793107
2.348640,0.063029,7.997105,2.667277,2.667277,40.437336
0.929038,0.025493,3.317611,1.452364,1.452364,29.070826
1.047834,0.032614,6.491690,1.394356,1.394356,32.764008
1.089555,0.022416,5.505897,1.508006,1.508006,31.232753
1.429253,0.024325,6.070253,1.219419,1.219419,27.509513
1.518267,0.044109,4.562017,1.779676,1.779676,38.100881
1.698034,0.050992,5.981065,1.424324,1.424324,24.851161
2.022981,0.068788,6.908301,0.940737,0.940737,26.998641
0.966605,0.038141,4.249184,1.420009,1.420009,22.270516
1.208359,0.058358,3.116176,0.987689,0.987689,20.343722
1.254855,0.032581,7.022139,1.366618,1.366618,28.263755
2.404905,0.071208,5.655412,0.791416,0.791416,26.387149
1.348600,0.055586,4.193495,1.619741,1.619741,21.626360
1.124117,0.046568,4.782794,1.370315,1.370315,21.344217
0.916426,0.035899,3.837009,0.788262,0.788262,17.986489
1.585297,0.069683,3.702722,1.255225,1.255225,19.408578
1.270191,0.067582,5.251112,1.410062,1.410062,27.718696
1.170052,0.049870,3.213853,1.538207,1.538207,19.311190
1.117642,0.038824,3.425976,2.251852,2.251852,23.725394
2.617372,0.056377,5.767130,2.635732,2.635732,33.843636
0.959581,0.037366,2.937021,2.076832,2.076832,18.991957
1.252069,0.043835,2.919382,1.919744,1.919744,23.532028
2.117792,0.093772,5.029358,1.819555,1.819555,25.659978
1.220389,0.055003,2.992792,1.350430,1.350430,17.639353
1.291708,0.039532,3.411230,1.199041,1.199041,18.683143
1.754853,0.059498,5.305850,2.250977,2.250977,26.016846
1.675771,0.064447,3.260245,1.474021,1.474021,20.235882
1.496872,0.037595,3.494504,2.080389,2.080389,20.670197
1.302768,0.037737,4.362167,1.797789,1.797789,20.080007
2.076961,0.060196,5.114411,1.931043,1.931043,23.354385
2.623909,0.052215,4.889935,2.264595,2.264595,26.532009
1.655469,0.069590,4.780098,2.727703,2.727703,27.873592
1.729296,0.047754,7.489297,4.224528,4.224528,33.969569
1.945990,0.045706,5.329242,2.464817,2.464817,24.459292
2.053657,0.036614,6.187566,2.416853,2.416853,27.662807
2.652532,0.043588,8.458179,3.523640,3.523640,40.729917
2.401571,0.046112,8.511421,3.472488,3.472488,59.534088
3.145246,0.046720,9.183299,2.346638,2.346638,48.956640
3.012566,0.094960,12.077511,1.721552,1.721552,56.157329
5.013564,0.140175,14.856584,3.268031,3.268031,67.406513
4.292078,0.238372,16.950801,3.020958,3.020958,76.559992
4.882350,0.222672,18.617172,2.156326,2.156326,71.425155
4.458321,0.176978,12.106378,3.120342,3.120342,65.050988
4.366370,0.161496,13.909361,5.174019,5.174019,70.784715
5.172297,0.130561,16.329365,3.849686,3.849686,79.718649
4.729806,0.165544,14.651853,3.793507,3.793507,75.018772
4.337253,0.149844,19.382493,4.750088,4.750088,80.875251
4.260579,0.139543,17.232073,4.444782,4.444782,83.423504
4.545846,0.255798,17.032605,5.254054,5.254054,86.711656
4.035110,0.222346,14.580395,5.979892,5.979892,95.316137
4.588861,0.186009,15.554087,4.564370,4.564370,102.107823
4.479501,0.190445,9.988438,4.005401,4.005401,88.077219
4.830724,0.230265,10.415223,5.462796,5.462796,94.545464
4.973026,0.242472,10.744519,3.767717,3.767717,101.931389
4.595435,0.270594,10.508214,4.874765,4.874765,91.756144
3.508764,0.160585,13.562928,3.689289,3.689289,106.682836
3.102660,0.118100,12.156801,2.526069,2.526069,105.880658
2.738927,0.180625,11.575235,3.363499,3.363499,110.259355
2.323314,0.087073,10.363628,3.474441,3.474441,102.369712
2.474549,0.097145,10.603347,3.487450,3.487450,112.239575
2.712852,0.071453,11.141901,4.307375,4.307375,97.725618
2.771096,0.064067,8.986197,3.793263,3.793263,95.014255
3.239898,0.062071,9.757716,4.594175,4.594175,101.299740
3.076683,0.066209,13.024903,5.467524,5.467524,109.809477
3.472837,0.078231,14.086197,5.555736,5.555736,118.243912
3.232304,0.082941,15.196745,3.845818,3.845818,115.937160
2.952137,0.082380,14.101712,5.725572,5.725572,117.685240
3.010970,0.060997,13.015940,5.152330,5.152330,112.809368
3.063067,0.093768,12.605890,5.382591,5.382591,112.662855
3.365354,0.094129,12.045739,3.972729,3.972729,116.054517
2.664459,0.073045,13.320865,5.117175,5.117175,63.545739
3.127946,0.095883,12.754944,6.732743,6.732743,104.528433
2.918450,0.096292,11.128328,5.466820,5.466820,106.343653
2.653930,0.060275,11.302731,8.103318,8.103318,102.316304
2.990454,0.075817,14.282840,7.057510,7.057510,104.218358
4.065326,0.152152,15.325020,7.247195,7.247195,120.174810
3.670107,0.084230,14.192000,6.174481,6.174481,110.005595
3.889574,0.134377,15.136107,6.721186,6.721186,114.527282
3.538520,0.095709,12.782984,5.944400,5.944400,113.684938
3.959584,0.151044,17.423905,6.213529,6.213529,112.624007
5.889269,0.139797,15.881073,8.816249,8.816249,126.660185
3.683474,0.141612,16.199312,8.454705,8.454705,107.300723
4.052222,0.141926,16.051152,7.543214,7.543214,119.197245
4.318350,0.209573,14.553089,8.157699,8.157699,112.371537
2.801510,0.156108,13.391927,6.483733,6.483733,105.967394
3.622289,0.120271,14.354756,8.143123,8.143123,108.246974
3.393805,0.117541,15.185473,8.406169,8.406169,65.296905
3.337163,0.093404,13.320773,9.047808,9.047808,106.131299
3.812190,0.170553,18.648741,6.725860,6.725860,115.915919
3.992277,0.105568,16.584206,7.914793,7.914793,102.845635
3.594807,0.074727,16.760251,6.628467,6.628467,109.075741
4.092006,0.112327,21.012669,8.310327,8.310327,115.659895
5.216372,0.143019,20.687448,7.409402,7.409402,111.372009
5.157326,0.167416,20.283163,7.186470,7.186470,113.330213
5.656005,0.188659,19.574710,8.330690,8.330690,125.077708
5.430278,0.137229,21.747132,7.355835,7.355835,114.067956
5.686164,0.138002,21.478857,7.681334,7.681334,121.402706
4.764894,0.104391,20.103061,7.411889,7.411889,130.491281
6.227882,0.153933,22.382755,8.336991,8.336991,122.293016
5.192448,0.181212,21.668351,6.054061,6.054061,126.327120
4.904435,0.112329,20.926856,8.418174,8.418174,127.186773
6.178960,0.140034,21.768666,7.919244,7.919244,131.427367
5.506481,0.132341,22.382785,8.541680,8.541680,127.299279
5.622944,0.160663,21.972235,7.541052,7.541052,131.557510
4.510451,0.131483,16.992788,7.437777,7.437777,112.159948
4.634299,0.205489,21.594301,6.349900,6.349900,130.219642
4.833805,0.185399,18.829442,9.127010,9.127010,132.831586
4.434533,0.122297,16.870772,9.005848,9.005848,130.217345
4.822122,0.152268,17.871013,10.538751,10.538751,134.902762
4.571647,0.154957,18.642678,11.209443,11.209443,133.182382
5.298010,0.111847,20.091230,14.379569,14.379569,148.354463
4.878461,0.086505,21.486902,10.408475,10.408475,133.121842
5.134326,0.099045,23.403935,13.409986,13.409986,145.441992
6.031540,0.085332,20.703158,11.434366,11.434366,141.205633
5.190635,0.076083,23.359688,11.644483,11.644483,151.225287
5.797637,0.102885,22.164133,16.702633,16.702633,160.273153
6.507396,0.107979,24.083354,10.871615,10.871615,156.361772
6.864738,0.101834,26.400414,14.608054,14.608054,150.015318
5.793029,0.118073,26.680121,11.678551,11.678551,145.871150
5.760038,0.125431,26.374032,11.836077,11.836077,142.867048
6.281251,0.141083,28.062545,13.958938,13.958938,146.145387
6.052360,0.108268,22.517029,9.939536,9.939536,134.961529
7.042268,0.076542,23.500656,11.015978,11.015978,138.447569
5.472101,0.125534,21.793378,9.952327,9.952327,133.170413
5.956766,0.091684,20.321211,9.506986,9.506986,139.302200
5.834389,0.127309,27.324051,11.503111,11.503111,146.629703
5.615834,0.087059,19.133659,11.201553,11.201553,143.884974
6.452245,0.075451,21.572564,8.809339,8.809339,134.321699
5.378162,0.105032,19.594063,7.930715,7.930715,134.657796
6.574651,0.100743,19.708790,11.530350,11.530350,147.006173
5.744210,0.118585,19.456870,10.299373,10.299373,138.173962
5.436232,0.100679,16.575418,7.629436,7.629436,131.211431
4.948879,0.116757,15.915097,6.843849,6.843849,137.489680
4.428590,0.126085,16.150978,8.416466,8.416466,140.489590
4.579392,0.099547,15.551181,7.366885,7.366885,140.806292
7.094834,0.122837,16.450099,8.256235,8.256235,136.297150
4.800154,0.147278,15.858213,7.803722,7.803722,135.930821
4.505603,0.107635,11.151412,7.280244,7.280244,128.681081
3.250847,0.085644,15.078059,6.956581,6.956581,130.768563
4.545344,0.122078,13.102221,4.130797,4.130797,122.205701
3.453004,0.110137,12.312257,6.058054,6.058054,120.761052
3.749262,0.096095,13.291879,6.593770,6.593770,120.018629
2.587019,0.052797,12.929234,6.593849,6.593849,130.725605
3.011178,0.059324,11.810501,5.788757,5.788757,125.175402
3.113431,0.078452,9.953510,5.808061,5.808061,115.640103
3.136804,0.052024,13.757603,8.557364,8.557364,123.737802
3.759220,0.067565,10.333863,5.386175,5.386175,107.765870
2.545529,0.068685,13.309449,7.183735,7.183735,125.846645
3.085275,0.060314,10.544708,6.200548,6.200548,105.844354
1.665728,0.028943,9.037950,3.632770,3.632770,107.156056
2.119516,0.049837,9.748480,6.273089,6.273089,108.325233
2.796270,0.042840,6.801879,7.350814,7.350814,107.343021
2.711492,0.047715,6.660885,5.930193,5.930193,103.210114
2.011646,0.038745,10.281916,4.848008,4.848008,94.883730
2.221935,0.047111,7.960291,8.138677,8.138677,102.627263
3.166000,0.074672,7.755344,5.491457,5.491457,96.080197
2.572476,0.083010,8.579459,5.119246,5.119246,89.070481
2.542326,0.070083,7.645309,5.467040,5.467040,95.678055
2.335848,0.042526,9.323307,5.230494,5.230494,92.226409
2.722754,0.049684,7.765866,4.295106,4.295106,91.831570
3.011679,0.079868,8.771541,5.345233,5.345233,95.913217
2.464964,0.050429,9.104789,5.773726,5.773726,103.418165
2.927380,0.059689,8.170907,5.485832,5.485832,98.770140
3.335642,0.034084,9.190056,5.257597,5.257597,89.887008
3.170973,0.046169,8.570183,9.955836,9.955836,104.250344
2.668141,0.041565,10.942824,3.944648,3.944648,87.640814
3.584443,0.053538,9.156036,6.399658,6.399658,98.230029
3.184288,0.061772,10.786457,5.290759,5.290759,97.236348
2.942459,0.069396,7.563163,5.730138,5.730138,94.785154
3.078347,0.057510,9.382118,5.071565,5.071565,91.005781
2.435623,0.048120,8.880074,4.926550,4.926550,87.046265
2.662260,0.074507,8.318140,4.169040,4.169040,83.473619
2.201855,0.030637,10.362692,5.917738,5.917738,93.588873
2.760314,0.046427,6.890688,5.014175,5.014175,82.945918
3.091137,0.061101,7.979536,6.875004,6.875004,95.491542
2.496207,0.043281,9.615137,5.792315,5.792315,92.598036
2.593931,0.039096,7.811169,6.103242,6.103242,86.828159
2.155502,0.040385,9.310259,3.869008,3.869008,36.401488
2.525868,0.038049,8.104800,5.004464,5.004464,78.214043
3.185151,0.057510,6.841919,4.489765,4.489765,33.613419
2.697093,0.030786,8.568816,5.037981,5.037981,39.651807
2.630141,0.045606,6.310861,5.340732,5.340732,32.066251
1.957872,0.030569,7.868278,3.807868,3.807868,34.638614
2.255904,0.039967,6.539164,3.203559,3.203559,34.305306
1.916700,0.022897,6.192225,3.292951,3.292951,28.632358
2.085509,0.054191,6.210141,4.525165,4.525165,30.894329
1.815310,0.021752,6.007457,4.461515,4.461515,31.174995
2.145616,0.030438,5.428576,3.475221,3.475221,30.046935
2.616705,0.035785,6.520233,4.128305,4.128305,32.135223
2.512516,0.034370,7.466969,3.263674,3.263674,31.460754
1.797412,0.027556,9.926979,7.385052,7.385052,39.524092
2.811665,0.039258,11.964637,3.292189,3.292189,46.461082
2.242522,0.031193,10.810921,3.227603,3.227603,36.491644
2.002645,0.045038,10.207774,5.029390,5.029390,38.464667
2.717813,0.045717,12.140208,4.819400,4.819400,41.236906
2.181419,0.054620,8.508299,3.367828,3.367828,33.726776
1.896660,0.026431,8.813512,4.091713,4.091713,34.521000
2.644932,0.047560,7.957196,3.440382,3.440382,30.668556
1.953165,0.032565,7.212645,4.467988,4.467988,30.896154
2.035813,0.027997,7.157617,3.052808,3.052808,28.658969
2.253072,0.033671,8.957358,4.999803,4.999803,31.833096
2.526052,0.043699,8.811014,4.035824,4.035824,33.997543
3.010834,0.042214,9.827477,4.881262,4.881262,34.177705
3.531609,0.044599,8.145447,6.586709,6.586709,36.809722
3.044891,0.054178,10.241141,3.466016,3.466016,37.213048
2.579684,0.041916,10.578512,4.075380,4.075380,37.048154
3.166554,0.043474,13.077147,3.788706,3.788706,68.503780
2.398227,0.041795,7.504261,5.848169,5.848169,38.924644
2.757969,0.044110,10.276341,5.498157,5.498157,36.901665
2.634776,0.027913,10.618044,5.243288,5.243288,35.865412
2.924165,0.053619,9.948528,6.206756,6.206756,40.273078
2.698229,0.068784,11.121412,6.545678,6.545678,70.151568
3.506609,0.051755,14.207484,6.538072,6.538072,74.206608
3.965460,0.066609,10.028850,6.654900,6.654900,73.854585
2.898931,0.091524,11.706230,5.826101,5.826101,72.813203
2.149621,0.109948,10.449103,9.271272,9.271272,47.433085
2.888170,0.073314,12.646433,7.267130,7.267130,58.685261
1.807585,0.053689,11.071544,10.556291,10.556291,48.089518
3.137174,0.081077,12.815214,8.178227,8.178227,58.985945
5.075195,0.156327,25.480930,9.787193,9.787193,74.944656
5.852002,0.187803,20.197993,9.156293,9.156293,91.270229
3.806641,0.121739,18.022827,6.264027,6.264027,82.377591
3.194041,0.105461,14.528335,6.394501,6.394501,75.193974
3.303016,0.096704,13.599510,6.489776,6.489776,84.934405
2.551431,0.067941,14.161732,5.889778,5.889778,73.921916
3.694957,0.099027,10.500239,6.124855,6.124855,71.711930
2.500466,0.103280,9.897569,7.905578,7.905578,47.106508
2.217755,0.058264,8.045594,6.329561,6.329561,48.549568
2.608246,0.058050,11.669705,5.807163,5.807163,68.223906
2.676930,0.048758,10.230729,6.712850,6.712850,62.664631
1.854061,0.050059,10.312042,5.754441,5.754441,70.873062
2.384410,0.061916,8.902386,5.649031,5.649031,52.337336
2.524992,0.055634,9.659633,6.251913,6.251913,78.816567
2.735104,0.067800,7.445208,4.568020,4.568020,69.611654
2.044155,0.081434,5.647273,2.734586,2.734586,72.566430
2.257598,0.120530,9.978402,2.574138,2.574138,55.128995
2.552202,0.143327,8.169462,2.873395,2.873395,75.994862
2.301246,0.168011,8.706707,2.145831,2.145831,43.697465
3.347516,0.183573,6.706439,2.077529,2.077529,42.783950
6.757053,0.218386,6.132546,2.788438,2.788438,53.872452
3.649674,0.228203,9.102874,2.129508,2.129508,46.463827
3.306487,0.281455,8.661585,1.895467,1.895467,46.868420
3.509516,0.312041,10.612691,2.761403,2.761403,51.523923
2.781208,0.188325,10.773522,6.261196,6.261196,48.339924
4.244428,0.167803,10.511923,2.822133,2.822133,77.857882
3.052369,0.076659,13.211882,1.905428,1.905428,54.816193
3.899621,0.119060,15.570841,2.535591,2.535591,87.490758
4.621736,0.096436,17.265360,3.859075,3.859075,92.022295
4.073576,0.135126,17.746013,3.500302,3.500302,88.586624
4.529908,0.091609,14.377157,3.166975,3.166975,85.998886
4.428901,0.100324,14.287059,2.800693,2.800693,84.204938
5.072052,0.077254,16.994218,3.292870,3.292870,94.142574
4.900863,0.085205,15.015949,3.886789,3.886789,90.035566
5.241793,0.084233,17.069452,3.972646,3.972646,97.765582
4.118600,0.072163,17.269781,2.737820,2.737820,97.522353
5.446441,0.114336,22.059376,3.406173,3.406173,103.591383
4.307106,0.093239,12.783854,3.049715,3.049715,85.771858
4.104687,0.066051,17.462072,4.645590,4.645590,91.203693
4.038704,0.092695,14.295503,2.523340,2.523340,85.454446
3.930694,0.077196,18.130685,3.772972,3.772972,93.307087
4.844844,0.093810,15.495413,3.285526,3.285526,84.139094
7.223451,0.071090,14.549611,3.682309,3.682309,85.370191
4.031591,0.068505,13.504967,3.434383,3.434383,87.194691
4.359371,0.060541,12.667819,3.807844,3.807844,81.952668
4.153606,0.060857,16.217692,3.189492,3.189492,90.223022
4.189002,0.092733,13.626612,2.607528,2.607528,78.592181
4.122226,0.090576,14.032622,4.185724,4.185724,89.570199
4.995137,0.141566,13.956937,5.512448,5.512448,85.940698
3.013552,0.073595,10.300035,2.551212,2.551212,74.970211
3.471567,0.071307,10.516180,3.169315,3.169315,72.457476
3.623996,0.058196,10.502802,2.734207,2.734207,76.968582
3.902157,0.072440,7.897120,4.699842,4.699842,69.021484
3.094131,0.058786,7.681375,3.106957,3.106957,67.532658
3.830539,0.101921,10.071005,4.207715,4.207715,73.131845
3.430143,0.042682,10.808719,4.030428,4.030428,72.967565
4.314893,0.076653,10.545265,2.947792,2.947792,80.577354
5.150960,0.059484,9.738714,3.436101,3.436101,81.129478
4.696356,0.062141,11.132813,4.952022,4.952022,86.138908
5.796994,0.071404,11.805184,5.860736,5.860736,86.443112
6.192613,0.056277,12.994732,4.897483,4.897483,90.461895
5.397110,0.066622,11.893419,5.499863,5.499863,99.694069
5.714565,0.057454,13.152583,5.184733,5.184733,89.146981
8.080427,0.081193,15.220503,6.458174,6.458174,100.789229
6.786274,0.068158,12.610330,9.422513,9.422513,94.945936
5.339835,0.071243,10.760730,6.611995,6.611995,84.909828
4.781579,0.047857,10.237644,8.364174,8.364174,82.966434
4.970264,0.047303,10.311531,6.589464,6.589464,81.725919
5.028996,0.055054,11.578357,5.388934,5.388934,86.983840
5.387669,0.082365,12.316154,7.526178,7.526178,84.617808
5.033376,0.067027,11.894776,6.502762,6.502762,81.956774
4.744932,0.060131,13.365012,6.352562,6.352562,94.133618
4.453340,0.056771,11.046397,5.973777,5.973777,89.506385
4.743526,0.069665,14.760167,8.432570,8.432570,99.608653
5.618087,0.096101,15.493289,8.219484,8.219484,99.079567
4.658292,0.081742,14.415595,6.533864,6.533864,92.421044
5.457813,0.111597,18.325634,7.340271,7.340271,102.261558
4.327897,0.069448,14.356364,5.846854,5.846854,85.497143
4.676633,0.093652,16.149015,4.792135,4.792135,86.895793
4.099610,0.070626,15.999208,4.216195,4.216195,88.616447
5.594607,0.091042,21.648130,7.687249,7.687249,104.796934
4.291486,0.111419,14.933401,6.700019,6.700019,93.109369
4.982729,0.091930,16.710683,5.245168,5.245168,91.048960
4.799308,0.054253,18.828651,4.955107,4.955107,98.903826
5.106749,0.099050,15.116914,7.653324,7.653324,93.997612
4.513541,0.066416,18.749178,4.258394,4.258394,102.071528
5.233572,0.101020,18.691907,6.618096,6.618096,100.305534
5.359299,0.070588,21.683108,7.789146,7.789146,102.963293
4.476735,0.076335,18.593910,5.861605,5.861605,95.157377
6.158202,0.064254,18.704273,6.670482,6.670482,104.343292
4.886708,0.082034,15.564323,4.634211,4.634211,97.828830
4.207166,0.098843,19.086315,5.721585,5.721585,95.220776
4.525031,0.060724,16.732217,4.312080,4.312080,100.787428
5.537395,0.115916,21.392558,4.878364,4.878364,107.763073
4.722784,0.085094,17.768352,8.104378,8.104378,94.558970
4.909741,0.071238,23.248426,4.415002,4.415002,109.671258
5.615391,0.071929,21.541073,3.009220,3.009220,103.810950
5.315778,0.093879,18.953052,3.354547,3.354547,98.450454
4.684536,0.084610,18.325938,3.558935,3.558935,106.311374
4.524898,0.074873,19.726407,2.867231,2.867231,104.227199
5.230152,0.063690,19.199876,4.369191,4.369191,125.824509
4.914429,0.094439,16.178386,4.157458,4.157458,103.683431
4.653046,0.075452,16.998296,5.915049,5.915049,101.566224
5.076374,0.097419,20.310510,3.825768,3.825768,108.823326
5.303226,0.102307,16.339989,4.197766,4.197766,108.994190
5.456040,0.104662,17.735815,4.590420,4.590420,111.382633
5.604376,0.097688,14.457819,3.596295,3.596295,97.172189
4.450755,0.118714,11.273951,4.635119,4.635119,92.356970
4.228180,0.077954,15.224696,4.221304,4.221304,112.850374
4.937600,0.069596,18.087372,3.753229,3.753229,109.585924
4.288770,0.096240,14.416787,3.593590,3.593590,117.342418
4.497105,0.076676,13.328991,2.160061,2.160061,103.441463
4.766573,0.096041,16.484450,2.650533,2.650533,111.946058
3.802475,0.149962,13.628134,2.532362,2.532362,105.118534
3.858459,0.124199,13.299856,4.704407,4.704407,121.286284
3.163278,0.139152,15.627602,2.305986,2.305986,114.836031
3.022629,0.147922,11.636800,3.269293,3.269293,116.568231
3.026140,0.148847,14.524885,2.491676,2.491676,114.431636
3.352563,0.137335,12.202382,1.203745,1.203745,107.300347
3.448031,0.093409,12.254908,1.906990,1.906990,103.875063
2.607797,0.104477,10.940532,1.894544,1.894544,106.492947
3.074093,0.092413,11.181070,2.948349,2.948349,103.297314
3.482776,0.090801,8.435104,3.786596,3.786596,96.176554
3.805838,0.111201,11.713393,2.940437,2.940437,121.069074
3.469403,0.071575,11.707322,2.201665,2.201665,105.428708
4.555427,0.086141,15.560180,3.045457,3.045457,123.457903
4.296882,0.099177,14.838025,3.151373,3.151373,110.348555
4.232418,0.095235,12.919478,4.338558,4.338558,124.278287
3.374496,0.073495,14.355113,3.704368,3.704368,123.594613
3.427755,0.080338,14.573462,2.473577,2.473577,118.866504
3.674027,0.088616,14.343114,3.593984,3.593984,113.300656
3.538982,0.142394,12.986843,3.704614,3.704614,111.044789
2.893107,0.106530,11.491634,3.313541,3.313541,115.572887
3.636516,0.114351,13.312022,4.497890,4.497890,120.312181
4.009286,0.084088,10.406546,1.970055,1.970055,112.276684
4.120969,0.089789,14.012191,2.751027,2.751027,113.696011
4.305570,0.118947,11.584036,3.742724,3.742724,111.126046
3.741559,0.108977,14.318592,4.533554,4.533554,109.905856
4.389007,0.165383,12.715095,3.349931,3.349931,107.300447
3.775317,0.128506,12.922474,3.918512,3.918512,113.481851
4.448463,0.179424,14.646000,3.133600,3.133600,114.374577
4.182369,0.281904,16.164813,3.810413,3.810413,120.158955
4.867595,0.265941,16.816157,3.737348,3.737348,111.733770
5.349952,0.355444,15.817632,3.998122,3.998122,121.704581
5.633464,0.243595,17.852821,4.677321,4.677321,117.053663
4.477341,0.154552,16.577590,3.477443,3.477443,106.749039
5.009402,0.172970,15.468998,3.613568,3.613568,115.653020
4.336761,0.123696,15.679174,6.633120,6.633120,125.887578
4.452167,0.122311,16.478767,6.185516,6.185516,116.727791
4.730104,0.183219,17.285289,4.894175,4.894175,106.867755
4.849069,0.120392,17.312522,5.696523,5.696523,121.986689
4.786506,0.108434,14.302839,4.739692,4.739692,102.446975
4.006250,0.113171,15.133455,5.333599,5.333599,117.818710
4.970363,0.105253,16.538103,3.680405,3.680405,111.678819
4.104545,0.093834,16.887954,6.789914,6.789914,124.955491
4.928176,0.103924,18.464489,7.525591,7.525591,129.035764
5.869305,0.092996,18.253825,8.453736,8.453736,127.260521
4.481516,0.077131,20.227011,7.704619,7.704619,125.652807
5.864265,0.073982,24.275490,9.868024,9.868024,127.998557
5.686080,0.086262,19.781449,5.890305,5.890305,122.384148
5.897329,0.102908,18.267083,6.065167,6.065167,127.182750
8.475010,0.087209,19.699767,6.099936,6.099936,134.484296
5.994125,0.058984,22.090056,5.828251,5.828251,130.242102
6.443280,0.051200,17.674782,8.538013,8.538013,134.734722
6.706368,0.064583,21.530269,9.336713,9.336713,206.966557
5.721074,0.054446,15.308153,7.335197,7.335197,124.953330
6.023820,0.077042,16.934297,8.234917,8.234917,132.428091
5.628214,0.061758,21.970550,7.228381,7.228381,133.224701
6.036450,0.061907,15.791879,8.000331,8.000331,135.377537
7.112299,0.085257,17.909445,9.999845,9.999845,143.354499
6.115819,0.072944,16.883558,8.988527,8.988527,134.301209
6.415245,0.107485,16.270131,9.907899,9.907899,131.800720
5.904600,0.080525,17.045824,8.406957,8.406957,133.489236
6.562679,0.055850,17.628842,8.518863,8.518863,131.976236
5.848087,0.057803,16.916604,8.835830,8.835830,132.553789
6.500475,0.040359,16.882727,9.606911,9.606911,137.059025
7.268931,0.060067,18.122406,10.254528,10.254528,136.762981
7.187382,0.098562,18.238047,9.625031,9.625031,130.487414
7.060224,0.067875,14.658735,7.220129,7.220129,125.366489
6.758645,0.056891,17.270432,8.581635,8.581635,133.024942
7.513075,0.046299,17.445804,9.210383,9.210383,135.389327
7.495870,0.065953,16.395371,9.234230,9.234230,135.318101
6.964655,0.061761,16.180872,6.237167,6.237167,130.293329
7.241944,0.060039,19.088782,9.782465,9.782465,139.504186
7.123724,0.075459,18.667934,7.025921,7.025921,130.527985
6.530387,0.059123,17.695180,6.120084,6.120084,123.613142
6.655994,0.063415,15.130018,10.286426,10.286426,139.647555
6.302367,0.105796,14.974262,6.036508,6.036508,127.381740
5.873892,0.146306,17.146214,7.667205,7.667205,131.518094
6.315874,0.087959,19.920078,9.612387,9.612387,143.446557
5.625255,0.053137,19.045336,9.588017,9.588017,130.765246
5.597973,0.052736,16.508170,5.370593,5.370593,131.637071
4.706620,0.069320,13.329349,6.836377,6.836377,129.791436
4.391419,0.066079,11.877119,6.005113,6.005113,130.431654
3.100213,0.077576,7.928313,7.656943,7.656943,125.772287
2.493165,0.063826,11.102326,4.415967,4.415967,108.725995
2.392930,0.067438,8.990784,9.838083,9.838083,101.027214
4.682930,0.099905,28.870337,10.831321,10.831321,146.633890
5.262932,0.123012,20.524624,10.512392,10.512392,134.000483
5.324876,0.103585,21.791390,9.378990,9.378990,140.421207
6.082367,0.137197,24.026561,11.307867,11.307867,137.226687
6.464707,0.114957,22.520115,14.196454,14.196454,142.495345
6.868765,0.097735,25.250176,9.811248,9.811248,150.061448
6.451325,0.084193,19.929012,10.667874,10.667874,152.410152
5.929866,0.104970,21.998046,9.019595,9.019595,156.652482
6.878938,0.122547,17.694015,8.415450,8.415450,155.409878
5.700454,0.139907,17.013366,7.568749,7.568749,142.732912
5.175535,0.111261,17.943210,5.321192,5.321192,153.430798
4.901403,0.158230,17.101298,5.486449,5.486449,157.239185
4.351814,0.135507,12.426971,6.361828,6.361828,140.296442
4.552156,0.137349,16.907441,6.883088,6.883088,134.181532
4.127691,0.109452,18.397906,8.221366,8.221366,145.703913
4.369673,0.090846,15.767981,10.286796,10.286796,150.782357
3.094768,0.053853,14.569290,6.158494,6.158494,127.743526
3.347584,0.052205,15.745047,9.679597,9.679597,142.625956
4.219809,0.055685,16.955082,5.441292,5.441292,136.005099
4.480433,0.099764,17.606588,6.148683,6.148683,142.238528
3.865015,0.100543,14.549684,9.646788,9.646788,138.111774
4.811937,0.106726,17.659927,9.796918,9.796918,148.948087
4.765709,0.087295,16.308379,10.847758,10.847758,140.394706
5.023148,0.091545,18.235289,11.385355,11.385355,152.173520
5.194865,0.106065,16.622398,13.085239,13.085239,150.381868
5.532715,0.106258,19.413091,13.646645,13.646645,151.172644
6.580441,0.160803,25.216451,9.202582,9.202582,157.193201
5.153730,0.286592,30.688822,8.872715,8.872715,157.674226
5.237444,0.180664,27.637274,10.388202,10.388202,151.917970
4.920124,0.150509,24.632561,10.299166,10.299166,148.212926
5.869355,0.223934,22.055658,9.314796,9.314796,154.805134
5.571937,0.256935,21.446268,6.481294,6.481294,149.086032
3.410783,0.212523,16.058666,9.431358,9.431358,139.959608
3.145394,0.142432,11.639674,9.587208,9.587208,140.860612
2.248481,0.147046,10.307295,7.543147,7.543147,76.621341
2.323501,0.123072,10.119687,6.586244,6.586244,132.170943
2.247326,0.097090,11.130629,8.153052,8.153052,134.417769
2.934071,0.117025,11.608729,5.624961,5.624961,130.541597
3.147719,0.256263,14.861900,7.445908,7.445908,138.672915
4.435635,0.190152,15.993808,7.755652,7.755652,136.460406
4.440718,0.174593,11.026710,8.072344,8.072344,130.712086
2.287633,0.143950,7.733969,6.717812,6.717812,113.499124
2.352298,0.208331,9.836887,6.522316,6.522316,113.191485
1.600380,0.039785,10.696316,8.888318,8.888318,44.924018
2.111111,0.049088,9.522173,7.877733,7.877733,48.210137
2.004335,0.033492,11.186880,7.144699,7.144699,48.409782
1.900775,0.047789,13.972995,10.094776,10.094776,49.351481
3.006533,0.067517,13.972745,10.438421,10.438421,117.830052
4.135512,0.089048,17.966763,10.833497,10.833497,115.624038
4.459856,0.069283,23.206144,9.681416,9.681416,136.829966
5.034877,0.067679,22.495716,11.746303,11.746303,136.957004
5.732615,0.086676,26.241945,11.647112,11.647112,138.761974
5.749040,0.126623,27.296648,14.332374,14.332374,143.136602
5.505845,0.114023,22.996817,12.842564,12.842564,136.722703
4.987374,0.088184,20.396695,13.954530,13.954530,140.371925
5.206730,0.099951,18.687478,10.998415,10.998415,135.599871
4.672253,0.075540,16.952790,12.288088,12.288088,135.208957
4.532905,0.105012,16.186415,9.986134,9.986134,132.088082
4.613704,0.118897,15.972233,9.275641,9.275641,119.159110
3.836668,0.138949,14.737901,8.746336,8.746336,119.620224
3.686664,0.098262,15.025681,6.625270,6.625270,77.037736
3.701263,0.108365,15.371691,7.769747,7.769747,116.773675
3.003039,0.059895,12.794824,6.128762,6.128762,65.714290
3.014720,0.056869,13.004590,6.101441,6.101441,59.665087
3.218877,0.042472,15.804845,8.699169,8.699169,64.297026
2.756021,0.039960,12.630678,5.193815,5.193815,62.386705
3.126424,0.072594,12.438049,7.756828,7.756828,110.238225
2.862762,0.035944,13.108766,5.659746,5.659746,64.771567
3.011922,0.041207,12.303410,6.745168,6.745168,62.769051
3.864184,0.068733,14.049879,8.545682,8.545682,105.187350
3.536050,0.053949,8.753968,6.492465,6.492465,97.509854
3.537844,0.044879,9.954949,6.557282,6.557282,103.834813
3.996679,0.037178,13.746396,6.757169,6.757169,97.740118
4.353544,0.040156,14.804710,8.086502,8.086502,120.803992
4.885221,0.073510,13.191109,8.582442,8.582442,111.458405
4.571090,0.084872,14.177743,6.044230,6.044230,104.020808
4.424276,0.078014,14.721913,5.389106,5.389106,109.550255
5.807409,0.090503,15.684953,7.813097,7.813097,121.076511
4.860399,0.075109,15.683380,10.477289,10.477289,113.690665
5.102193,0.111727,19.611508,8.301090,8.301090,127.977448
5.009140,0.116924,18.631751,9.891986,9.891986,107.879090
4.273879,0.114699,21.235231,8.602563,8.602563,123.452242
4.578512,0.112453,18.970439,9.790630,9.790630,113.969101
4.644045,0.164532,24.978144,9.273741,9.273741,123.808803
4.552180,0.095791,18.134489,11.825349,11.825349,112.712662
4.574290,0.131321,20.399989,11.101616,11.101616,131.101632
4.330796,0.225354,19.211925,12.877418,12.877418,130.885001
4.229577,0.096197,19.603141,11.103903,11.103903,114.471877
4.461133,0.067576,18.577067,12.365407,12.365407,131.920311
4.394347,0.104849,18.045502,14.887772,14.887772,118.257106
4.482269,0.127224,20.864139,16.488522,16.488522,122.430217
4.066549,0.091829,19.552086,10.079770,10.079770,115.715932
4.234623,0.118949,19.684689,13.809638,13.809638,132.232819
5.521644,0.138163,20.035009,11.215751,11.215751,127.641288
6.319627,0.112172,21.339931,12.706107,12.706107,123.411643
3.510590,0.108666,15.154647,11.520474,11.520474,101.571442
3.180744,0.125055,13.786167,7.276886,7.276886,87.773609
2.350524,0.085437,11.984736,10.716204,10.716204,98.687892
2.443773,0.122919,9.948616,5.868317,5.868317,81.572238
1.921056,0.050467,11.580743,6.507983,6.507983,87.412613
2.172124,0.055321,8.886817,6.624036,6.624036,55.055003
5.422339,0.122065,17.476157,5.763572,5.763572,107.160071
3.391605,0.124501,11.140715,6.256903,6.256903,99.811692
3.380106,0.136471,12.751460,5.315814,5.315814,86.954773
4.475207,0.239933,11.530993,10.525707,10.525707,105.242831
2.290478,0.121048,10.116122,3.883277,3.883277,84.105990
1.956297,0.102273,8.318630,4.434670,4.434670,88.378105
2.055326,0.142263,7.091217,4.270631,4.270631,87.040986
1.762724,0.043305,7.291874,4.041494,4.041494,85.487200
2.201773,0.041348,5.085747,4.970758,4.970758,84.581496
1.852227,0.048341,8.260117,3.333459,3.333459,38.179221
2.150836,0.095349,7.443637,6.015251,6.015251,42.941473
2.475908,0.067951,8.206569,5.667955,5.667955,89.852246
2.180591,0.061393,10.769120,4.191779,4.191779,106.534093
3.234532,0.073141,9.757244,4.534868,4.534868,82.789086
2.346220,0.080574,9.337804,5.485110,5.485110,92.390217
2.874942,0.075322,8.108048,14.853885,14.853885,91.538761
3.389697,0.092775,9.882845,7.049829,7.049829,89.179082
2.839138,0.053569,14.432742,6.713886,6.713886,94.606285
4.108578,0.056824,15.866058,6.357736,6.357736,107.821389
4.939516,0.073501,14.140779,6.002842,6.002842,111.499409
4.767826,0.058447,16.197057,5.503525,5.503525,123.018483
4.675830,0.066796,16.923557,5.076306,5.076306,114.465320
6.283620,0.118918,19.468392,7.089227,7.089227,129.601464
6.394771,0.075263,19.682879,7.991328,7.991328,133.195936
7.445048,0.097115,21.730759,8.717231,8.717231,129.985906
7.800169,0.164608,24.704050,7.937253,7.937253,134.511034
7.831957,0.105266,27.373238,6.727037,6.727037,126.485231
6.884693,0.121233,31.096198,6.670646,6.670646,132.882734
7.800227,0.121393,26.618327,4.464604,4.464604,125.059278
10.829514,0.088055,26.940971,8.209027,8.209027,144.917677
8.730479,0.076644,26.501190,7.312275,7.312275,134.175392
8.158955,0.065183,30.705206,9.819478,9.819478,147.477174
7.367470,0.069768,27.007002,7.789132,7.789132,135.319290
10.091778,0.087749,28.366610,6.819748,6.819748,147.125696
7.528047,0.091525,24.192137,6.316929,6.316929,141.044433
8.643098,0.102150,25.529939,8.541802,8.541802,147.473725
6.948988,0.076277,28.624827,7.403792,7.403792,159.178827
6.353316,0.071754,31.391908,4.897965,4.897965,157.208581
7.060666,0.120071,31.127389,8.216369,8.216369,159.635317
6.819305,0.100099,29.721526,7.371908,7.371908,159.913213
6.620815,0.075596,23.795511,8.595211,8.595211,164.276225
6.721711,0.125893,26.209409,4.460453,4.460453,153.129921
7.455709,0.126028,25.756373,7.174808,7.174808,152.570856
5.463177,0.093159,21.329896,8.585373,8.585373,157.473814
5.748748,0.124966,19.191008,8.493614,8.493614,142.995743
5.568409,0.113503,19.369441,6.446990,6.446990,149.242023
5.248804,0.123090,18.171590,5.350733,5.350733,142.713432
4.906151,0.123956,16.355410,5.215003,5.215003,135.130387
4.807340,0.130982,14.138793,6.289840,6.289840,143.252994
4.876218,0.165274,13.652212,6.215592,6.215592,139.974021
5.070967,0.164901,12.731707,4.656662,4.656662,132.888487
4.434476,0.191941,13.271961,7.970080,7.970080,148.776823
4.451709,0.232744,13.224861,6.369149,6.369149,141.903433
4.571012,0.294561,10.735811,4.923958,4.923958,132.850182
3.849086,0.153637,12.522151,6.082414,6.082414,138.098226
3.755928,0.126361,11.588348,5.636350,5.636350,128.976909
4.499237,0.156564,12.183614,9.289870,9.289870,146.107264
5.197511,0.131540,12.937656,9.506838,9.506838,157.100229
4.530574,0.152905,15.063585,8.581659,8.581659,147.803386
4.685981,0.149697,10.042216,7.791382,7.791382,146.995531
4.608768,0.104377,13.114222,5.814507,5.814507,136.842368
5.700850,0.179817,17.148550,6.706675,6.706675,155.407908
4.319658,0.069544,11.834849,6.155630,6.155630,129.710813
3.464138,0.062116,12.016890,6.592059,6.592059,139.256547
4.059164,0.073102,8.167444,4.060427,4.060427,53.504755
3.635054,0.060613,9.391024,5.171346,5.171346,47.864557
3.956150,0.051302,8.005709,5.438868,5.438868,44.497028
3.546424,0.045036,6.564218,4.469554,4.469554,38.417859
3.670751,0.026169,7.123061,3.079584,3.079584,42.683732
3.995753,0.026089,7.037324,5.205831,5.205831,43.088232
4.009918,0.022226,6.642373,3.267931,3.267931,54.516947
3.211542,0.026981,8.744956,3.086448,3.086448,34.358006
4.140169,0.033745,8.774894,3.594376,3.594376,61.115200
4.172507,0.042419,7.770119,5.137859,5.137859,41.941298
4.470479,0.040894,6.583716,4.719249,4.719249,37.308964
3.218462,0.034260,6.914724,3.685400,3.685400,35.094677
4.197118,0.010399,6.842710,5.298965,5.298965,38.656485
3.558443,0.027093,6.799807,3.477530,3.477530,40.638163
2.913889,0.018543,5.739824,4.317347,4.317347,34.722402
3.557987,0.018832,7.463720,2.869863,2.869863,33.738567
4.439048,0.022633,7.094198,5.593754,5.593754,39.589122
4.038569,0.023760,5.759962,4.486980,4.486980,35.670862
4.249059,0.020938,7.179719,5.059886,5.059886,35.887784
3.593092,0.014100,9.319612,3.936048,3.936048,38.057615
3.966009,0.021938,7.680848,4.930046,4.930046,36.572238
3.393296,0.012814,9.188267,4.375167,4.375167,36.420883
4.426345,0.027810,9.879989,4.419204,4.419204,40.666898
3.511884,0.010146,9.724009,10.036268,10.036268,44.374351
4.627003,0.008374,7.261361,3.027519,3.027519,32.902294
4.934430,0.007994,9.858836,3.045195,3.045195,35.696615
5.163185,0.003702,10.594977,5.123208,5.123208,37.032444
