1403637149738319104.000000 -0.236173630 -0.142993942 0.401122242 -0.591716170 -0.548020661 -0.405523479 0.430227906
1403637151338319104.000000 -0.004054546 0.150349990 0.693056762 -0.595966578 -0.554894567 -0.423524201 0.396917224
1403637154238319104.000000 0.517603993 0.686293423 1.038144946 -0.609592497 -0.561741889 -0.394263864 0.396735609
1403637157138319104.000000 1.751779795 1.541308880 0.683324218 -0.785184264 -0.261037320 -0.528305948 0.190362796
1403637159388318976.000000 3.966963291 0.745454967 0.587651432 -0.805440843 -0.156865969 -0.551560879 0.149795875
1403637161188318976.000000 5.802520752 -0.581137121 0.453910470 0.828329921 -0.053521078 0.557657063 0.004857519
1403637161488318976.000000 6.115135193 -0.809367478 0.556002498 0.821578801 -0.065507732 0.566276371 -0.006936741
1403637161688318976.000000 6.325504780 -0.996395111 0.633011401 0.819939196 -0.078497864 0.566890359 0.013155845
1403637163438319104.000000 6.860635757 -2.889915705 0.588258147 0.745265484 -0.253618211 0.591824949 0.173206240
1403637163588318976.000000 6.772839069 -3.042083979 0.550849199 0.741700292 -0.293521166 0.575963080 0.178864732
1403637164888318976.000000 5.352280140 -4.659784794 0.769667804 0.753261387 -0.303605676 0.551876366 0.189349845
1403637167738319104.000000 3.439332008 -6.117680550 0.508989990 0.751626492 -0.324898005 0.518322945 0.246658161
1403637170638319104.000000 6.069509506 -2.002018929 -0.247413114 -0.772534668 -0.063489743 -0.630927622 0.033008222
1403637173488318976.000000 3.713219881 1.207817316 -0.432095557 -0.836563349 -0.080948159 -0.527703643 0.123037070
1403637173788318976.000000 3.609406471 1.185022473 -0.515482903 -0.842752635 -0.002930269 -0.528071523 0.104402982
1403637174088318976.000000 3.633129835 1.043155670 -0.588223636 0.847849488 -0.012571928 0.528159201 -0.045179125
1403637174288318976.000000 3.715441465 0.905970812 -0.559044242 0.812096238 -0.008101365 0.582880497 -0.026162997
1403637174538319104.000000 3.806918144 0.714200020 -0.492245376 0.802864373 -0.032191213 0.593116105 -0.050852407
1403637174888318976.000000 3.878962517 0.351695716 -0.384592563 0.797297239 -0.079934441 0.598122478 0.013314033
1403637175138319104.000000 3.888197184 0.063794851 -0.348683506 0.794165075 -0.132709190 0.591069341 0.048240416
1403637175388318976.000000 3.863044024 -0.238331527 -0.332538277 0.766368210 -0.157630518 0.619298100 0.065592147
1403637177588318976.000000 1.904164433 -3.537351370 -0.336376131 0.836055517 -0.189309537 0.499186069 0.126437530
1403637180438319104.000000 4.052424908 -4.694951057 -0.794435441 0.774587989 -0.268788069 0.537181258 0.197996631
1403637182788318976.000000 6.741155624 -1.795168519 -0.035727046 0.728751481 -0.282016009 0.586987078 0.211741701
1403637183088318976.000000 6.833045959 -1.300317407 0.051293522 0.720238924 -0.299614608 0.596083045 0.190189496
1403637183338319104.000000 6.822225094 -0.887018442 0.021669470 0.717608154 -0.310069710 0.598292828 0.175901070
1403637183888318976.000000 6.461291313 -0.072465122 -0.131081313 0.718960702 -0.332056612 0.592870474 0.146076962
1403637184138319104.000000 6.139414310 0.205432370 -0.164347902 0.724160790 -0.343320370 0.583038092 0.133375153
1403637184738319104.000000 5.118846416 0.592347026 -0.251767397 0.773554444 -0.316003680 0.520210743 0.176454365
1403637185138319104.000000 4.473808765 0.695924819 -0.308219284 0.783983827 -0.319006950 0.503965080 0.172113419
1403637185488318976.000000 4.016618729 0.660766006 -0.241363436 0.796564102 -0.314180017 0.483824909 0.180803835
1403637185988318976.000000 3.559883356 0.455410779 -0.052666232 0.769321859 -0.299032450 0.524859607 0.207956389
1403637186388318976.000000 3.291092396 0.263649583 0.072622776 0.761396646 -0.296378970 0.536476731 0.211252123
1403637186838319104.000000 3.023204803 0.067396179 0.282764882 0.756594062 -0.318286538 0.540102422 0.185872316
1403637187138319104.000000 2.826128244 -0.091883272 0.342100829 0.747996032 -0.333316118 0.549578369 0.165426895
1403637187388318976.000000 2.632634163 -0.274165183 0.348437816 0.760951221 -0.332192212 0.523989975 0.189831495
1403637187638319104.000000 2.448673248 -0.490881443 0.338331878 0.768527567 -0.337266028 0.505709052 0.199688047
1403637187888318976.000000 2.293117523 -0.742353559 0.314411044 0.769995272 -0.343709111 0.500003457 0.197403133
1403637188738319104.000000 2.000269651 -1.756235361 0.107206255 0.730395317 -0.352737457 0.537469208 0.230707422
1403637189238319104.000000 1.831504345 -2.326650858 -0.054652333 0.727253675 -0.402979046 0.498277396 0.245824337
1403637189538319104.000000 1.717738867 -2.697124243 -0.168935359 0.712772191 -0.399682492 0.518195510 0.252355367
1403637191888318976.000000 0.617953837 -4.839250565 -0.016238665 0.745790958 -0.338659197 0.509252965 0.264135212
1403637192188318976.000000 0.523743212 -4.957271576 0.094659314 0.756946743 -0.340940088 0.488781393 0.268112630
1403637192488318976.000000 0.520273030 -5.045305252 0.233758986 0.759268761 -0.339953244 0.483366191 0.272580117
1403637193038319104.000000 0.702565372 -5.226329327 0.362046123 0.750385463 -0.354545206 0.499131531 0.249172822
1403637193488318976.000000 0.923191011 -5.419557095 0.478284538 0.746383369 -0.363666147 0.504201591 0.237570167
1403637193888318976.000000 1.168445706 -5.662382126 0.603425324 0.751313448 -0.349496156 0.497873694 0.255934477
1403637194338319104.000000 1.518995762 -5.909080982 0.646759629 0.743883371 -0.349573165 0.507937729 0.257750839
1403637197238319104.000000 4.646646976 -5.531200886 0.689382315 0.735349536 -0.294648856 0.555178225 0.253417313
1403637198238319104.000000 5.560777664 -3.593201876 0.843969882 -0.803484261 -0.015087538 -0.592814088 -0.052506182
1403637199738319104.000000 5.683743000 0.189036548 0.997068107 -0.755126178 -0.187286064 -0.615739524 0.124792457
1403637199888318976.000000 5.537844181 0.551566482 0.968217731 -0.743318558 -0.209578484 -0.608647287 0.181942195
1403637200038319104.000000 5.370440960 0.888226151 0.903448403 -0.719596922 -0.234734088 -0.606082797 0.244425535
1403637200238319104.000000 5.115946293 1.262455463 0.791611969 -0.689963877 -0.292310774 -0.593254209 0.294200391
1403637202938319104.000000 3.099490404 1.761460304 0.520445347 -0.758502722 -0.309791923 -0.531510413 0.214940324
1403637205788318976.000000 3.206511736 0.927923441 0.437475920 -0.749326825 -0.324287713 -0.536436021 0.213502109
1403637208638319104.000000 2.606202841 0.681304991 0.625023127 -0.757300854 -0.302281618 -0.535874784 0.218996495
1403637209138319104.000000 2.530601740 0.585953355 0.579890549 -0.745943248 -0.323418826 -0.549340367 0.192858070
1403637211888318976.000000 3.749763966 3.162189960 -0.003631955 -0.763041079 -0.340510964 -0.485626519 0.256880552
1403637212438319104.000000 4.438408375 3.922055721 -0.028640142 -0.736414611 -0.337647110 -0.528555751 0.253607750
1403637212688318976.000000 4.724845886 4.220192432 0.013064737 -0.748653352 -0.340654641 -0.514029503 0.243405819
1403637212938319104.000000 5.007799149 4.513174057 0.071523860 -0.750581205 -0.347359061 -0.511570573 0.232948840
1403637213138319104.000000 5.230550766 4.751713276 0.123807706 -0.750692725 -0.349180907 -0.508979321 0.235527545
1403637213588318976.000000 5.720090389 5.288654804 0.169262081 -0.742568254 -0.351117074 -0.518678784 0.237237409
1403637213838319104.000000 5.968914032 5.577593327 0.150706202 -0.738606393 -0.364523083 -0.522739112 0.219834909
1403637214088318976.000000 6.180034637 5.882111073 0.119500577 -0.730860412 -0.367739111 -0.527970076 0.227724835
1403637214338319104.000000 6.350729465 6.201481342 0.133975223 -0.711899936 -0.383016199 -0.526611924 0.263015151
1403637214538319104.000000 6.450262547 6.442927361 0.171092197 -0.678422511 -0.427534968 -0.529078543 0.277547747
1403637214738319104.000000 6.505522728 6.669800758 0.230324507 -0.644817054 -0.466304451 -0.535307407 0.283226430
1403637214938319104.000000 6.499800682 6.885369301 0.306474686 -0.631492317 -0.481120139 -0.534451365 0.290004671
1403637215138319104.000000 6.436499596 7.091200829 0.344877690 -0.625694156 -0.479845345 -0.537980020 0.298048377
1403637215538319104.000000 6.102033615 7.446960449 0.371319652 -0.607871115 -0.475339711 -0.528944910 0.353217095
1403637215788318976.000000 5.807647228 7.572561741 0.389760435 -0.586467743 -0.518648565 -0.491698474 0.381171763
1403637216038319104.000000 5.470111370 7.626888275 0.444553256 -0.572194695 -0.558851779 -0.443971515 0.403939605
1403637216838319104.000000 4.450961590 7.486857414 0.587712467 -0.540023863 -0.557118118 -0.429639637 0.461956173
1403637217088318976.000000 4.194522381 7.292031288 0.615821779 -0.549141228 -0.553379178 -0.426875710 0.458249509
1403637217588318976.000000 3.808660269 6.719906330 0.605175853 -0.572033644 -0.539310813 -0.403162867 0.468381405
1403637217838319104.000000 3.698516369 6.364902973 0.568881094 -0.518737018 -0.579174817 -0.422598034 0.465703160
1403637218088318976.000000 3.598029613 5.942929745 0.562496781 -0.487096369 -0.617029846 -0.397137940 0.473595589
1403637218338319104.000000 3.503596544 5.470523834 0.554324865 -0.475586414 -0.632480741 -0.383174300 0.476406425
1403637218588318976.000000 3.414436340 4.960135937 0.522637248 -0.473538399 -0.633378148 -0.382151276 0.478073061
1403637218888318976.000000 3.319983006 4.300792217 0.493274271 -0.481263518 -0.638725042 -0.380825490 0.464098901
1403637219138319104.000000 3.223782778 3.722404480 0.417676777 -0.476127297 -0.644426107 -0.391429335 0.452549309
1403637219388318976.000000 3.100456715 3.122220039 0.355498791 -0.482062101 -0.643753946 -0.386094183 0.451805711
1403637220138319104.000000 2.599246025 1.425678968 0.437603354 -0.509396374 -0.660754263 -0.351214200 0.424932748
1403637220638319104.000000 2.179957390 0.542732835 0.717344940 -0.521897078 -0.641706347 -0.338500768 0.448612958
1403637223538319104.000000 1.285857320 -1.372286201 0.556957781 -0.631646633 -0.529522717 -0.433583051 0.364189386
1403637225238319104.000000 1.254072189 -1.258360863 0.524315417 -0.618785918 -0.528482735 -0.449560046 0.368382752
1403637225788318976.000000 1.174184680 -1.321642399 0.474929124 -0.620481670 -0.535224676 -0.442453027 0.364379525
1403637226088318976.000000 1.103248477 -1.357309818 0.549659669 -0.616799831 -0.532912135 -0.446253777 0.369351238
1403637227938319104.000000 0.650957525 -1.318754315 0.573737979 -0.633944094 -0.520879626 -0.433176279 0.373038441
1403637228188318976.000000 0.646501064 -1.280879855 0.532867432 -0.620765507 -0.520699382 -0.449154496 0.376540422
1403637228588318976.000000 0.625459313 -1.261563301 0.528636932 -0.611636937 -0.525062740 -0.457383752 0.375512391
1403637229238319104.000000 0.530441821 -1.316079736 0.563920259 -0.616120756 -0.528755903 -0.453342974 0.367821455
1403637230738319104.000000 0.487035602 -1.410063505 0.417615294 -0.747395396 -0.304963499 -0.545685530 0.224999592
1403637231038319104.000000 0.483401835 -1.410762668 0.481853127 -0.795292974 -0.238622412 -0.526748717 0.181945920
1403637231288318976.000000 0.505690575 -1.425109148 0.474036872 -0.819290698 -0.153621256 -0.536319017 0.132382289
1403637231688318976.000000 0.592013896 -1.488316655 0.274293184 0.834187269 -0.011539794 0.550063252 -0.037802655
1403637232038319104.000000 0.723799825 -1.611174226 0.103962153 0.822751999 -0.123888858 0.553648889 0.034691956
1403637232388318976.000000 0.878911912 -1.821680427 0.054325342 0.786427975 -0.203796655 0.574713588 0.098500654
1403637232788318976.000000 0.981701672 -2.145599842 0.054911681 0.769170165 -0.315754265 0.539217412 0.133869857
1403637233188318976.000000 1.053283453 -2.644581795 0.157011792 0.783601344 -0.347725421 0.486243039 0.169185638
1403637233488318976.000000 1.158273935 -3.138373137 0.200004011 0.800260127 -0.337506145 0.463676840 0.175149113
1403637233788318976.000000 1.354281187 -3.698746204 0.156147361 0.791254222 -0.252970308 0.487651497 0.268549681
1403637235338319104.000000 3.894565582 -4.098757744 -0.585150838 0.785179853 -0.141738430 0.586843908 0.137902915
1403637235638319104.000000 4.350939751 -3.839928150 -0.662621856 0.815504670 -0.118105575 0.556585670 0.105903611
1403637235988318976.000000 4.851078987 -3.488157988 -0.646790802 0.801980376 -0.035161033 0.586153984 0.109611697
1403637236338319104.000000 5.326423168 -2.983997107 -0.564184904 -0.803056419 -0.040534571 -0.589094758 -0.080154672
1403637236688318976.000000 5.728773117 -2.297173500 -0.437488854 -0.795010805 -0.072651803 -0.601532102 -0.028961835
1403637238238319104.000000 5.020239353 0.731784046 0.577133000 -0.790750265 -0.036104720 -0.595908463 0.135290533
1403637238888318976.000000 3.898194551 0.875332355 0.854929268 0.843730807 -0.172756732 0.501540244 -0.082042105
1403637239188318976.000000 3.517603159 0.518785000 0.987444222 0.865204215 -0.168799311 0.471261829 -0.028994791
1403637239488318976.000000 3.326472521 -0.062838636 1.095151186 0.842262208 -0.188076288 0.504287541 0.030264720
1403637239838319104.000000 3.212621450 -0.882399738 1.048185229 0.797757864 -0.250602067 0.535544574 0.118207723
1403637240188318976.000000 3.118658066 -1.759693861 0.871828020 0.745420396 -0.319982558 0.546129942 0.209049359
1403637240488318976.000000 3.020491838 -2.479457378 0.691777229 0.748326123 -0.372852027 0.491554111 0.243647173
1403637240788318976.000000 2.970062733 -3.195884228 0.578875542 0.747683942 -0.376338929 0.481323332 0.260126054
1403637241088318976.000000 2.987643242 -3.896645308 0.526835680 0.735047817 -0.355423927 0.506877542 0.276502877
1403637241388318976.000000 3.045313597 -4.540253639 0.420270085 0.743612766 -0.338533878 0.502529740 0.282663763
1403637241638319104.000000 3.135898352 -5.017720699 0.330031633 0.744154692 -0.316855282 0.505332291 0.300792038
1403637241938319104.000000 3.308046818 -5.461155415 0.291795999 0.723570585 -0.312125295 0.538946927 0.297589749
1403637242238319104.000000 3.487619877 -5.753788948 0.306299835 0.721100867 -0.313723922 0.540136814 0.299738407
1403637242588318976.000000 3.685800791 -5.892904758 0.312976211 0.722108364 -0.293827206 0.534342289 0.326654881
1403637242888318976.000000 3.884996414 -5.819023609 0.333282501 0.729122996 -0.275945067 0.560397983 0.279621542
1403637243188318976.000000 4.077311993 -5.595440388 0.389589071 0.741129279 -0.257101744 0.559264719 0.268046737
1403637243488318976.000000 4.243620396 -5.267252445 0.375799626 0.751205444 -0.267410636 0.550227880 0.247853547
1403637243838319104.000000 4.420790195 -4.788658142 0.390751660 0.760069370 -0.299783558 0.536821663 0.210349739
1403637244088318976.000000 4.528248310 -4.444096565 0.474284142 0.759957135 -0.317052931 0.532598555 0.195656642
1403637244388318976.000000 4.629731655 -4.078208447 0.644427657 0.759783745 -0.322155923 0.529441833 0.196559712
1403637244738319104.000000 4.742331028 -3.720452309 0.866293490 0.785108030 -0.277196556 0.518079996 0.195858926
1403637245038319104.000000 4.882750988 -3.447993279 0.983443618 0.795986712 -0.259811431 0.518698156 0.172787592
1403637245288318976.000000 5.029647827 -3.255687714 1.029074311 0.801633835 -0.265629679 0.512934446 0.154020667
1403637245588318976.000000 5.255043030 -3.087734938 1.051678061 0.802210629 -0.237838134 0.520828605 0.169200584
1403637245888318976.000000 5.542904854 -2.934090137 1.039341569 0.803303540 -0.183788329 0.548704803 0.140884534
1403637246188318976.000000 5.864569187 -2.770834923 1.005322695 0.807789743 -0.084990054 0.578092277 0.077858001
1403637246488318976.000000 6.151958942 -2.594131947 0.916620970 -0.805157661 -0.045321889 -0.591319680 -0.002876316
1403637246788318976.000000 6.378189564 -2.379326344 0.792278111 -0.774342775 -0.158236012 -0.608922184 0.067590922
1403637247088318976.000000 6.511375427 -2.112426758 0.717996001 -0.773628414 -0.234420061 -0.576002538 0.121521801
1403637247588318976.000000 6.580984116 -1.626522303 0.580059350 -0.753809929 -0.240683079 -0.591096640 0.156355232
1403637247888318976.000000 6.524739742 -1.332515001 0.479746342 -0.738050282 -0.280129343 -0.593272746 0.157597512
1403637248188318976.000000 6.352386475 -1.036154985 0.416308761 -0.736512244 -0.312764466 -0.565495908 0.199856535
1403637248438319104.000000 6.159759998 -0.793216646 0.360525608 -0.737786591 -0.331298500 -0.548532605 0.212189302
1403637248738319104.000000 5.898670673 -0.510063648 0.298260987 -0.733693004 -0.332632959 -0.553358316 0.211765304
1403637249038319104.000000 5.595548630 -0.247628316 0.297133058 -0.745159090 -0.325411171 -0.545169175 0.204049230
1403637249288318976.000000 5.324955463 -0.029976625 0.342662007 -0.746700346 -0.319351673 -0.547306418 0.202259317
1403637249588318976.000000 4.980466366 0.254594475 0.394803524 -0.749270320 -0.314838141 -0.546508849 0.201987654
1403637249838319104.000000 4.686294556 0.492011607 0.340185344 -0.738167226 -0.314688712 -0.558464348 0.210232601
1403637250138319104.000000 4.296129227 0.764895618 0.327551216 -0.737890482 -0.333634019 -0.536475122 0.237487763
1403637250388318976.000000 3.978636503 0.973743618 0.336820722 -0.736670315 -0.347001225 -0.516750753 0.264340043
1403637250638319104.000000 3.692322731 1.160683393 0.309496582 -0.740348220 -0.351771474 -0.500615835 0.278433472
1403637253388318976.000000 2.460691214 1.710559487 0.639965534 -0.688038170 -0.435089201 -0.487652779 0.315429479
1403637253938319104.000000 2.399207115 1.563353419 0.642736316 -0.682356596 -0.437651068 -0.496455282 0.310456514
1403637255688318976.000000 1.820323586 0.958863139 0.827981591 -0.624450624 -0.520677745 -0.452113718 0.366809785
1403637255988318976.000000 1.681734085 0.851531267 0.805361152 -0.592612326 -0.565439224 -0.425553828 0.384698629
1403637256788318976.000000 1.265787840 0.545010924 0.780283689 -0.586814463 -0.573245704 -0.405077368 0.403671414
1403637257138319104.000000 1.057332993 0.393007994 0.785454035 -0.573053122 -0.580521584 -0.406745076 0.411294669
1403637257538319104.000000 0.844469488 0.237555519 0.832585454 -0.555975258 -0.602268696 -0.401196867 0.408907145
1403637257838319104.000000 0.676987767 0.133019090 0.819426060 -0.558363259 -0.612882555 -0.383544147 0.406816334
1403637258138319104.000000 0.504007459 0.045902498 0.780269861 -0.536976993 -0.633984089 -0.359041274 0.425216675
1403637258438319104.000000 0.329276055 0.004782593 0.784298003 -0.496735513 -0.651082754 -0.350977510 0.454048514
1403637258738319104.000000 0.162122384 -0.019849384 0.735238194 -0.492579699 -0.652644992 -0.336555779 0.467065245
1403637259188318976.000000 -0.040150270 -0.046941157 0.692318380 -0.494683415 -0.646545649 -0.337694883 0.472471476
1403637259488318976.000000 -0.138523340 -0.063451372 0.732172191 -0.502229869 -0.639267921 -0.332247883 0.478239626
1403637259988318976.000000 -0.200723633 -0.097449511 0.738183260 -0.502940536 -0.640231848 -0.334493905 0.474623829
1403637260288318976.000000 -0.190403193 -0.120515302 0.694548190 -0.492954850 -0.649473906 -0.347412139 0.463124186
1403637260538319104.000000 -0.180251181 -0.145677686 0.646379828 -0.486630380 -0.659622192 -0.354564130 0.449859649
1403637260788318976.000000 -0.191044942 -0.166956753 0.596485317 -0.492872059 -0.660938680 -0.345146805 0.448453963
1403637261038319104.000000 -0.221303850 -0.172164410 0.540128648 -0.487928599 -0.653860986 -0.350206703 0.460159570
1403637261438319104.000000 -0.283583403 -0.172850251 0.457880825 -0.494467765 -0.657783747 -0.341196060 0.454320967
1403637261838319104.000000 -0.345260769 -0.147151142 0.453818411 -0.496561617 -0.659847617 -0.340353966 0.449652046
1403637262238319104.000000 -0.432282001 -0.101389699 0.439560801 -0.497189909 -0.642934442 -0.344740570 0.469671756
1403637262588318976.000000 -0.434476137 -0.121366404 0.412867665 -0.520980239 -0.603196979 -0.370820582 0.476681441
1403637263038319104.000000 -0.452270985 -0.118765205 0.462393701 -0.524717510 -0.609406173 -0.364314109 0.469649732
1403637263138319104.000000 -0.453424007 -0.117735505 0.480310202 -0.525039017 -0.609196603 -0.363762885 0.469989568
1403637263588318976.000000 -0.461762965 -0.106553853 0.538214326 -0.525453568 -0.609369814 -0.363400400 0.469582021
1403637263738319104.000000 -0.465411395 -0.100653455 0.550818026 -0.525561333 -0.609327674 -0.363267660 0.469618618
1403637264138319104.000000 -0.474071681 -0.079404823 0.570384920 -0.526440203 -0.608687341 -0.362383842 0.470147312
1403637264588318976.000000 -0.481312960 -0.038546458 0.572289765 -0.527104735 -0.608607948 -0.361889899 0.469885767
1403637265088318976.000000 -0.489593476 0.028328415 0.553510547 -0.527494848 -0.608477712 -0.361849904 0.469647408
