#Stereo rect[ms], MP culling[ms], MP creation[ms], LBA[ms], KF culling[ms], Total[ms]
2.591266,0.026108,0.254286,0.005638,0.005638,2.880762
2.694098,0.142148,2.769719,0.003088,0.003088,5.611807
2.224797,0.006021,0.058393,0.002032,0.002032,2.293035
2.006682,0.017400,0.148219,0.001976,0.001976,2.175501
3.058515,0.034277,0.345231,0.001642,0.001642,3.441193
3.731108,0.076022,0.965194,0.001372,0.001372,4.774967
3.788521,0.227135,2.587397,0.249031,0.249031,14.718670
2.281050,0.172491,3.531136,0.149584,0.149584,15.201989
2.558059,0.017217,0.162752,0.002726,0.002726,2.743748
3.505792,0.058237,0.668763,0.002067,0.002067,4.236571
2.986302,0.030807,0.318756,0.002303,0.002303,3.339768
2.868391,0.114625,2.879163,0.003196,0.003196,5.867299
3.186454,0.211413,2.453012,0.181122,0.181122,13.486597
4.740197,0.265939,8.540253,0.273043,0.273043,22.801120
3.894274,0.247873,7.720983,0.343720,0.343720,28.044930
3.096306,0.149500,2.568924,0.409491,0.409491,14.448930
2.001853,0.011650,0.123350,0.001755,0.001755,2.140877
2.177507,0.021207,0.208871,0.002051,0.002051,2.411102
4.546253,0.156618,1.869072,0.003418,0.003418,6.577328
4.074142,0.217739,1.461234,0.249575,0.249575,15.715390
3.900504,0.163269,4.353632,0.453847,0.453847,17.406496
4.509622,0.193506,10.532357,0.649525,0.649525,36.372790
2.345370,0.179606,4.259903,0.420272,0.420272,17.349603
2.961377,0.136294,5.322633,0.530308,0.530308,21.813101
2.338926,0.108277,3.095137,0.528009,0.528009,17.182488
3.385728,0.089351,2.457192,0.502205,0.502205,14.853897
3.354327,0.070553,3.317181,28.799053,28.799053,46.737435
3.057746,0.081843,3.167656,0.634955,0.634955,23.637197
2.739328,0.065043,4.429274,0.797880,0.797880,25.517172
4.316055,0.076383,3.508810,0.866591,0.866591,28.342878
2.892866,0.042696,9.670025,0.687702,0.687702,34.422740
2.937002,0.046614,5.072793,0.896539,0.896539,32.198824
2.520621,0.048693,6.493585,0.830238,0.830238,33.077465
4.112116,0.070303,7.020157,1.511991,1.511991,46.219398
2.589968,0.040543,10.323096,1.498596,1.498596,38.446839
3.900950,0.065221,7.151497,0.887553,0.887553,44.691374
2.521305,0.048396,5.247833,1.827995,1.827995,43.565207
3.321481,0.053873,6.053675,1.900404,1.900404,49.331432
2.690237,0.055720,7.232371,3.092808,3.092808,44.333044
2.972183,0.074902,9.240847,2.356369,2.356369,58.282458
3.729671,0.117152,6.895297,2.525518,2.525518,59.056610
2.829540,0.090771,6.222288,2.302761,2.302761,53.883590
2.674919,0.043296,7.324776,2.787867,2.787867,43.432618
2.825503,0.028754,7.023612,3.347784,3.347784,46.385293
3.477702,0.037680,5.671259,2.801490,2.801490,43.405026
2.932859,0.030544,8.666459,3.180786,3.180786,47.473626
3.037487,0.043689,8.178317,2.763041,2.763041,50.369363
3.860275,0.069898,5.984044,1.764985,1.764985,50.625210
3.066819,0.056154,4.478489,2.575931,2.575931,43.408409
2.796960,0.033799,4.958745,2.650050,2.650050,41.783341
3.182813,0.041931,7.593424,2.770598,2.770598,42.741255
3.473124,0.044834,4.929179,3.246298,3.246298,45.560277
2.802656,0.040176,5.348432,2.021450,2.021450,31.302331
3.460086,0.069547,6.055247,1.795784,1.795784,32.291981
3.308670,0.045368,5.824181,2.404349,2.404349,30.408879
3.039351,0.048578,7.331017,1.766260,1.766260,35.216479
3.861227,0.058434,6.652496,1.774641,1.774641,31.257979
3.625797,0.061800,5.187017,2.257943,2.257943,33.315353
3.436628,0.053708,7.611058,1.360904,1.360904,32.532967
4.048470,0.080695,6.718014,2.039725,2.039725,32.748923
4.298846,0.110195,6.037649,2.028787,2.028787,49.739077
3.084656,0.052258,7.190505,1.139942,1.139942,33.270444
3.304350,0.062650,6.712661,2.427724,2.427724,44.356868
4.306716,0.041308,5.168972,1.460255,1.460255,54.983966
4.045598,0.046289,6.105523,1.815313,1.815313,54.753605
2.869075,0.030858,0.273068,0.003288,0.003288,3.178776
3.141717,0.115910,0.691559,0.001859,0.001859,3.952866
3.675931,0.119424,0.734790,0.082461,0.082461,7.736837
3.812813,0.160524,3.365829,0.417718,0.417718,19.559633
2.210818,0.082941,6.692147,0.293773,0.293773,16.053457
2.527462,0.146567,4.209632,0.627863,0.627863,22.799731
2.157982,0.133484,2.759263,0.364282,0.364282,13.491878
2.131192,0.017822,0.111922,0.001706,0.001706,2.263748
2.743738,0.017947,0.205748,0.002319,0.002319,2.971656
2.890887,0.161203,2.623690,0.002488,0.002488,5.679976
1.917148,0.174332,1.007088,0.153882,0.153882,9.305619
2.352501,0.013213,0.143396,0.002117,0.002117,2.512544
1.911102,0.008612,0.113815,0.001521,0.001521,2.036807
3.056930,0.081967,0.971456,0.001993,0.001993,4.113946
2.527427,0.127110,6.072085,0.167922,0.167922,17.119177
2.676353,0.169493,3.522648,0.236321,0.236321,12.520233
3.842781,0.103176,4.610649,0.304226,0.304226,14.392738
2.442243,0.127821,3.126552,0.319110,0.319110,13.448122
2.542708,0.128264,7.960811,0.499404,0.499404,24.266583
2.590946,0.013178,0.149043,0.002326,0.002326,2.756743
2.474656,0.009975,0.118992,0.002158,0.002158,2.607360
3.317030,0.014560,0.202935,0.002932,0.002932,3.539242
1.735111,0.013195,0.062536,0.001474,0.001474,1.813067
2.643046,0.041176,0.449463,0.002947,0.002947,3.138575
1.873475,0.031500,0.317163,0.088630,0.088630,4.941227
2.639340,0.046728,0.689991,0.160099,0.160099,7.768763
2.820971,0.033070,0.920665,0.137720,0.137720,7.607098
2.154487,0.011291,0.599383,0.298500,0.298500,10.329618
2.476521,0.008855,0.796404,0.734995,0.734995,9.164114
2.441800,0.007779,0.950997,0.392895,0.392895,11.113455
5.038336,0.010879,1.001048,0.384896,0.384896,13.105347
2.453250,0.006443,1.024026,37.707314,37.707314,53.488360
2.911492,0.006366,1.041604,0.519954,0.519954,20.906919
2.930152,0.002329,1.280146,0.514895,0.514895,24.094275
5.114057,0.004565,3.242129,0.705083,0.705083,28.755243
2.871700,0.001830,2.206664,1.099153,1.099153,17.595880
6.307773,0.009822,3.266077,0.937677,0.937677,45.432982
3.182122,0.002490,1.871417,1.129483,1.129483,50.909643
4.580172,0.003480,2.761354,2.500915,2.500915,33.382882
4.090389,0.002836,2.779095,2.232288,2.232288,52.627559
2.116255,0.010039,0.118093,0.001769,0.001769,2.247254
2.291058,0.017748,0.237781,0.002681,0.002681,2.551767
2.169575,0.017531,0.227030,0.054750,0.054750,4.143110
2.198456,0.018870,0.395286,0.157320,0.157320,5.217338
2.122146,0.011789,0.647549,0.224722,0.224722,7.011772
2.335021,0.015907,0.677081,0.223405,0.223405,8.512365
2.445373,0.014044,0.970473,0.568360,0.568360,13.302647
3.722090,0.012860,1.241222,0.527750,0.527750,10.720920
4.464778,0.018678,2.310960,0.692108,0.692108,15.230144
2.443762,0.006280,0.909658,41.070483,41.070483,49.429233
3.057321,0.005398,1.251350,0.658778,0.658778,13.498243
4.004526,0.004276,3.175335,1.072435,1.072435,25.666523
3.338838,0.002063,2.465653,1.651494,1.651494,24.143876
4.033552,0.003402,2.685447,1.865577,1.865577,25.099111
4.705499,0.004287,3.522899,1.233925,1.233925,27.318061
4.756717,0.003141,1.611081,1.121352,1.121352,22.248447
2.977169,0.002241,3.040499,1.927907,1.927907,25.942400
5.847114,0.005321,3.992717,2.241785,2.241785,66.378714
2.958262,0.005572,0.060460,0.002284,0.002284,3.027902
3.120378,0.021015,0.224950,0.001653,0.001653,3.369505
2.242073,0.034798,0.268246,0.037191,0.037191,3.762472
1.962459,0.048772,1.347071,0.192159,0.192159,8.754536
2.953084,0.019220,0.237083,0.002257,0.002257,3.213103
3.275818,0.036707,0.410389,0.001628,0.001628,3.727033
3.244255,0.031516,0.370800,0.002474,0.002474,3.651031
3.404135,0.118658,4.164559,0.002051,0.002051,7.691443
4.003816,0.210814,1.874599,0.213525,0.213525,12.977762
4.492405,0.182505,3.981778,0.506279,0.506279,22.709812
4.962910,0.133415,5.752900,0.936246,0.936246,27.097121
5.316197,0.146719,5.339507,0.724854,0.724854,23.086943
4.461755,0.109925,6.622068,1.242699,1.242699,30.145970
4.394343,0.123084,10.014543,1.273528,1.273528,56.380524
4.424725,0.214871,11.368427,0.950973,0.950973,51.191247
3.810173,0.102880,12.818480,50.214034,50.214034,103.262939
3.923776,0.125843,10.860001,1.204792,1.204792,50.052027
5.036479,0.139948,8.765429,1.994532,1.994532,55.895948
4.235457,0.126819,9.931472,1.427995,1.427995,57.261010
4.441893,0.110979,10.508907,1.300913,1.300913,57.416155
4.957485,0.137074,8.687851,2.185208,2.185208,55.245147
4.308294,0.086905,9.763819,2.280546,2.280546,65.437273
4.401587,0.081190,11.231116,2.155558,2.155558,61.389699
4.430781,0.098585,8.638540,1.718320,1.718320,62.103566
3.681874,0.078315,10.217812,4.062514,4.062514,63.971720
4.056491,0.047030,9.682472,1.961120,1.961120,59.552908
3.556715,0.043953,8.580519,2.913746,2.913746,60.225419
4.489499,0.054638,9.548000,3.303289,3.303289,85.711973
3.444890,0.049025,11.179605,2.449684,2.449684,69.064134
3.462957,0.072178,9.928726,2.849737,2.849737,63.295146
3.906652,0.051865,10.816954,4.115365,4.115365,67.029473
4.257045,0.074927,13.723637,2.461673,2.461673,77.041862
4.848033,0.071569,10.180448,2.892388,2.892388,84.424872
4.432643,0.076241,15.202037,2.896641,2.896641,106.229199
5.708184,0.097403,13.915655,2.315204,2.315204,215.294519
4.495484,0.134480,12.619353,2.778817,2.778817,79.477004
4.779187,0.085593,14.869284,3.507681,3.507681,83.739597
8.354870,0.155784,17.170090,3.840487,3.840487,89.120065
4.866563,0.074000,13.707473,2.208312,2.208312,75.416339
5.180659,0.087642,12.803322,4.269559,4.269559,95.140752
4.517602,0.098149,14.433879,2.165449,2.165449,83.103773
5.457118,0.073262,16.191469,4.333470,4.333470,94.695268
4.975803,0.075771,16.020082,3.246605,3.246605,84.353879
6.142212,0.125761,15.233343,3.633304,3.633304,84.544116
8.031405,0.179566,22.171768,3.575444,3.575444,97.342887
5.272849,0.096461,17.493216,3.348594,3.348594,115.103523
3.836422,0.100857,13.485865,2.962759,2.962759,87.427019
4.363774,0.124441,18.764966,2.085998,2.085998,116.745938
5.148244,0.114701,17.025689,4.589200,4.589200,95.800884
5.654407,0.245707,20.812659,3.453732,3.453732,92.312523
6.055927,0.178997,16.324058,3.609678,3.609678,96.443093
5.267572,0.089747,11.781266,2.818235,2.818235,85.009870
5.449024,0.086172,15.911357,3.199423,3.199423,137.509472
4.612020,0.118709,14.681880,3.078067,3.078067,95.436630
4.205776,0.084342,13.309294,3.128677,3.128677,92.404008
4.113579,0.078572,15.286005,4.307593,4.307593,93.717975
3.669237,0.077177,14.754182,2.929798,2.929798,117.434403
4.114929,0.089406,12.858395,2.420671,2.420671,98.270632
3.662627,0.063414,12.010214,4.334488,4.334488,96.962636
3.371659,0.057503,13.248479,3.537743,3.537743,89.450095
5.178300,0.070821,11.716124,3.170158,3.170158,104.864148
4.479305,0.082410,10.056974,4.331815,4.331815,89.256590
4.434431,0.080184,10.604504,4.383763,4.383763,91.523313
3.314784,0.081243,11.196449,3.378421,3.378421,116.413035
3.688081,0.060283,14.894894,4.726298,4.726298,95.554330
4.178091,0.071197,11.487249,4.110931,4.110931,95.081940
3.277908,0.096640,15.459560,4.091057,4.091057,106.577944
3.405956,0.093152,10.936144,4.046137,4.046137,88.410554
6.574316,0.125136,14.275833,5.840814,5.840814,96.708631
4.133946,0.115316,13.969342,5.768415,5.768415,95.264358
4.249900,0.080025,13.589653,5.710621,5.710621,97.773210
4.883085,0.079511,16.771265,3.244843,3.244843,93.687888
3.646573,0.077990,14.293645,2.874489,2.874489,120.533282
3.660999,0.070047,12.548066,6.476664,6.476664,95.866005
3.740086,0.089623,12.462801,5.294135,5.294135,96.213130
4.028626,0.073241,13.576800,3.405527,3.405527,81.609984
3.681668,0.076913,12.420501,4.344177,4.344177,88.812133
4.892664,0.063831,14.629820,4.742621,4.742621,99.909348
4.068166,0.062620,10.219631,4.582477,4.582477,84.702291
4.037227,0.063316,13.026959,4.051944,4.051944,90.055774
4.213639,0.052125,12.332875,4.361651,4.361651,90.017341
4.112439,0.056875,11.644771,3.044072,3.044072,78.406351
4.585943,0.056886,12.371186,3.303894,3.303894,103.655299
3.705132,0.043609,11.018505,2.793313,2.793313,91.847584
5.606259,0.050592,13.912732,5.419818,5.419818,97.270852
3.561269,0.048507,12.565174,3.228003,3.228003,83.823911
3.397703,0.050807,11.735350,2.805285,2.805285,83.435638
3.577189,0.057161,12.996276,2.912188,2.912188,83.913858
3.351614,0.054514,14.837791,4.730297,4.730297,93.827754
3.265355,0.052504,17.682582,4.401975,4.401975,99.941193
4.648195,0.096311,20.468974,4.006364,4.006364,98.852870
3.757918,0.069209,14.772930,4.932830,4.932830,92.210492
4.435549,0.062074,15.510210,2.425939,2.425939,77.991891
3.611991,0.045550,14.197170,3.132034,3.132034,82.799440
5.008125,0.074777,16.281615,3.417999,3.417999,86.946432
4.144419,0.063712,14.330130,3.187592,3.187592,88.356136
5.199492,0.083133,17.271567,2.416160,2.416160,81.335037
5.249298,0.071993,17.044996,3.870144,3.870144,120.164857
4.942113,0.064654,17.591175,2.899746,2.899746,120.049734
6.196333,0.102297,20.414488,2.890505,2.890505,325.611310
4.451728,0.107443,18.595488,2.157909,2.157909,87.796945
4.132822,0.081750,20.937868,1.781385,1.781385,90.480538
5.201635,0.081260,15.114472,3.059783,3.059783,96.865782
5.381880,0.084807,15.744546,3.227311,3.227311,85.521873
5.895948,0.062907,18.053954,4.872796,4.872796,97.538578
5.427166,0.054450,16.577702,4.619752,4.619752,105.326965
5.296846,0.083663,15.540685,4.718977,4.718977,91.998925
5.445440,0.061371,20.586602,2.264568,2.264568,98.375133
7.638117,0.097916,31.195029,2.633580,2.633580,121.559384
6.021691,0.090092,17.771917,3.627342,3.627342,106.355752
6.092980,0.092940,20.768875,3.393358,3.393358,109.953990
6.406754,0.065466,18.230277,5.049073,5.049073,100.675542
5.859742,0.066685,18.098419,4.592908,4.592908,104.040789
5.639389,0.057691,16.199912,4.370184,4.370184,108.071074
6.500553,0.090930,18.220780,4.724007,4.724007,123.034467
5.839339,0.083869,14.270779,4.381136,4.381136,115.249241
6.408178,0.071433,16.871206,5.859088,5.859088,117.608939
6.848522,0.129586,18.884614,5.414759,5.414759,117.558945
6.692917,0.088630,30.767695,4.738473,4.738473,128.050195
6.714893,0.091774,19.374823,6.690228,6.690228,125.549178
5.340997,0.117276,19.020445,3.099674,3.099674,118.523945
5.856396,0.116948,23.105423,6.099774,6.099774,136.737712
4.433294,0.075092,13.899921,3.220004,3.220004,112.627989
4.366584,0.153318,10.137847,5.759455,5.759455,102.480190
3.826288,0.122989,8.757414,4.644231,4.644231,101.468746
4.340118,0.165527,15.072266,5.738430,5.738430,119.341106
3.468892,0.129095,11.418521,5.370157,5.370157,109.407815
3.194264,0.121648,11.536853,3.753530,3.753530,106.652937
4.531871,0.196996,12.623368,4.841376,4.841376,107.520948
3.581287,0.148162,8.458961,3.189685,3.189685,101.098186
4.675777,0.163141,10.808335,2.979166,2.979166,118.485943
3.143683,0.166483,9.473788,3.490524,3.490524,98.680179
3.630924,0.152023,10.156907,2.379128,2.379128,112.752135
3.578251,0.142977,9.328872,1.369458,1.369458,118.219981
3.615404,0.131095,7.947722,1.998393,1.998393,102.629303
3.432212,0.114944,11.776873,3.077497,3.077497,117.195235
4.576905,0.166177,7.033241,2.093638,2.093638,112.918374
3.260804,0.131912,6.164762,1.069490,1.069490,104.972184
4.688422,0.180009,14.692079,1.560704,1.560704,126.518864
3.431499,0.092638,10.261465,2.000456,2.000456,123.178925
3.736851,0.098423,10.328376,2.139666,2.139666,115.841440
2.740755,0.082405,8.610388,4.546824,4.546824,113.027481
3.502251,0.112281,7.907585,1.454663,1.454663,118.666044
3.422320,0.077979,8.787650,3.445906,3.445906,113.023440
2.672528,0.078174,8.977151,2.173920,2.173920,104.434872
4.128618,0.104469,7.140403,3.012596,3.012596,103.315775
3.477425,0.144060,8.557705,2.601156,2.601156,109.937078
3.673368,0.089682,10.507403,3.602995,3.602995,117.411170
3.136634,0.100070,6.381604,2.780033,2.780033,98.559193
2.862146,0.130526,6.502487,1.286417,1.286417,110.232055
3.322489,0.089919,8.050595,3.264495,3.264495,97.153067
3.037652,0.055345,6.024835,2.770127,2.770127,90.362967
3.457262,0.104380,7.222198,2.457168,2.457168,89.668397
3.359374,0.113405,7.793086,4.275648,4.275648,96.601398
3.213169,0.090154,6.371589,2.460456,2.460456,95.781666
2.406171,0.077736,7.029012,2.053979,2.053979,85.994119
3.020639,0.104222,7.860760,3.209281,3.209281,85.982350
3.575539,0.130286,10.808673,2.559645,2.559645,83.241562
4.697106,0.109845,15.661140,2.202626,2.202626,116.211345
3.928962,0.088422,6.616722,2.472672,2.472672,86.754609
3.707598,0.095784,7.001043,2.245005,2.245005,87.927637
2.750287,0.047914,8.549243,2.116012,2.116012,83.190004
3.184865,0.061399,6.195166,2.103269,2.103269,77.472869
3.770152,0.110610,8.424352,1.683488,1.683488,81.364246
2.908108,0.076673,9.401524,3.591933,3.591933,89.939668
2.909282,0.109353,8.853986,2.530445,2.530445,88.094178
3.524979,0.099581,5.476876,3.239559,3.239559,85.524674
2.649267,0.067534,7.221259,2.524402,2.524402,88.044492
3.215321,0.093748,10.087678,3.115517,3.115517,89.600070
3.730279,0.069783,7.284909,3.289747,3.289747,89.338031
2.997018,0.074323,10.267283,2.532031,2.532031,82.318715
3.346261,0.081104,7.179359,3.190498,3.190498,86.602971
3.473358,0.102405,9.030609,2.578900,2.578900,87.309527
3.463946,0.065881,8.291569,2.612127,2.612127,78.801617
3.735045,0.079425,7.203613,2.381776,2.381776,82.199440
2.440433,0.056342,10.709226,2.067992,2.067992,85.154983
3.542718,0.066293,5.943370,2.233266,2.233266,89.655608
3.456170,0.065211,7.309122,2.345603,2.345603,83.095874
2.819740,0.082609,9.167965,2.797911,2.797911,81.706271
2.982118,0.079026,5.346335,2.224733,2.224733,70.212780
2.905451,0.074624,5.670473,2.137929,2.137929,71.431284
2.898567,0.098324,5.629840,1.859819,1.859819,70.335665
1.925022,0.079253,5.260410,2.602870,2.602870,65.377266
2.024283,0.075923,4.295217,1.815235,1.815235,72.446037
2.293137,0.083578,6.769239,2.816175,2.816175,76.104171
2.418178,0.071695,4.358180,2.242063,2.242063,73.512923
1.866279,0.065846,6.566545,2.390302,2.390302,71.277768
1.783702,0.050044,3.888478,1.789482,1.789482,58.166781
1.921676,0.039442,6.348994,1.538795,1.538795,66.118829
2.164289,0.040662,4.903120,2.342176,2.342176,67.016450
2.254947,0.046810,5.129570,1.632289,1.632289,64.401517
2.673331,0.051284,4.564329,2.156686,2.156686,64.383436
2.150337,0.039008,4.989366,1.942747,1.942747,64.140229
2.906845,0.065305,5.578565,1.163361,1.163361,68.090308
2.791377,0.058462,5.897637,0.904894,0.904894,63.278488
4.273405,0.075732,6.805429,1.601037,1.601037,67.382076
3.462407,0.069120,8.188739,1.525319,1.525319,65.701903
3.590262,0.091532,6.293558,2.009914,2.009914,66.913130
4.264196,0.155313,10.708619,1.837936,1.837936,78.192142
3.324247,0.133375,10.122239,2.153224,2.153224,72.339087
4.360652,0.095171,10.433141,2.523139,2.523139,70.544496
4.529175,0.088196,7.974648,2.774531,2.774531,72.707323
4.157118,0.087276,8.167100,1.636324,1.636324,66.195510
3.506264,0.080649,8.805197,2.335827,2.335827,67.062361
3.298654,0.081418,8.176787,2.346532,2.346532,73.586609
3.490993,0.090062,8.835250,2.313816,2.313816,69.590435
2.604374,0.056391,8.483280,2.008291,2.008291,69.525976
2.125532,0.044884,5.219146,2.278131,2.278131,62.310922
2.017424,0.036661,6.694717,2.437593,2.437593,63.340193
2.535509,0.032333,11.071031,1.889941,1.889941,69.363593
1.969224,0.030890,8.227656,2.541233,2.541233,60.359519
2.268868,0.039839,7.733445,1.604837,1.604837,69.661764
1.917963,0.026825,7.195699,2.092802,2.092802,65.772625
1.815015,0.032352,6.073528,2.085385,2.085385,66.946204
2.310499,0.040404,5.517564,2.105866,2.105866,60.859270
2.357537,0.066254,7.886804,2.881328,2.881328,61.509205
2.196764,0.034873,4.749988,1.655072,1.655072,32.248558
1.870406,0.021775,4.703657,1.809053,1.809053,54.258326
2.157836,0.038160,5.199289,2.052622,2.052622,28.873203
1.722349,0.037621,5.359148,2.368136,2.368136,63.684515
2.105947,0.036341,4.699322,2.676929,2.676929,53.518264
1.948132,0.064034,7.283189,1.939472,1.939472,60.746958
2.061952,0.030043,6.461045,2.286649,2.286649,58.227109
2.427898,0.049379,8.923861,1.633771,1.633771,63.869416
2.371800,0.035181,6.238860,1.387938,1.387938,57.272309
1.743113,0.039865,5.389783,2.706896,2.706896,58.461385
1.630076,0.045156,4.805627,1.811669,1.811669,57.387332
1.564743,0.029196,3.921619,1.249467,1.249467,23.139447
1.287754,0.024138,3.815427,1.866223,1.866223,25.011991
1.131631,0.036153,5.553929,1.480181,1.480181,25.851953
0.982693,0.023219,2.743452,1.401455,1.401455,21.707665
0.933979,0.029584,3.616221,1.061818,1.061818,21.630533
1.095027,0.020658,3.059285,1.185377,1.185377,18.655396
0.796067,0.029830,3.124227,1.058928,1.058928,19.642292
0.537604,0.026178,2.862261,1.238586,1.238586,26.022906
0.420651,0.016433,2.084807,1.798985,1.798985,17.814002
0.363095,0.020360,1.505149,1.408396,1.408396,17.450448
0.584220,0.032572,2.160761,0.813456,0.813456,29.359621
1.659635,0.029596,3.371608,0.933845,0.933845,27.812082
1.634877,0.026429,2.378526,0.189490,0.189490,16.994140
1.837054,0.056731,3.202127,1.285755,1.285755,41.829965
1.889781,0.074766,7.058543,1.606582,1.606582,44.676750
2.411090,0.050312,5.697459,1.208191,1.208191,41.811832
2.323173,0.055593,7.531079,1.446388,1.446388,52.464902
2.640248,0.082937,10.651620,1.935223,1.935223,58.043684
3.384857,0.050385,4.011053,1.550378,1.550378,45.955580
2.551375,0.034747,7.045404,1.662012,1.662012,49.542176
3.001073,0.053643,5.687085,1.903927,1.903927,48.223267
3.225752,0.042028,6.015205,1.041570,1.041570,51.958402
4.026837,0.059153,8.733806,1.776609,1.776609,57.737390
4.718797,0.081193,19.592738,1.472553,1.472553,69.786523
3.333543,0.054988,14.326637,0.934309,0.934309,68.067639
4.925736,0.137466,12.732190,1.629856,1.629856,65.978215
3.909539,0.077708,15.903973,0.652290,0.652290,66.547546
4.966795,0.066055,10.420300,3.503204,3.503204,67.195409
4.372300,0.099814,12.335368,0.624744,0.624744,64.163613
3.904944,0.060275,11.969563,1.551922,1.551922,69.530801
5.412776,0.077398,12.238690,1.382657,1.382657,68.488419
5.560777,0.076238,14.950373,0.662961,0.662961,79.795271
4.528672,0.088596,14.087022,1.790990,1.790990,67.428568
4.033671,0.071524,16.223827,1.464261,1.464261,70.876916
4.494316,0.071742,11.444728,1.336290,1.336290,62.747473
5.601037,0.066206,16.813310,1.531738,1.531738,73.383301
3.584675,0.069304,14.393180,1.818459,1.818459,70.291009
4.578413,0.073336,12.367682,1.775730,1.775730,68.508619
4.893337,0.095527,10.943313,1.753972,1.753972,65.302721
3.993236,0.074182,10.140567,2.440548,2.440548,67.233454
3.988405,0.086082,11.740821,2.352180,2.352180,67.878556
3.023012,0.069383,10.179079,1.664312,1.664312,64.626037
3.083391,0.096575,7.709055,1.317898,1.317898,61.158813
2.574133,0.071975,12.015467,2.429041,2.429041,75.680848
2.351441,0.058871,9.045240,3.220261,3.220261,61.775273
2.994137,0.075998,5.900126,2.245053,2.245053,58.556895
2.352690,0.080754,6.404371,2.200507,2.200507,58.849242
3.287888,0.113486,6.322519,1.915546,1.915546,61.112474
4.022547,0.178920,7.704807,2.029132,2.029132,71.841156
2.868207,0.118603,9.063898,1.632547,1.632547,71.149707
2.904972,0.107168,9.244990,1.797149,1.797149,67.075330
4.328732,0.173059,11.573859,2.565613,2.565613,77.857661
3.880990,0.238472,10.775663,1.595810,1.595810,80.898058
3.377002,0.149067,12.048741,1.892051,1.892051,72.016970
3.714121,0.142078,9.750900,2.681733,2.681733,77.079245
3.273038,0.114943,9.838107,1.505834,1.505834,72.030532
3.469373,0.105976,10.409097,3.210596,3.210596,77.385702
3.328021,0.092294,12.536763,2.981268,2.981268,76.704555
4.195151,0.052913,10.407738,2.450221,2.450221,76.257725
3.913532,0.063720,14.151325,3.965221,3.965221,88.790570
3.266187,0.075311,10.854183,2.528829,2.528829,82.404811
3.950630,0.063077,18.584827,2.953945,2.953945,90.703669
4.708881,0.060582,15.008810,3.190242,3.190242,109.586954
5.254846,0.092700,18.882390,2.442241,2.442241,101.819221
5.303582,0.175827,20.395838,2.205498,2.205498,103.327572
4.692481,0.113282,13.283574,5.244253,5.244253,99.037810
4.705975,0.102942,16.346136,2.840358,2.840358,98.813734
4.511767,0.090854,12.460668,3.966333,3.966333,101.811407
3.892420,0.085031,12.674718,2.906558,2.906558,98.116519
4.353325,0.072370,12.367927,3.759990,3.759990,99.778236
4.487058,0.117054,13.307081,2.202138,2.202138,94.589857
3.299670,0.166373,9.292459,3.771465,3.771465,98.419470
3.009570,0.131290,12.690606,1.433772,1.433772,95.238197
4.063749,0.262602,10.281775,2.884706,2.884706,93.417575
3.470888,0.138570,15.431162,1.414017,1.414017,117.959567
3.856205,0.212994,10.955035,2.180269,2.180269,105.596460
4.574836,0.172285,12.263635,3.370385,3.370385,108.121783
3.161179,0.086186,8.776302,0.736858,0.736858,100.033963
3.348360,0.325559,8.199449,2.976877,2.976877,93.874849
4.887401,0.161177,9.169500,2.107027,2.107027,103.120323
4.493281,0.230541,7.865842,3.123413,3.123413,93.008092
3.201306,0.220608,4.993134,1.369821,1.369821,82.126289
3.087224,0.290732,6.569764,2.191484,2.191484,87.725655
3.061938,0.147434,7.759132,3.068843,3.068843,95.071178
3.791495,0.188223,8.996205,1.658393,1.658393,98.054151
3.970314,0.234796,7.855696,1.663367,1.663367,98.703287
3.648720,0.148795,10.488073,2.610551,2.610551,105.030671
4.096227,0.199405,9.489048,1.110384,1.110384,110.519120
3.253931,0.126464,10.206199,3.172701,3.172701,102.467647
4.572406,0.172223,10.883510,2.948188,2.948188,120.525906
4.691158,0.097787,12.215476,2.976870,2.976870,118.185741
4.279211,0.144210,13.187003,2.883756,2.883756,105.356521
5.310382,0.159468,16.663617,1.616913,1.616913,111.326208
3.620727,0.091289,12.248233,3.686558,3.686558,101.049070
4.699489,0.169930,11.491789,1.305451,1.305451,114.685720
5.181895,0.184606,12.535991,2.079691,2.079691,109.167032
4.513916,0.215537,13.985000,1.715936,1.715936,105.621971
4.200117,0.158081,13.264960,2.718934,2.718934,108.917042
4.431599,0.170130,11.800639,2.021595,2.021595,103.247180
6.018250,0.217456,15.006463,4.039405,4.039405,112.112028
5.875917,0.226151,14.880694,3.240240,3.240240,111.331513
4.293319,0.232893,12.107397,4.218927,4.218927,108.352249
5.402516,0.181244,11.791054,4.700169,4.700169,123.552084
3.949710,0.164286,12.404204,4.058984,4.058984,119.629771
4.871598,0.130355,15.893809,4.489282,4.489282,123.157940
4.649215,0.154151,15.417879,5.199409,5.199409,117.182581
3.878072,0.156117,11.645368,4.053433,4.053433,109.032442
4.700534,0.179390,13.350988,2.954694,2.954694,107.435891
3.785306,0.201669,12.169183,4.210618,4.210618,102.878687
3.862151,0.123816,13.244988,5.432846,5.432846,105.962794
4.405863,0.132003,13.198814,4.178336,4.178336,109.850539
4.274358,0.129242,10.687224,5.345552,5.345552,106.125056
4.711453,0.119072,11.084468,5.719800,5.719800,109.155688
4.612878,0.103143,13.067083,3.686688,3.686688,105.872346
3.960955,0.087684,12.286895,4.005803,4.005803,105.514256
3.334331,0.050153,10.536200,5.584029,5.584029,92.071123
3.566604,0.074942,15.944827,5.201162,5.201162,109.951788
4.603308,0.077605,10.712659,4.233526,4.233526,107.721134
4.042554,0.105879,11.130004,6.811227,6.811227,102.909819
4.795800,0.093311,12.949966,3.911871,3.911871,106.074811
3.703400,0.077710,11.114337,5.263702,5.263702,106.518445
3.684111,0.094580,7.606782,5.703822,5.703822,98.489955
4.164125,0.097156,8.352053,6.048319,6.048319,99.100608
3.897412,0.154166,10.054346,4.192228,4.192228,106.545230
3.500814,0.124954,9.503614,7.581483,7.581483,97.291328
3.199867,0.139962,10.030091,6.565608,6.565608,102.650316
3.805968,0.149078,11.267220,3.074972,3.074972,99.623164
4.293289,0.137745,8.041528,5.690677,5.690677,98.330525
4.154650,0.144980,8.504550,3.012981,3.012981,96.956495
3.904236,0.127654,9.936241,4.971973,4.971973,102.053468
4.527032,0.109597,8.198727,5.068353,5.068353,105.111635
4.586778,0.079509,9.388126,5.180588,5.180588,99.655878
4.296564,0.121658,9.610198,3.179551,3.179551,99.463496
3.885928,0.084632,6.882354,4.110164,4.110164,84.613454
3.773047,0.289536,8.293063,4.535543,4.535543,88.252916
3.396556,0.088854,7.930916,4.313427,4.313427,92.587043
3.246422,0.092415,6.892016,4.138123,4.138123,85.897730
3.747907,0.107755,8.253826,4.677668,4.677668,92.602703
3.584476,0.090258,7.176573,6.314358,6.314358,88.237935
2.911807,0.071806,7.706265,4.417949,4.417949,88.409765
3.456511,0.095418,7.513402,3.587754,3.587754,84.253334
2.651155,0.081624,9.302148,6.734868,6.734868,47.749888
3.301979,0.062234,12.883950,3.612880,3.612880,89.528035
3.823827,0.112695,11.611339,5.625328,5.625328,87.205507
2.935023,0.077571,11.914224,4.376559,4.376559,80.761908
3.731798,0.112410,12.500647,3.081772,3.081772,90.810202
3.970924,0.087509,12.578584,4.839581,4.839581,89.064387
4.680108,0.101576,16.532060,3.331139,3.331139,98.318361
3.946406,0.092024,12.735741,4.635239,4.635239,88.098075
3.483565,0.070850,14.129932,3.989051,3.989051,90.977735
5.070720,0.103904,13.926319,3.206884,3.206884,88.119330
4.773079,0.083997,16.575374,5.908307,5.908307,93.135032
3.845718,0.068073,15.361308,3.950263,3.950263,90.420872
5.094027,0.067719,16.756708,4.432604,4.432604,92.211383
6.117988,0.086714,19.034274,4.128044,4.128044,98.323921
4.533052,0.060871,19.376727,5.434872,5.434872,99.316631
5.118574,0.074102,16.940009,4.804907,4.804907,103.160330
5.015343,0.085755,15.422191,4.309674,4.309674,82.535346
5.609669,0.101889,26.023657,3.993471,3.993471,109.170143
5.342087,0.076785,19.095986,5.294894,5.294894,105.432878
4.192413,0.057903,16.707739,3.827058,3.827058,99.880876
4.211176,0.055553,15.138205,4.337786,4.337786,94.648023
5.702743,0.086760,22.622570,4.528763,4.528763,104.195489
6.227659,0.085202,20.394851,3.765985,3.765985,103.280823
6.116048,0.094269,27.585853,6.839342,6.839342,122.106472
6.735392,0.130165,17.419853,3.598123,3.598123,112.433374
4.654975,0.082109,18.149328,6.338467,6.338467,100.308808
5.142549,0.054772,16.590334,3.304376,3.304376,104.964331
5.594220,0.087182,18.410095,2.746754,2.746754,99.842526
6.581514,0.075801,17.774193,5.424747,5.424747,92.962900
5.765580,0.050757,17.635366,4.662600,4.662600,103.870053
5.832533,0.104611,23.366402,5.422688,5.422688,114.042017
6.594202,0.064922,19.615710,3.549087,3.549087,110.034059
5.985673,0.061025,20.052633,3.531723,3.531723,108.355362
5.676013,0.063340,18.897412,5.373113,5.373113,113.555586
6.448896,0.082856,16.654866,3.028819,3.028819,102.325013
6.247427,0.054983,14.139896,3.168062,3.168062,102.771496
4.382784,0.065499,17.852788,5.559645,5.559645,122.537718
4.896110,0.071426,18.777466,3.650754,3.650754,121.460506
4.874618,0.116213,17.033070,6.619494,6.619494,116.967429
4.401454,0.202607,18.707507,5.162502,5.162502,106.994352
4.660029,0.215722,16.944112,9.668779,9.668779,129.047844
3.972528,0.125095,15.443734,7.389547,7.389547,122.348069
5.189967,0.126680,11.854436,4.553075,4.553075,111.968238
3.547575,0.089890,29.702783,4.814957,4.814957,136.087380
4.844497,0.092106,16.805178,3.586870,3.586870,127.445720
5.212399,0.091517,18.606656,4.563804,4.563804,117.184672
3.863697,0.091867,15.062714,3.782873,3.782873,124.993462
3.973420,0.086360,15.507882,3.476132,3.476132,126.316023
5.175945,0.122571,13.757532,3.763893,3.763893,126.086112
4.619948,0.133165,19.101989,4.059807,4.059807,129.973265
4.731776,0.092843,16.558681,4.169216,4.169216,131.082293
4.523534,0.099267,16.067255,4.662247,4.662247,129.977976
4.523749,0.082797,15.656215,5.675751,5.675751,130.815611
3.513444,0.054900,15.741407,4.971429,4.971429,125.853410
4.642943,0.059678,19.865953,6.912887,6.912887,148.124265
4.178329,0.071442,18.103340,3.374299,3.374299,129.254808
4.139683,0.075290,16.967117,3.449913,3.449913,129.946217
6.194317,0.098421,19.731536,5.036580,5.036580,141.715052
4.381352,0.083113,15.674439,3.505083,3.505083,126.554963
4.338118,0.065564,14.414038,4.774307,4.774307,129.226009
4.759630,0.051848,18.346214,3.989675,3.989675,137.819905
5.387960,0.065840,15.432295,4.821678,4.821678,136.453586
4.098637,0.057531,15.646748,3.860722,3.860722,133.335500
6.537986,0.082140,16.913452,7.147290,7.147290,143.053943
5.090095,0.079740,17.530382,4.607460,4.607460,150.553589
5.104422,0.043231,17.299225,4.225152,4.225152,141.140338
5.399629,0.064070,17.532673,5.341000,5.341000,132.803870
6.973921,0.068749,17.130477,5.196745,5.196745,141.111124
5.754177,0.074478,18.292541,4.784645,4.784645,142.847262
5.680690,0.053601,20.720046,6.593329,6.593329,132.607421
5.250756,0.050832,17.246679,6.947443,6.947443,134.789805
5.308221,0.071588,17.430051,6.474868,6.474868,133.820092
6.231916,0.087127,17.439850,6.821806,6.821806,123.837754
5.988314,0.082543,16.108265,6.893526,6.893526,124.352734
7.386907,0.094057,18.004375,6.051106,6.051106,128.124407
5.872502,0.066655,19.312621,5.744528,5.744528,122.586671
4.989284,0.066738,18.198730,6.725988,6.725988,130.988110
6.117914,0.093978,19.691572,6.988696,6.988696,123.898224
6.349474,0.084974,20.266852,6.600809,6.600809,129.011038
6.314854,0.103541,17.725617,6.064169,6.064169,122.481138
5.371724,0.101550,21.376874,7.305382,7.305382,128.662676
5.593260,0.124390,21.134554,7.466647,7.466647,134.238967
6.185773,0.116149,21.994206,5.760630,5.760630,126.135265
5.246622,0.105990,20.849025,6.151831,6.151831,128.157177
6.103047,0.126232,18.369339,6.745439,6.745439,125.474157
6.875940,0.138916,22.328375,7.600023,7.600023,139.405617
6.112708,0.134843,20.460043,6.314009,6.314009,125.796850
6.683402,0.109147,19.862605,6.886739,6.886739,122.588543
5.869815,0.104922,21.338517,6.812412,6.812412,127.002965
6.563224,0.108935,23.556363,5.017460,5.017460,126.792488
5.890578,0.109331,19.161749,8.363745,8.363745,122.938640
5.784913,0.160395,19.843928,7.198693,7.198693,135.526694
6.649925,0.278440,19.982395,7.425866,7.425866,122.501653
6.360238,0.198356,22.832363,7.206728,7.206728,123.545118
6.715682,0.185294,24.355167,5.896816,5.896816,128.499180
4.280970,0.162265,14.638429,8.095509,8.095509,127.976388
5.248428,0.169203,16.201608,6.779171,6.779171,114.987192
4.686121,0.129290,15.754177,7.974701,7.974701,127.586373
4.414836,0.117048,14.482212,6.129224,6.129224,110.349366
5.281043,0.140631,13.631082,8.781383,8.781383,127.491358
4.931980,0.119862,18.040337,6.153996,6.153996,129.732771
4.045503,0.088422,16.867102,6.326673,6.326673,124.321790
4.827684,0.110282,18.640641,6.306759,6.306759,126.360462
5.182539,0.111890,21.144828,4.931573,4.931573,126.854040
4.934595,0.133275,18.261699,6.515894,6.515894,129.954709
4.882829,0.100795,18.511008,7.854795,7.854795,130.409993
4.263312,0.083726,17.578392,9.099466,9.099466,131.221432
4.881163,0.129842,16.148868,6.657236,6.657236,122.872466
4.984244,0.120321,14.475642,8.049022,8.049022,126.978368
5.403667,0.101773,15.045228,8.545316,8.545316,130.193800
5.597392,0.108620,17.126073,7.360190,7.360190,123.269217
5.666808,0.097806,19.758722,7.691177,7.691177,139.612571
5.536220,0.100773,17.485967,8.453663,8.453663,129.978649
6.547317,0.142047,25.301891,8.522467,8.522467,132.707484
5.943543,0.102356,20.772552,7.733844,7.733844,130.701615
6.406079,0.100868,16.874838,7.188620,7.188620,130.327001
5.596713,0.110043,16.116567,9.048003,9.048003,118.620488
5.661821,0.105921,21.961032,10.745403,10.745403,129.900486
4.062762,0.092698,16.207738,8.243591,8.243591,132.788085
4.145927,0.070177,16.115236,6.647414,6.647414,131.203836
4.430322,0.075978,17.121769,7.388955,7.388955,128.000200
4.615704,0.086434,18.069059,8.464757,8.464757,136.167621
4.043586,0.092010,19.504133,6.029962,6.029962,127.034746
4.303605,0.092968,21.646594,6.657420,6.657420,133.891516
5.516911,0.116708,19.451866,4.743860,4.743860,130.233486
4.446858,0.106726,17.959675,6.886200,6.886200,134.616123
4.255355,0.118783,17.288072,4.568829,4.568829,126.778580
5.051328,0.137827,20.888992,6.661926,6.661926,135.053685
9.560788,0.199335,32.665581,6.388525,6.388525,150.281505
4.133031,0.104190,15.356587,7.253458,7.253458,131.447581
4.303456,0.072107,22.855769,6.266383,6.266383,137.466307
5.109899,0.082586,16.285036,7.045598,7.045598,133.042209
5.236352,0.070093,16.512288,5.662785,5.662785,129.153964
5.794664,0.078922,18.706665,4.845386,4.845386,128.689255
5.191854,0.073333,17.339063,7.315931,7.315931,135.693286
4.601832,0.071553,17.060643,6.731943,6.731943,134.907717
4.647145,0.076285,17.038827,6.681201,6.681201,130.816920
5.540044,0.083568,18.972003,4.304884,4.304884,133.875297
5.908835,0.081237,20.205860,8.377477,8.377477,144.937583
5.422031,0.104807,16.345418,7.455501,7.455501,130.295146
6.506444,0.144784,19.471764,8.731791,8.731791,142.068673
5.586152,0.078752,19.756234,11.071319,11.071319,150.394779
6.617737,0.120666,19.409306,10.151656,10.151656,149.163580
5.258192,0.095118,22.617840,12.459216,12.459216,142.443704
6.368020,0.112139,19.592983,8.476239,8.476239,135.789193
5.943213,0.114496,18.164494,9.080419,9.080419,137.945487
6.426206,0.143653,24.954183,10.274008,10.274008,144.367928
5.919231,0.111472,19.900793,8.440587,8.440587,137.351484
5.258905,0.104446,19.012019,10.933231,10.933231,145.734600
6.597631,0.127167,24.289027,11.382044,11.382044,155.348375
6.623510,0.115881,22.711488,12.154310,12.154310,144.439847
8.420077,0.155884,33.283156,10.212695,10.212695,160.238983
6.304731,0.082862,17.967694,9.572876,9.572876,136.603844
7.152837,0.115992,23.580474,11.007832,11.007832,150.553796
7.346772,0.088274,27.426639,14.590485,14.590485,146.192234
10.085431,0.158387,27.023306,12.158067,12.158067,152.117863
7.476749,0.093841,26.570677,13.912259,13.912259,159.618610
6.874417,0.080849,21.907427,13.966700,13.966700,144.193819
7.407391,0.079749,26.215706,12.355960,12.355960,143.364466
7.135434,0.080175,26.856413,13.296975,13.296975,159.526684
6.628329,0.080485,22.325490,12.275869,12.275869,152.964490
5.996638,0.102683,21.102131,10.881790,10.881790,138.640549
6.946098,0.096944,27.168849,10.918507,10.918507,140.074742
6.729244,0.115109,22.635703,10.766846,10.766846,139.598940
9.156997,0.174436,23.698199,11.783602,11.783602,150.339531
6.615575,0.119961,23.433153,12.778907,12.778907,137.893326
10.065945,0.133473,27.198678,10.040713,10.040713,164.738380
6.185652,0.086158,18.353684,16.346424,16.346424,148.394692
7.283606,0.164228,25.852971,15.337360,15.337360,162.152181
7.621587,0.163124,19.716434,11.626654,11.626654,154.164272
6.895534,0.101784,19.688863,13.750718,13.750718,150.005334
7.799509,0.102251,25.150312,10.217821,10.217821,149.540455
6.824197,0.072738,20.190855,11.525436,11.525436,143.026199
6.497787,0.122405,20.520105,9.518061,9.518061,138.211394
6.651450,0.079286,24.368623,10.461191,10.461191,140.017165
6.713675,0.085656,20.174015,11.164270,11.164270,177.028442
7.411649,0.096441,21.580500,11.129257,11.129257,154.473912
6.413593,0.130291,18.004041,14.594153,14.594153,151.152529
9.018076,0.125847,19.553511,12.262387,12.262387,148.015578
7.837959,0.112488,20.606344,10.012416,10.012416,138.965939
6.188027,0.111380,16.305366,11.348650,11.348650,138.251660
6.776459,0.110140,18.863872,13.792597,13.792597,147.567185
6.922225,0.107235,22.956134,10.318594,10.318594,141.849168
7.700756,0.120732,18.933308,13.612730,13.612730,146.995575
6.921793,0.149066,19.894338,7.930524,7.930524,135.520884
7.657746,0.155336,21.853797,10.275004,10.275004,139.161444
6.719755,0.130874,18.377054,11.147824,11.147824,142.213946
5.632796,0.115341,16.037435,9.509139,9.509139,141.131575
6.595032,0.128211,22.134610,11.700973,11.700973,150.802812
7.036288,0.151406,18.940226,10.987578,10.987578,148.664936
5.992845,0.109191,16.383639,9.711373,9.711373,134.636347
4.790174,0.114738,20.455290,9.526503,9.526503,143.693450
5.713071,0.164334,15.091605,11.156881,11.156881,138.508232
6.529021,0.127051,13.289573,7.193626,7.193626,132.711240
5.544311,0.128433,18.118657,11.132616,11.132616,147.652083
5.701410,0.141202,16.668637,7.785139,7.785139,137.700411
5.299204,0.176747,20.121365,12.802734,12.802734,146.934432
6.572275,0.131902,17.464209,12.965972,12.965972,146.956771
6.508583,0.076072,16.804762,15.304595,15.304595,152.417601
6.186695,0.061094,17.513184,11.709904,11.709904,138.702420
6.485897,0.059341,20.074991,13.885640,13.885640,146.782481
5.939728,0.055029,25.925484,11.808827,11.808827,152.979736
6.847647,0.101816,31.426808,12.324713,12.324713,166.456162
5.739576,0.183913,30.740145,9.036932,9.036932,172.382674
5.161466,0.091364,24.359874,11.333576,11.333576,143.971403
4.805561,0.116399,20.321313,12.803779,12.803779,156.094835
4.565706,0.081597,21.583912,10.403946,10.403946,134.705963
5.324722,0.127637,21.270449,15.824923,15.824923,152.173892
9.265186,0.200445,24.210054,9.887240,9.887240,151.597501
4.886881,0.065716,20.785399,12.336337,12.336337,152.108461
5.660960,0.103686,18.015415,10.344254,10.344254,140.525951
5.871335,0.066310,19.889219,11.453784,11.453784,145.954396
4.842098,0.079060,19.617055,9.460838,9.460838,138.233580
6.176213,0.098926,18.661086,8.730204,8.730204,134.981455
5.327639,0.121445,22.023614,12.052429,12.052429,152.574734
5.017752,0.084087,17.969598,8.849349,8.849349,133.883773
4.488199,0.058148,16.355489,7.831360,7.831360,133.784432
5.445841,0.048001,17.119420,8.174535,8.174535,137.251327
5.831013,0.058041,21.192551,12.232389,12.232389,138.832959
4.549104,0.078501,17.885546,7.106953,7.106953,132.651426
5.003882,0.068187,18.653546,7.816610,7.816610,133.494981
5.421010,0.105595,18.336578,8.726036,8.726036,135.304928
6.160482,0.086963,17.847091,8.990901,8.990901,138.642071
6.328876,0.126197,17.646178,7.237435,7.237435,125.201070
5.177338,0.066130,15.310935,6.543769,6.543769,135.626365
5.145305,0.062220,15.848100,9.620078,9.620078,136.763864
5.713965,0.085900,15.666917,7.401250,7.401250,136.674501
7.103968,0.075762,19.061583,8.153570,8.153570,144.196879
5.614800,0.097367,17.203161,4.876972,4.876972,131.025428
5.301726,0.078221,10.967042,7.229414,7.229414,130.130879
6.071170,0.073021,20.747933,9.557294,9.557294,136.776111
5.756274,0.062001,16.708571,7.107414,7.107414,137.160511
5.629909,0.069439,16.984978,9.017193,9.017193,135.227164
7.224586,0.103237,23.065320,10.490633,10.490633,144.109026
6.456300,0.061592,18.112317,7.423046,7.423046,132.724085
6.743335,0.058354,20.309779,9.357348,9.357348,140.222321
6.634944,0.049817,20.417579,8.586589,8.586589,134.534145
7.084906,0.059117,21.450785,6.823648,6.823648,144.772516
7.317418,0.057415,20.414083,7.251705,7.251705,142.155159
6.857108,0.057638,21.860967,10.572481,10.572481,137.237570
6.576330,0.058912,19.269472,8.929837,8.929837,138.557778
6.837985,0.050669,18.396549,8.326011,8.326011,131.605891
7.598878,0.046604,21.002153,9.721948,9.721948,142.909836
7.943669,0.048593,22.475512,6.882772,6.882772,138.433647
6.474530,0.058799,17.324004,7.912685,7.912685,130.814873
7.283187,0.084396,18.945026,10.236268,10.236268,137.210032
7.925197,0.047568,18.893958,8.863100,8.863100,133.956066
7.566125,0.044649,20.110587,8.313404,8.313404,137.896443
7.523019,0.063346,17.826498,10.298434,10.298434,130.321744
7.764286,0.081302,19.766800,9.202368,9.202368,140.147533
8.773690,0.093458,24.081144,9.835260,9.835260,130.310760
7.597335,0.061917,23.581147,9.867625,9.867625,136.350968
7.102602,0.050440,22.458970,11.093894,11.093894,139.581009
9.526599,0.070570,22.588199,14.033306,14.033306,147.694356
6.919105,0.063355,32.280866,8.595787,8.595787,146.562314
6.469799,0.080218,20.690756,9.865236,9.865236,133.523165
6.654929,0.063147,17.148082,10.804592,10.804592,133.984494
8.194058,0.079329,21.789965,10.627411,10.627411,129.056238
6.446961,0.095208,21.739811,8.057512,8.057512,131.767967
7.381221,0.092580,23.997711,8.904638,8.904638,129.192034
7.227789,0.077788,23.967306,9.870597,9.870597,124.922022
6.125152,0.095717,25.903452,9.266380,9.266380,134.893234
7.281591,0.060990,25.643603,10.082602,10.082602,130.425910
5.459886,0.085289,21.957949,9.971932,9.971932,134.727092
4.913843,0.136579,25.871259,7.525008,7.525008,138.035453
5.279717,0.100241,24.491206,10.342286,10.342286,144.062595
6.052621,0.115317,21.368406,11.240376,11.240376,153.089230
5.776336,0.172711,19.435214,7.816916,7.816916,141.042648
5.241711,0.111949,16.252991,8.617905,8.617905,144.431202
5.871494,0.147791,24.838433,8.598296,8.598296,144.035776
5.957298,0.196245,14.902092,9.939455,9.939455,141.318764
4.572962,0.097928,16.762292,6.413629,6.413629,134.340980
5.557011,0.165986,15.195977,10.580850,10.580850,142.313243
4.142051,0.139592,14.799928,7.698405,7.698405,138.241451
4.283381,0.110426,13.121042,8.051993,8.051993,135.741699
3.819716,0.122583,15.287703,5.059056,5.059056,128.206022
4.120497,0.105345,13.302870,6.095253,6.095253,129.984223
3.768789,0.100346,13.642921,5.761261,5.761261,131.650530
4.628939,0.104521,13.452895,6.426744,6.426744,136.634841
6.540895,0.160803,11.452672,7.487216,7.487216,136.019444
4.867299,0.119917,13.367930,5.731215,5.731215,134.270491
5.048659,0.130234,9.635750,4.676290,4.676290,126.788335
6.259019,0.137055,8.750962,4.827677,4.827677,129.601595
4.678149,0.127962,7.874504,5.149370,5.149370,129.454407
3.432626,0.118504,11.341202,7.259493,7.259493,133.613045
4.258543,0.156311,10.743482,5.181367,5.181367,124.334839
4.466652,0.187043,11.497266,4.431675,4.431675,127.653705
4.500687,0.178178,12.036087,6.733816,6.733816,138.037261
3.392211,0.190391,12.084879,3.637362,3.637362,123.121257
5.512553,0.221844,15.746228,5.606790,5.606790,139.401308
3.710868,0.186010,9.123576,5.866246,5.866246,129.489283
4.207488,0.237973,12.610327,4.852975,4.852975,129.124996
4.359910,0.164756,11.424200,5.102881,5.102881,124.381509
5.158667,0.159132,11.133195,5.416563,5.416563,132.757124
4.914065,0.134703,10.418679,5.414675,5.414675,118.004284
4.395643,0.094543,9.867443,4.847768,4.847768,127.417003
5.082410,0.079793,14.480025,4.471846,4.471846,132.262495
3.717497,0.078639,9.847496,4.415985,4.415985,119.338921
4.091443,0.077282,10.865887,4.453596,4.453596,126.702764
4.038358,0.056152,9.665696,8.652066,8.652066,105.177947
3.677497,0.050584,9.023286,4.603462,4.603462,107.679002
3.652690,0.055334,7.874361,4.997737,4.997737,95.376126
2.690568,0.047173,6.335644,4.129245,4.129245,42.981204
2.348261,0.040359,8.347878,3.653672,3.653672,46.131030
3.069967,0.035767,5.034076,3.227094,3.227094,42.778711
3.248771,0.040346,6.122028,3.585037,3.585037,40.102864
3.188754,0.034507,9.048421,4.121214,4.121214,56.971963
3.587529,0.028817,8.185726,4.191658,4.191658,41.779954
3.272626,0.042138,8.746626,6.090696,6.090696,47.398793
4.320566,0.051473,10.786689,5.593477,5.593477,46.071239
3.557932,0.045096,10.282170,5.697290,5.697290,95.968384
3.465247,0.045896,9.458749,5.002776,5.002776,92.147448
4.431839,0.075089,8.299527,5.074115,5.074115,41.071512
4.855688,0.080215,7.055265,2.663298,2.663298,42.200234
3.630298,0.072302,8.980323,2.291070,2.291070,35.112345
4.532976,0.080399,7.971255,2.057022,2.057022,35.361795
4.787843,0.069958,6.664296,2.824970,2.824970,35.582479
3.365413,0.037684,6.480861,3.349334,3.349334,32.473427
4.232077,0.044138,6.457103,2.367520,2.367520,31.767803
4.070465,0.064681,6.349616,2.306076,2.306076,28.977820
4.134329,0.029935,7.777273,3.371939,3.371939,33.560926
2.672612,0.021114,8.057646,3.919909,3.919909,31.083162
4.202015,0.037372,7.202104,3.253214,3.253214,32.080354
2.762216,0.036923,6.679827,3.582839,3.582839,30.655377
2.923758,0.036208,9.552929,2.470812,2.470812,31.612385
3.864034,0.035088,7.340844,2.239439,2.239439,31.022207
4.053482,0.026561,7.241441,3.546576,3.546576,33.831922
3.325887,0.026813,5.125359,2.112577,2.112577,27.080043
3.372687,0.030830,5.806521,3.065250,3.065250,28.266374
3.942199,0.021219,5.799677,3.595341,3.595341,30.596732
2.534970,0.012541,7.500759,3.168222,3.168222,30.464157
