#LBA time[ms],KF opt[#],KF fixed[#],MP[#],Edges[#]
0.005156,3,1,0,332
0.002084,4,1,0,446
0.067480,5,1,0,557
0.157167,6,1,0,683
0.292066,7,1,0,821
0.171805,8,1,0,973
0.223558,9,1,0,1128
0.313959,10,1,0,1283
0.494342,0,0,0,0
26.839941,0,0,0,0
0.897583,0,0,0,0
1.263874,0,0,0,0
1.149969,0,0,0,0
0.956472,0,0,0,0
1.546805,0,0,0,0
1.097644,0,0,0,0
1.056134,0,0,0,0
1.140969,0,0,0,0
1.073879,0,0,0,0
2.555952,0,0,0,0
1.526111,0,0,0,0
1.935393,0,0,0,0
1.835343,0,0,0,0
2.359584,0,0,0,0
2.054119,0,0,0,0
1.725955,0,0,0,0
1.720224,0,0,0,0
1.483799,0,0,0,0
1.530602,0,0,0,0
1.806670,0,0,0,0
2.037488,0,0,0,0
1.700590,0,0,0,0
1.895587,0,0,0,0
1.489557,0,0,0,0
1.698507,0,0,0,0
1.569486,0,0,0,0
1.815332,0,0,0,0
1.784114,0,0,0,0
2.225810,0,0,0,0
2.576953,0,0,0,0
1.633830,0,0,0,0
1.433984,0,0,0,0
1.232826,0,0,0,0
1.917382,0,0,0,0
2.263150,0,0,0,0
1.841656,0,0,0,0
2.011591,0,0,0,0
1.908537,0,0,0,0
1.939064,0,0,0,0
1.983493,0,0,0,0
1.849437,0,0,0,0
2.871263,0,0,0,0
1.673630,0,0,0,0
1.362472,0,0,0,0
1.637113,0,0,0,0
1.308414,0,0,0,0
1.667814,0,0,0,0
1.810479,0,0,0,0
2.726964,0,0,0,0
1.905627,0,0,0,0
2.465760,0,0,0,0
1.875157,0,0,0,0
2.435235,0,0,0,0
1.855153,0,0,0,0
2.009250,0,0,0,0
2.034637,0,0,0,0
1.908579,0,0,0,0
2.294620,0,0,0,0
1.945453,0,0,0,0
1.312402,0,0,0,0
1.800109,0,0,0,0
1.399531,0,0,0,0
2.157135,0,0,0,0
2.880196,0,0,0,0
2.189750,3,1,0,282
1.778482,4,1,0,374
0.001870,5,1,0,467
0.002764,6,1,0,580
0.069490,7,1,0,684
0.087837,8,1,0,787
0.124534,9,1,0,890
0.270563,10,1,0,983
0.264442,0,0,0,0
0.708796,0,0,0,0
0.659494,0,0,0,0
39.386204,0,0,0,0
0.510058,0,0,0,0
0.513469,0,0,0,0
0.875518,0,0,0,0
0.657086,0,0,0,0
0.891283,0,0,0,0
0.701749,0,0,0,0
1.858201,0,0,0,0
1.334227,0,0,0,0
1.515512,0,0,0,0
1.713784,0,0,0,0
1.274911,0,0,0,0
1.960784,0,0,0,0
2.423955,0,0,0,0
1.823810,0,0,0,0
2.220506,0,0,0,0
1.821058,0,0,0,0
2.191295,0,0,0,0
1.583128,0,0,0,0
1.373286,0,0,0,0
1.225215,0,0,0,0
1.515386,0,0,0,0
1.401990,0,0,0,0
1.122433,0,0,0,0
1.579304,0,0,0,0
1.560437,0,0,0,0
1.967551,0,0,0,0
1.231801,0,0,0,0
1.081610,0,0,0,0
0.810853,0,0,0,0
1.208942,0,0,0,0
1.196626,0,0,0,0
1.256421,0,0,0,0
1.385972,0,0,0,0
2.025944,0,0,0,0
1.045870,0,0,0,0
1.726856,0,0,0,0
1.325950,0,0,0,0
1.622020,0,0,0,0
1.195670,0,0,0,0
1.758043,0,0,0,0
1.581839,0,0,0,0
1.434824,0,0,0,0
1.718397,0,0,0,0
1.920077,0,0,0,0
2.178222,0,0,0,0
1.665319,0,0,0,0
1.900338,0,0,0,0
1.894549,0,0,0,0
1.600535,0,0,0,0
1.930499,0,0,0,0
1.854921,0,0,0,0
1.564020,0,0,0,0
2.337377,0,0,0,0
1.905603,0,0,0,0
1.732129,0,0,0,0
2.168284,0,0,0,0
1.389575,0,0,0,0
1.282060,0,0,0,0
1.515901,0,0,0,0
2.622585,0,0,0,0
2.496838,0,0,0,0
1.556576,0,0,0,0
2.559989,0,0,0,0
0.743559,0,0,0,0
1.260818,0,0,0,0
1.349468,0,0,0,0
1.222937,0,0,0,0
1.078695,0,0,0,0
1.023862,0,0,0,0
0.941428,0,0,0,0
1.383221,0,0,0,0
0.891387,0,0,0,0
0.762797,0,0,0,0
0.870924,0,0,0,0
1.475749,0,0,0,0
0.869931,0,0,0,0
1.263600,0,0,0,0
0.873792,0,0,0,0
0.963679,0,0,0,0
0.550944,0,0,0,0
1.152823,0,0,0,0
0.778290,0,0,0,0
0.731870,0,0,0,0
0.312565,0,0,0,0
1.272515,0,0,0,0
0.329872,0,0,0,0
1.253900,0,0,0,0
1.413192,0,0,0,0
0.546633,0,0,0,0
1.883408,0,0,0,0
0.678268,0,0,0,0
1.330940,0,0,0,0
1.979002,0,0,0,0
0.719697,0,0,0,0
1.667121,0,0,0,0
1.822618,0,0,0,0
1.364819,0,0,0,0
2.231061,0,0,0,0
1.766594,0,0,0,0
1.555280,0,0,0,0
1.416089,0,0,0,0
1.353649,0,0,0,0
1.946600,0,0,0,0
1.834948,0,0,0,0
1.382173,0,0,0,0
1.801951,0,0,0,0
1.300129,0,0,0,0
0.787226,0,0,0,0
0.709457,0,0,0,0
1.014981,0,0,0,0
1.469946,0,0,0,0
1.350177,0,0,0,0
1.473534,0,0,0,0
0.740775,0,0,0,0
0.617097,0,0,0,0
0.867032,0,0,0,0
0.588519,0,0,0,0
0.540336,0,0,0,0
0.930012,0,0,0,0
0.685248,0,0,0,0
1.238074,0,0,0,0
0.927650,0,0,0,0
0.933557,0,0,0,0
1.204905,0,0,0,0
1.630155,0,0,0,0
0.957338,0,0,0,0
1.527922,0,0,0,0
1.078408,0,0,0,0
0.538880,0,0,0,0
0.815460,0,0,0,0
0.981560,0,0,0,0
0.390714,0,0,0,0
0.367058,0,0,0,0
0.373474,0,0,0,0
0.411511,0,0,0,0
0.634746,0,0,0,0
0.510653,0,0,0,0
0.683245,0,0,0,0
1.114929,0,0,0,0
1.726974,0,0,0,0
1.179209,0,0,0,0
1.184171,0,0,0,0
1.208968,0,0,0,0
2.224590,0,0,0,0
1.569431,0,0,0,0
1.456256,0,0,0,0
1.544430,0,0,0,0
2.644429,0,0,0,0
1.413841,0,0,0,0
2.650573,0,0,0,0
3.147490,0,0,0,0
2.289506,0,0,0,0
1.771277,0,0,0,0
2.361481,0,0,0,0
1.677625,0,0,0,0
2.892241,0,0,0,0
2.432029,0,0,0,0
1.320318,0,0,0,0
2.914910,0,0,0,0
1.877711,0,0,0,0
2.135359,0,0,0,0
2.017861,0,0,0,0
1.935531,0,0,0,0
3.199724,0,0,0,0
2.192089,0,0,0,0
2.723158,0,0,0,0
1.601362,0,0,0,0
2.422154,0,0,0,0
2.613479,0,0,0,0
1.817030,0,0,0,0
1.502878,0,0,0,0
2.257670,0,0,0,0
2.005657,0,0,0,0
1.394743,0,0,0,0
1.636689,0,0,0,0
0.971598,0,0,0,0
2.667277,0,0,0,0
1.452364,0,0,0,0
1.394356,0,0,0,0
1.508006,0,0,0,0
1.219419,0,0,0,0
1.779676,0,0,0,0
1.424324,0,0,0,0
0.940737,0,0,0,0
1.420009,0,0,0,0
0.987689,0,0,0,0
1.366618,0,0,0,0
0.791416,0,0,0,0
1.619741,0,0,0,0
1.370315,0,0,0,0
0.788262,0,0,0,0
1.255225,0,0,0,0
1.410062,0,0,0,0
1.538207,0,0,0,0
2.251852,0,0,0,0
2.635732,0,0,0,0
2.076832,0,0,0,0
1.919744,0,0,0,0
1.819555,0,0,0,0
1.350430,0,0,0,0
1.199041,0,0,0,0
2.250977,0,0,0,0
1.474021,0,0,0,0
2.080389,0,0,0,0
1.797789,0,0,0,0
1.931043,0,0,0,0
2.264595,0,0,0,0
2.727703,0,0,0,0
4.224528,0,0,0,0
2.464817,0,0,0,0
2.416853,0,0,0,0
3.523640,0,0,0,0
3.472488,0,0,0,0
2.346638,0,0,0,0
1.721552,0,0,0,0
3.268031,0,0,0,0
3.020958,0,0,0,0
2.156326,0,0,0,0
3.120342,0,0,0,0
5.174019,0,0,0,0
3.849686,0,0,0,0
3.793507,0,0,0,0
4.750088,0,0,0,0
4.444782,0,0,0,0
5.254054,0,0,0,0
5.979892,0,0,0,0
4.564370,0,0,0,0
4.005401,0,0,0,0
5.462796,0,0,0,0
3.767717,0,0,0,0
4.874765,0,0,0,0
3.689289,0,0,0,0
2.526069,0,0,0,0
3.363499,0,0,0,0
3.474441,0,0,0,0
3.487450,0,0,0,0
4.307375,0,0,0,0
3.793263,0,0,0,0
4.594175,0,0,0,0
5.467524,0,0,0,0
5.555736,0,0,0,0
3.845818,0,0,0,0
5.725572,0,0,0,0
5.152330,0,0,0,0
5.382591,0,0,0,0
3.972729,0,0,0,0
5.117175,0,0,0,0
6.732743,0,0,0,0
5.466820,0,0,0,0
8.103318,0,0,0,0
7.057510,0,0,0,0
7.247195,0,0,0,0
6.174481,0,0,0,0
6.721186,0,0,0,0
5.944400,0,0,0,0
6.213529,0,0,0,0
8.816249,0,0,0,0
8.454705,0,0,0,0
7.543214,0,0,0,0
8.157699,0,0,0,0
6.483733,0,0,0,0
8.143123,0,0,0,0
8.406169,0,0,0,0
9.047808,0,0,0,0
6.725860,0,0,0,0
7.914793,0,0,0,0
6.628467,0,0,0,0
8.310327,0,0,0,0
7.409402,0,0,0,0
7.186470,0,0,0,0
8.330690,0,0,0,0
7.355835,0,0,0,0
7.681334,0,0,0,0
7.411889,0,0,0,0
8.336991,0,0,0,0
6.054061,0,0,0,0
8.418174,0,0,0,0
7.919244,0,0,0,0
8.541680,0,0,0,0
7.541052,0,0,0,0
7.437777,0,0,0,0
6.349900,0,0,0,0
9.127010,0,0,0,0
9.005848,0,0,0,0
10.538751,0,0,0,0
11.209443,0,0,0,0
14.379569,0,0,0,0
10.408475,0,0,0,0
13.409986,0,0,0,0
11.434366,0,0,0,0
11.644483,0,0,0,0
16.702633,0,0,0,0
10.871615,0,0,0,0
14.608054,0,0,0,0
11.678551,0,0,0,0
11.836077,0,0,0,0
13.958938,0,0,0,0
9.939536,0,0,0,0
11.015978,0,0,0,0
9.952327,0,0,0,0
9.506986,0,0,0,0
11.503111,0,0,0,0
11.201553,0,0,0,0
8.809339,0,0,0,0
7.930715,0,0,0,0
11.530350,0,0,0,0
10.299373,0,0,0,0
7.629436,0,0,0,0
6.843849,0,0,0,0
8.416466,0,0,0,0
7.366885,0,0,0,0
8.256235,0,0,0,0
7.803722,0,0,0,0
7.280244,0,0,0,0
6.956581,0,0,0,0
4.130797,0,0,0,0
6.058054,0,0,0,0
6.593770,0,0,0,0
6.593849,0,0,0,0
5.788757,0,0,0,0
5.808061,0,0,0,0
8.557364,0,0,0,0
5.386175,0,0,0,0
7.183735,0,0,0,0
6.200548,0,0,0,0
3.632770,0,0,0,0
6.273089,0,0,0,0
7.350814,0,0,0,0
5.930193,0,0,0,0
4.848008,0,0,0,0
8.138677,0,0,0,0
5.491457,0,0,0,0
5.119246,0,0,0,0
5.467040,0,0,0,0
5.230494,0,0,0,0
4.295106,0,0,0,0
5.345233,0,0,0,0
5.773726,0,0,0,0
5.485832,0,0,0,0
5.257597,0,0,0,0
9.955836,0,0,0,0
3.944648,0,0,0,0
6.399658,0,0,0,0
5.290759,0,0,0,0
5.730138,0,0,0,0
5.071565,0,0,0,0
4.926550,0,0,0,0
4.169040,0,0,0,0
5.917738,0,0,0,0
5.014175,0,0,0,0
6.875004,0,0,0,0
5.792315,0,0,0,0
6.103242,0,0,0,0
3.869008,0,0,0,0
5.004464,0,0,0,0
4.489765,0,0,0,0
5.037981,0,0,0,0
5.340732,0,0,0,0
3.807868,0,0,0,0
3.203559,0,0,0,0
3.292951,0,0,0,0
4.525165,0,0,0,0
4.461515,0,0,0,0
3.475221,0,0,0,0
4.128305,0,0,0,0
3.263674,0,0,0,0
7.385052,0,0,0,0
3.292189,0,0,0,0
3.227603,0,0,0,0
5.029390,0,0,0,0
4.819400,0,0,0,0
3.367828,0,0,0,0
4.091713,0,0,0,0
3.440382,0,0,0,0
4.467988,0,0,0,0
3.052808,0,0,0,0
4.999803,0,0,0,0
4.035824,0,0,0,0
4.881262,0,0,0,0
6.586709,0,0,0,0
3.466016,0,0,0,0
4.075380,0,0,0,0
3.788706,0,0,0,0
5.848169,0,0,0,0
5.498157,0,0,0,0
5.243288,0,0,0,0
6.206756,0,0,0,0
6.545678,0,0,0,0
6.538072,0,0,0,0
6.654900,0,0,0,0
5.826101,0,0,0,0
9.271272,0,0,0,0
7.267130,0,0,0,0
10.556291,0,0,0,0
8.178227,0,0,0,0
9.787193,0,0,0,0
9.156293,0,0,0,0
6.264027,0,0,0,0
6.394501,0,0,0,0
6.489776,0,0,0,0
5.889778,0,0,0,0
6.124855,0,0,0,0
7.905578,0,0,0,0
6.329561,0,0,0,0
5.807163,0,0,0,0
6.712850,0,0,0,0
5.754441,0,0,0,0
5.649031,0,0,0,0
6.251913,0,0,0,0
4.568020,0,0,0,0
2.734586,0,0,0,0
2.574138,0,0,0,0
2.873395,0,0,0,0
2.145831,0,0,0,0
2.077529,0,0,0,0
2.788438,0,0,0,0
2.129508,0,0,0,0
1.895467,0,0,0,0
2.761403,0,0,0,0
6.261196,0,0,0,0
2.822133,0,0,0,0
1.905428,0,0,0,0
2.535591,0,0,0,0
3.859075,0,0,0,0
3.500302,0,0,0,0
3.166975,0,0,0,0
2.800693,0,0,0,0
3.292870,0,0,0,0
3.886789,0,0,0,0
3.972646,0,0,0,0
2.737820,0,0,0,0
3.406173,0,0,0,0
3.049715,0,0,0,0
4.645590,0,0,0,0
2.523340,0,0,0,0
3.772972,0,0,0,0
3.285526,0,0,0,0
3.682309,0,0,0,0
3.434383,0,0,0,0
3.807844,0,0,0,0
3.189492,0,0,0,0
2.607528,0,0,0,0
4.185724,0,0,0,0
5.512448,0,0,0,0
2.551212,0,0,0,0
3.169315,0,0,0,0
2.734207,0,0,0,0
4.699842,0,0,0,0
3.106957,0,0,0,0
4.207715,0,0,0,0
4.030428,0,0,0,0
2.947792,0,0,0,0
3.436101,0,0,0,0
4.952022,0,0,0,0
5.860736,0,0,0,0
4.897483,0,0,0,0
5.499863,0,0,0,0
5.184733,0,0,0,0
6.458174,0,0,0,0
9.422513,0,0,0,0
6.611995,0,0,0,0
8.364174,0,0,0,0
6.589464,0,0,0,0
5.388934,0,0,0,0
7.526178,0,0,0,0
6.502762,0,0,0,0
6.352562,0,0,0,0
5.973777,0,0,0,0
8.432570,0,0,0,0
8.219484,0,0,0,0
6.533864,0,0,0,0
7.340271,0,0,0,0
5.846854,0,0,0,0
4.792135,0,0,0,0
4.216195,0,0,0,0
7.687249,0,0,0,0
6.700019,0,0,0,0
5.245168,0,0,0,0
4.955107,0,0,0,0
7.653324,0,0,0,0
4.258394,0,0,0,0
6.618096,0,0,0,0
7.789146,0,0,0,0
5.861605,0,0,0,0
6.670482,0,0,0,0
4.634211,0,0,0,0
5.721585,0,0,0,0
4.312080,0,0,0,0
4.878364,0,0,0,0
8.104378,0,0,0,0
4.415002,0,0,0,0
3.009220,0,0,0,0
3.354547,0,0,0,0
3.558935,0,0,0,0
2.867231,0,0,0,0
4.369191,0,0,0,0
4.157458,0,0,0,0
5.915049,0,0,0,0
3.825768,0,0,0,0
4.197766,0,0,0,0
4.590420,0,0,0,0
3.596295,0,0,0,0
4.635119,0,0,0,0
4.221304,0,0,0,0
3.753229,0,0,0,0
3.593590,0,0,0,0
2.160061,0,0,0,0
2.650533,0,0,0,0
2.532362,0,0,0,0
4.704407,0,0,0,0
2.305986,0,0,0,0
3.269293,0,0,0,0
2.491676,0,0,0,0
1.203745,0,0,0,0
1.906990,0,0,0,0
1.894544,0,0,0,0
2.948349,0,0,0,0
3.786596,0,0,0,0
2.940437,0,0,0,0
2.201665,0,0,0,0
3.045457,0,0,0,0
3.151373,0,0,0,0
4.338558,0,0,0,0
3.704368,0,0,0,0
2.473577,0,0,0,0
3.593984,0,0,0,0
3.704614,0,0,0,0
3.313541,0,0,0,0
4.497890,0,0,0,0
1.970055,0,0,0,0
2.751027,0,0,0,0
3.742724,0,0,0,0
4.533554,0,0,0,0
3.349931,0,0,0,0
3.918512,0,0,0,0
3.133600,0,0,0,0
3.810413,0,0,0,0
3.737348,0,0,0,0
3.998122,0,0,0,0
4.677321,0,0,0,0
3.477443,0,0,0,0
3.613568,0,0,0,0
6.633120,0,0,0,0
6.185516,0,0,0,0
4.894175,0,0,0,0
5.696523,0,0,0,0
4.739692,0,0,0,0
5.333599,0,0,0,0
3.680405,0,0,0,0
6.789914,0,0,0,0
7.525591,0,0,0,0
8.453736,0,0,0,0
7.704619,0,0,0,0
9.868024,0,0,0,0
5.890305,0,0,0,0
6.065167,0,0,0,0
6.099936,0,0,0,0
5.828251,0,0,0,0
8.538013,0,0,0,0
9.336713,0,0,0,0
7.335197,0,0,0,0
8.234917,0,0,0,0
7.228381,0,0,0,0
8.000331,0,0,0,0
9.999845,0,0,0,0
8.988527,0,0,0,0
9.907899,0,0,0,0
8.406957,0,0,0,0
8.518863,0,0,0,0
8.835830,0,0,0,0
9.606911,0,0,0,0
10.254528,0,0,0,0
9.625031,0,0,0,0
7.220129,0,0,0,0
8.581635,0,0,0,0
9.210383,0,0,0,0
9.234230,0,0,0,0
6.237167,0,0,0,0
9.782465,0,0,0,0
7.025921,0,0,0,0
6.120084,0,0,0,0
10.286426,0,0,0,0
6.036508,0,0,0,0
7.667205,0,0,0,0
9.612387,0,0,0,0
9.588017,0,0,0,0
5.370593,0,0,0,0
6.836377,0,0,0,0
6.005113,0,0,0,0
7.656943,0,0,0,0
4.415967,0,0,0,0
9.838083,0,0,0,0
10.831321,0,0,0,0
10.512392,0,0,0,0
9.378990,0,0,0,0
11.307867,0,0,0,0
14.196454,0,0,0,0
9.811248,0,0,0,0
10.667874,0,0,0,0
9.019595,0,0,0,0
8.415450,0,0,0,0
7.568749,0,0,0,0
5.321192,0,0,0,0
5.486449,0,0,0,0
6.361828,0,0,0,0
6.883088,0,0,0,0
8.221366,0,0,0,0
10.286796,0,0,0,0
6.158494,0,0,0,0
9.679597,0,0,0,0
5.441292,0,0,0,0
6.148683,0,0,0,0
9.646788,0,0,0,0
9.796918,0,0,0,0
10.847758,0,0,0,0
11.385355,0,0,0,0
13.085239,0,0,0,0
13.646645,0,0,0,0
9.202582,0,0,0,0
8.872715,0,0,0,0
10.388202,0,0,0,0
10.299166,0,0,0,0
9.314796,0,0,0,0
6.481294,0,0,0,0
9.431358,0,0,0,0
9.587208,0,0,0,0
7.543147,0,0,0,0
6.586244,0,0,0,0
8.153052,0,0,0,0
5.624961,0,0,0,0
7.445908,0,0,0,0
7.755652,0,0,0,0
8.072344,0,0,0,0
6.717812,0,0,0,0
6.522316,0,0,0,0
8.888318,0,0,0,0
7.877733,0,0,0,0
7.144699,0,0,0,0
10.094776,0,0,0,0
10.438421,0,0,0,0
10.833497,0,0,0,0
9.681416,0,0,0,0
11.746303,0,0,0,0
11.647112,0,0,0,0
14.332374,0,0,0,0
12.842564,0,0,0,0
13.954530,0,0,0,0
10.998415,0,0,0,0
12.288088,0,0,0,0
9.986134,0,0,0,0
9.275641,0,0,0,0
8.746336,0,0,0,0
6.625270,0,0,0,0
7.769747,0,0,0,0
6.128762,0,0,0,0
6.101441,0,0,0,0
8.699169,0,0,0,0
5.193815,0,0,0,0
7.756828,0,0,0,0
5.659746,0,0,0,0
6.745168,0,0,0,0
8.545682,0,0,0,0
6.492465,0,0,0,0
6.557282,0,0,0,0
6.757169,0,0,0,0
8.086502,0,0,0,0
8.582442,0,0,0,0
6.044230,0,0,0,0
5.389106,0,0,0,0
7.813097,0,0,0,0
10.477289,0,0,0,0
8.301090,0,0,0,0
9.891986,0,0,0,0
8.602563,0,0,0,0
9.790630,0,0,0,0
9.273741,0,0,0,0
11.825349,0,0,0,0
11.101616,0,0,0,0
12.877418,0,0,0,0
11.103903,0,0,0,0
12.365407,0,0,0,0
14.887772,0,0,0,0
16.488522,0,0,0,0
10.079770,0,0,0,0
13.809638,0,0,0,0
11.215751,0,0,0,0
12.706107,0,0,0,0
11.520474,0,0,0,0
7.276886,0,0,0,0
10.716204,0,0,0,0
5.868317,0,0,0,0
6.507983,0,0,0,0
6.624036,0,0,0,0
5.763572,0,0,0,0
6.256903,0,0,0,0
5.315814,0,0,0,0
10.525707,0,0,0,0
3.883277,0,0,0,0
4.434670,0,0,0,0
4.270631,0,0,0,0
4.041494,0,0,0,0
4.970758,0,0,0,0
3.333459,0,0,0,0
6.015251,0,0,0,0
5.667955,0,0,0,0
4.191779,0,0,0,0
4.534868,0,0,0,0
5.485110,0,0,0,0
14.853885,0,0,0,0
7.049829,0,0,0,0
6.713886,0,0,0,0
6.357736,0,0,0,0
6.002842,0,0,0,0
5.503525,0,0,0,0
5.076306,0,0,0,0
7.089227,0,0,0,0
7.991328,0,0,0,0
8.717231,0,0,0,0
7.937253,0,0,0,0
6.727037,0,0,0,0
6.670646,0,0,0,0
4.464604,0,0,0,0
8.209027,0,0,0,0
7.312275,0,0,0,0
9.819478,0,0,0,0
7.789132,0,0,0,0
6.819748,0,0,0,0
6.316929,0,0,0,0
8.541802,0,0,0,0
7.403792,0,0,0,0
4.897965,0,0,0,0
8.216369,0,0,0,0
7.371908,0,0,0,0
8.595211,0,0,0,0
4.460453,0,0,0,0
7.174808,0,0,0,0
8.585373,0,0,0,0
8.493614,0,0,0,0
6.446990,0,0,0,0
5.350733,0,0,0,0
5.215003,0,0,0,0
6.289840,0,0,0,0
6.215592,0,0,0,0
4.656662,0,0,0,0
7.970080,0,0,0,0
6.369149,0,0,0,0
4.923958,0,0,0,0
6.082414,0,0,0,0
5.636350,0,0,0,0
9.289870,0,0,0,0
9.506838,0,0,0,0
8.581659,0,0,0,0
7.791382,0,0,0,0
5.814507,0,0,0,0
6.706675,0,0,0,0
6.155630,0,0,0,0
6.592059,0,0,0,0
4.060427,0,0,0,0
5.171346,0,0,0,0
5.438868,0,0,0,0
4.469554,0,0,0,0
3.079584,0,0,0,0
5.205831,0,0,0,0
3.267931,0,0,0,0
3.086448,0,0,0,0
3.594376,0,0,0,0
5.137859,0,0,0,0
4.719249,0,0,0,0
3.685400,0,0,0,0
5.298965,0,0,0,0
3.477530,0,0,0,0
4.317347,0,0,0,0
2.869863,0,0,0,0
5.593754,0,0,0,0
4.486980,0,0,0,0
5.059886,0,0,0,0
3.936048,0,0,0,0
4.930046,0,0,0,0
4.375167,0,0,0,0
4.419204,0,0,0,0
10.036268,-2147483648,-1674481856,904630256,565973610
3.027519,1066529150,1080610106,29469,1079159181
3.045195,-1610612736,-905393459,90,2064333081
5.123208,1072692797,-1064846333,29469,1079087578
