#LBA time[ms],KF opt[#],KF fixed[#],MP[#],Edges[#]
0.015393,3,1,0,393
0.004480,4,1,0,510
0.218466,5,1,0,683
0.334020,6,1,0,1156
0.422597,7,1,0,1849
0.569223,8,1,0,2452
0.513575,9,1,0,2767
0.596424,10,1,0,3176
0.893803,0,0,0,0
46.722942,0,0,0,0
0.988108,0,0,0,0
1.221456,0,0,0,0
1.354961,0,0,0,0
1.410004,0,0,0,0
1.705048,0,0,0,0
1.846810,0,0,0,0
2.163775,0,0,0,0
2.402754,0,0,0,0
2.426882,0,0,0,0
2.479491,0,0,0,0
3.067372,0,0,0,0
4.041529,0,0,0,0
4.105082,0,0,0,0
3.999576,0,0,0,0
4.693250,0,0,0,0
3.995481,0,0,0,0
3.438449,0,0,0,0
3.732501,0,0,0,0
3.968824,0,0,0,0
4.247292,0,0,0,0
5.836306,0,0,0,0
4.475071,0,0,0,0
6.978274,0,0,0,0
4.753699,0,0,0,0
7.531466,0,0,0,0
4.720547,0,0,0,0
7.145573,0,0,0,0
4.027481,0,0,0,0
6.227512,3,1,0,430
5.067303,4,1,0,568
0.005600,5,1,0,702
0.004576,6,1,0,809
0.299684,7,1,0,952
0.355141,8,1,0,1090
0.656585,9,1,0,1231
0.738827,10,1,0,1346
0.827308,0,0,0,0
0.951758,0,0,0,0
1.108592,3,1,0,646
43.283394,4,1,0,1076
1.274194,5,1,0,1370
0.785835,6,1,0,2142
0.006048,7,1,0,2766
0.005184,8,1,0,3233
0.588777,9,1,0,3856
0.923917,10,1,0,4614
1.002734,0,0,0,0
1.177649,0,0,0,0
1.390611,0,0,0,0
1.416308,0,0,0,0
1.460340,0,0,0,0
105.715601,0,0,0,0
1.656024,0,0,0,0
1.783481,0,0,0,0
1.966364,0,0,0,0
2.215839,0,0,0,0
2.520708,0,0,0,0
2.786183,0,0,0,0
2.891400,0,0,0,0
2.792968,0,0,0,0
3.441713,0,0,0,0
3.760341,0,0,0,0
3.506546,0,0,0,0
5.405997,0,0,0,0
5.174729,0,0,0,0
4.784771,0,0,0,0
4.623713,0,0,0,0
4.792004,0,0,0,0
4.773699,0,0,0,0
5.300010,0,0,0,0
5.135464,0,0,0,0
4.215195,0,0,0,0
4.507264,0,0,0,0
5.704880,0,0,0,0
5.720433,0,0,0,0
4.492096,0,0,0,0
5.255978,0,0,0,0
3.291246,0,0,0,0
5.212873,0,0,0,0
3.621715,0,0,0,0
6.372890,0,0,0,0
6.759040,0,0,0,0
5.212553,0,0,0,0
6.321081,0,0,0,0
5.318379,0,0,0,0
8.304021,0,0,0,0
5.883475,0,0,0,0
2.914025,0,0,0,0
3.054058,0,0,0,0
7.415912,0,0,0,0
4.110874,0,0,0,0
6.780608,0,0,0,0
4.293501,0,0,0,0
5.478445,0,0,0,0
4.577697,0,0,0,0
6.478523,0,0,0,0
5.712016,0,0,0,0
3.864727,0,0,0,0
9.356804,0,0,0,0
5.127176,0,0,0,0
4.222107,0,0,0,0
9.740073,0,0,0,0
4.114106,0,0,0,0
5.171336,0,0,0,0
5.649455,0,0,0,0
5.703728,0,0,0,0
9.522278,0,0,0,0
7.786669,0,0,0,0
6.039381,0,0,0,0
5.610447,0,0,0,0
7.786797,0,0,0,0
6.441786,0,0,0,0
6.918753,0,0,0,0
9.496486,0,0,0,0
7.334439,0,0,0,0
7.846799,0,0,0,0
7.749069,0,0,0,0
9.603623,0,0,0,0
6.644830,0,0,0,0
9.091616,0,0,0,0
7.568394,0,0,0,0
9.775690,0,0,0,0
11.059515,0,0,0,0
12.679026,0,0,0,0
11.997864,0,0,0,0
8.298037,0,0,0,0
8.898717,0,0,0,0
10.936090,0,0,0,0
11.569090,0,0,0,0
13.055319,0,0,0,0
13.298939,0,0,0,0
11.400064,0,0,0,0
10.514996,0,0,0,0
7.607723,0,0,0,0
11.247582,0,0,0,0
9.495525,0,0,0,0
9.754505,0,0,0,0
11.781189,0,0,0,0
11.404000,0,0,0,0
7.856398,0,0,0,0
9.304643,0,0,0,0
9.083871,0,0,0,0
19.263022,0,0,0,0
9.255617,0,0,0,0
10.351313,0,0,0,0
10.476083,0,0,0,0
9.611719,0,0,0,0
9.012542,0,0,0,0
7.990096,0,0,0,0
4.114266,0,0,0,0
10.146222,0,0,0,0
9.141568,0,0,0,0
8.468662,0,0,0,0
8.196499,0,0,0,0
7.466921,0,0,0,0
5.173736,0,0,0,0
6.598108,0,0,0,0
5.848914,0,0,0,0
5.975124,0,0,0,0
8.449046,0,0,0,0
9.027071,0,0,0,0
8.394614,0,0,0,0
9.658343,0,0,0,0
8.592152,0,0,0,0
10.133934,0,0,0,0
9.596294,0,0,0,0
5.332523,0,0,0,0
7.517193,0,0,0,0
5.600047,0,0,0,0
9.534950,0,0,0,0
11.844838,0,0,0,0
6.581020,0,0,0,0
7.580330,0,0,0,0
8.778331,0,0,0,0
12.738419,0,0,0,0
12.228747,0,0,0,0
11.252221,0,0,0,0
8.641241,0,0,0,0
9.867402,0,0,0,0
6.825792,0,0,0,0
9.929419,0,0,0,0
10.549460,0,0,0,0
11.608483,0,0,0,0
6.819199,0,0,0,0
7.806318,0,0,0,0
5.059495,0,0,0,0
5.023430,0,0,0,0
6.626173,0,0,0,0
6.952994,0,0,0,0
5.300618,0,0,0,0
12.919733,0,0,0,0
6.279224,0,0,0,0
9.082015,0,0,0,0
7.914991,0,0,0,0
4.797155,0,0,0,0
5.241865,0,0,0,0
8.359125,0,0,0,0
8.319125,0,0,0,0
7.276742,0,0,0,0
7.477800,0,0,0,0
5.519917,0,0,0,0
7.465705,0,0,0,0
8.216915,0,0,0,0
7.883758,0,0,0,0
4.749635,0,0,0,0
8.546104,0,0,0,0
11.648291,0,0,0,0
7.660555,0,0,0,0
5.797777,0,0,0,0
8.100721,0,0,0,0
8.432022,0,0,0,0
7.590635,0,0,0,0
7.612458,0,0,0,0
5.872946,0,0,0,0
10.371793,0,0,0,0
9.091839,0,0,0,0
10.460883,0,0,0,0
9.093023,0,0,0,0
5.997012,0,0,0,0
6.205271,0,0,0,0
8.150706,0,0,0,0
6.416666,0,0,0,0
9.337219,0,0,0,0
10.319121,0,0,0,0
10.668693,0,0,0,0
6.799455,0,0,0,0
8.314741,0,0,0,0
7.482793,0,0,0,0
8.484823,0,0,0,0
6.351608,0,0,0,0
10.126158,0,0,0,0
9.211872,0,0,0,0
8.988093,0,0,0,0
9.099839,0,0,0,0
8.414998,0,0,0,0
8.813820,0,0,0,0
10.036268,0,0,0,0
7.866990,0,0,0,0
6.792543,0,0,0,0
7.651211,0,0,0,0
8.666809,0,0,0,0
8.714842,0,0,0,0
10.296464,0,0,0,0
8.778874,0,0,0,0
8.947133,0,0,0,0
10.534931,0,0,0,0
10.914553,0,0,0,0
9.642727,0,0,0,0
9.164256,0,0,0,0
9.933579,0,0,0,0
7.623755,0,0,0,0
10.617973,0,0,0,0
9.858858,0,0,0,0
9.949547,0,0,0,0
11.145628,0,0,0,0
11.380703,0,0,0,0
9.535430,0,0,0,0
7.420008,0,0,0,0
13.600862,0,0,0,0
13.752736,0,0,0,0
8.191698,0,0,0,0
11.605347,0,0,0,0
9.157344,0,0,0,0
8.906076,0,0,0,0
10.047852,0,0,0,0
13.375835,0,0,0,0
10.513171,0,0,0,0
12.636624,0,0,0,0
12.537967,0,0,0,0
12.322828,0,0,0,0
10.414162,0,0,0,0
13.293209,0,0,0,0
11.511873,0,0,0,0
13.235929,0,0,0,0
15.378999,0,0,0,0
11.077883,0,0,0,0
11.874725,0,0,0,0
12.902708,0,0,0,0
16.777547,0,0,0,0
15.153236,0,0,0,0
14.416169,0,0,0,0
13.871202,0,0,0,0
14.902896,0,0,0,0
15.691803,0,0,0,0
15.433656,0,0,0,0
19.872245,0,0,0,0
17.214064,0,0,0,0
14.537259,0,0,0,0
17.635094,0,0,0,0
14.489643,0,0,0,0
18.274303,0,0,0,0
17.362483,0,0,0,0
17.798233,0,0,0,0
17.134063,0,0,0,0
17.046126,0,0,0,0
18.594979,0,0,0,0
16.415237,0,0,0,0
22.156949,0,0,0,0
18.567075,0,0,0,0
16.697129,0,0,0,0
15.985279,0,0,0,0
20.632096,0,0,0,0
17.547509,0,0,0,0
17.505524,0,0,0,0
10.546132,0,0,0,0
11.715907,0,0,0,0
9.478724,0,0,0,0
13.280441,0,0,0,0
18.953928,0,0,0,0
14.081317,0,0,0,0
12.508047,0,0,0,0
17.274481,0,0,0,0
19.723731,0,0,0,0
15.755004,0,0,0,0
13.420347,0,0,0,0
13.521309,0,0,0,0
14.295751,0,0,0,0
17.516820,0,0,0,0
19.728819,0,0,0,0
17.174544,0,0,0,0
17.590101,0,0,0,0
11.466912,0,0,0,0
15.688155,0,0,0,0
21.434315,0,0,0,0
17.712374,0,0,0,0
28.949043,0,0,0,0
28.329386,0,0,0,0
21.681678,0,0,0,0
23.380070,0,0,0,0
23.720906,0,0,0,0
23.452710,0,0,0,0
20.758370,0,0,0,0
14.843791,0,0,0,0
22.289367,0,0,0,0
17.097070,0,0,0,0
23.630985,0,0,0,0
26.187213,0,0,0,0
24.795706,0,0,0,0
24.658103,0,0,0,0
28.204297,0,0,0,0
24.218097,0,0,0,0
21.160134,0,0,0,0
21.580460,0,0,0,0
18.391808,0,0,0,0
23.729643,0,0,0,0
26.881302,0,0,0,0
23.194019,0,0,0,0
19.706642,0,0,0,0
18.749381,0,0,0,0
20.162905,0,0,0,0
19.125610,0,0,0,0
25.831560,0,0,0,0
24.546229,0,0,0,0
24.983963,0,0,0,0
24.743640,0,0,0,0
26.472112,0,0,0,0
23.736970,0,0,0,0
30.898862,0,0,0,0
21.323945,0,0,0,0
22.971328,0,0,0,0
22.763741,0,0,0,0
26.469648,0,0,0,0
21.231655,0,0,0,0
26.158412,0,0,0,0
28.071687,0,0,0,0
23.005152,0,0,0,0
22.328598,0,0,0,0
25.774823,0,0,0,0
23.330820,0,0,0,0
19.547632,0,0,0,0
25.761158,0,0,0,0
17.043789,-1055803882,0,65535,1080428034
22.609627,-1489120564,1096950912,1134635680,183893320
16.092032,1097417307,65535,65535,1080265995
17.862872,258714970,76,592,-1615182581
19.607632,-1049650710,0,0,1080256339
22.744028,-1186045874,1096939280,68,-1546188227
