1403638549177829376.000000 2.178573370 -3.247758150 1.393418074 -0.651169538 -0.513822019 -0.452785075 0.327033371
1403638549427829504.000000 2.175532579 -2.917908669 1.496325135 -0.653608918 -0.508823454 -0.451722652 0.331422478
1403638549727829504.000000 2.180400372 -2.516654253 1.592838526 -0.652996004 -0.505416214 -0.455493093 0.332681268
1403638549977829376.000000 2.195784569 -2.175604343 1.683908939 -0.656257868 -0.504932523 -0.451984853 0.331780791
1403638550227829504.000000 2.223958015 -1.817547321 1.824127316 -0.657278180 -0.504779279 -0.449835449 0.332913607
1403638550477829376.000000 2.262417793 -1.457131743 1.987424970 -0.656490743 -0.504219174 -0.450085193 0.334972143
1403638550727829504.000000 2.316981554 -1.096422911 2.113834620 -0.654778242 -0.497582555 -0.452291667 0.345122367
1403638550977829376.000000 2.392345667 -0.748839200 2.215370417 -0.645149171 -0.489301175 -0.466550201 0.355946392
1403638551227829504.000000 2.481184721 -0.438203007 2.304430962 -0.642852843 -0.483551592 -0.468873411 0.364795744
1403638551477829376.000000 2.591343880 -0.183836192 2.406598330 -0.662788928 -0.467770100 -0.466205627 0.352922469
1403638551627829504.000000 2.674704552 -0.051813468 2.454632282 -0.683464170 -0.439422488 -0.471048445 0.343362957
1403638553627829504.000000 4.494671822 0.273398519 2.885579109 -0.684817195 -0.390311271 -0.543260992 0.289050460
1403638553927829504.000000 4.685421467 0.054403413 2.986353397 -0.688443422 -0.394563287 -0.538670421 0.283195674
1403638554427829504.000000 4.911587238 -0.406161040 3.106452465 -0.709178865 -0.407065243 -0.511272371 0.264506698
1403638554677829376.000000 5.007530689 -0.632518351 3.134631634 -0.712641120 -0.403599679 -0.505981505 0.270615608
1403638557027829504.000000 6.241127968 -2.628918648 3.485190153 -0.743086159 -0.348649979 -0.508232534 0.260702699
1403638557577829376.000000 6.756523609 -3.042819262 3.576388121 -0.734414995 -0.362764657 -0.519639790 0.242921829
1403638557727829504.000000 6.903512001 -3.153333664 3.614367485 -0.733114839 -0.364376247 -0.521591306 0.240239963
1403638559177829376.000000 8.454828262 -3.741396427 3.935561180 -0.742223382 -0.358465225 -0.513711452 0.238133967
1403638562027829504.000000 10.781883240 -4.615815639 4.143662930 -0.816715837 -0.097689450 -0.568055928 0.027283406
1403638562127829504.000000 10.834365845 -4.692170143 4.093320847 -0.816631794 -0.087862983 -0.570109725 0.019169644
1403638562527829504.000000 11.032910347 -4.944851398 3.910640240 -0.810356200 -0.037942804 -0.584511220 -0.015158716
1403638562627829504.000000 11.079660416 -4.996461391 3.869271278 -0.808241725 -0.015235028 -0.588126838 -0.024900254
1403638563827829504.000000 10.734311104 -5.567111492 4.587023258 0.786591947 -0.179960966 0.582040250 0.100579657
1403638563927829504.000000 10.650413513 -5.675082207 4.503821850 0.785002053 -0.178365916 0.585064352 0.098270461
1403638564027829504.000000 10.560228348 -5.786808491 4.420217037 0.782706678 -0.175425246 0.589380920 0.096053779
1403638564227829504.000000 10.357709885 -6.020951748 4.223158836 0.778284729 -0.165381998 0.598114431 0.095816977
1403638565027829504.000000 8.743199348 -6.944600105 4.955195427 0.792878389 -0.171528891 0.579221010 0.080153942
1403638565177829376.000000 8.378170967 -7.155165672 4.893996239 0.793794632 -0.172420174 0.577863753 0.078961551
1403638565277829376.000000 8.133314133 -7.301931858 4.841759205 0.794819713 -0.171836764 0.576409876 0.080532268
1403638565477829376.000000 7.639807224 -7.606581688 4.728744507 0.795420706 -0.170142531 0.575161099 0.086873882
1403638565577829376.000000 7.392169952 -7.764444351 4.677356720 0.793604612 -0.167440683 0.577343285 0.093968898
1403638565977829376.000000 6.401346684 -8.376216888 4.542782307 0.800203979 -0.156692594 0.565266073 0.124881521
1403638566177829376.000000 5.917939663 -8.652076721 4.470341206 0.800529897 -0.159198478 0.564159691 0.124626420
1403638566277829376.000000 5.679960251 -8.783201218 4.421571255 0.800085425 -0.158420116 0.564832151 0.125422806
1403638566377829376.000000 5.446051598 -8.910234451 4.364075184 0.800946057 -0.157694131 0.563771963 0.125615507
1403638566477829376.000000 5.216491222 -9.033720016 4.300265789 0.800806582 -0.158661395 0.564406276 0.122396559
1403638566627829504.000000 4.879349232 -9.211993217 4.192937851 0.807091236 -0.157699153 0.556302309 0.119425207
1403638566677829376.000000 4.769050598 -9.269630432 4.153222561 0.812893867 -0.157573819 0.548063099 0.118325531
1403638566877829376.000000 4.350883961 -9.494368553 3.984472513 0.831482410 -0.158422336 0.520867229 0.110619418
1403638567327829504.000000 3.565684080 -9.972983360 3.579854250 0.804603696 -0.146047235 0.562753499 0.120796047
1403638567527829504.000000 3.250491619 -10.162071228 3.392353535 0.806045234 -0.147974893 0.559482217 0.123992518
1403638567677829376.000000 3.021556139 -10.292424202 3.270730019 0.810816944 -0.150503993 0.551358700 0.126206309
1403638567927829504.000000 2.672982693 -10.488052368 3.109671831 0.816491544 -0.155602396 0.541768312 0.124966331
1403638568277829376.000000 2.262737036 -10.727995872 2.961830378 0.815043867 -0.154421806 0.542688608 0.131706536
1403638568727829504.000000 1.843294740 -10.971114159 2.790930033 0.819195271 -0.154609486 0.535834849 0.133775935
1403638569027829504.000000 1.642946124 -11.092166901 2.710091114 0.818016231 -0.155303046 0.537545323 0.133324265
1403638569277829376.000000 1.525176764 -11.170184135 2.688385010 0.820581138 -0.153767034 0.533106506 0.137112424
1403638569777829376.000000 1.406273484 -11.257756233 2.618674278 0.815685928 -0.153026879 0.539977849 0.140225694
1403638570277829376.000000 1.398518801 -11.241596222 2.597240686 0.810182691 -0.161896229 0.549057424 0.126212806
1403638570627829504.000000 1.419067740 -11.222122192 2.511247635 0.793948948 -0.225414693 0.554222465 0.108030833
1403638570927829504.000000 1.400712252 -11.277029037 2.402103662 0.751270711 -0.296448290 0.572694421 0.140469626
1403638571127829504.000000 1.337002873 -11.353062630 2.317928076 0.739316344 -0.331985325 0.559414148 0.173933864
1403638571477829376.000000 1.139183521 -11.529024124 2.236150980 0.734623373 -0.353620827 0.535521150 0.220222548
1403638571727829504.000000 0.957011640 -11.669268608 2.207107306 0.728144407 -0.372925609 0.524503827 0.235856026
1403638571877829376.000000 0.834828734 -11.759068489 2.174926043 0.720380187 -0.396891892 0.512942731 0.245802701
1403638572027829504.000000 0.704045892 -11.855562210 2.147969484 0.706055164 -0.424145103 0.505146921 0.257708669
1403638572177829376.000000 0.561868727 -11.957728386 2.139646530 0.691187441 -0.446857423 0.496109992 0.276501954
1403638572277829376.000000 0.460910708 -12.027380943 2.139826059 0.683886766 -0.462404490 0.484681904 0.289075226
1403638572427829504.000000 0.304548681 -12.136985779 2.134390593 0.672139049 -0.486614734 0.466251522 0.306667298
1403638572577829376.000000 0.146991700 -12.253309250 2.124054432 0.663903594 -0.499562979 0.453233510 0.322875142
1403638572777829376.000000 -0.060687274 -12.421638489 2.121518373 0.662302375 -0.504546583 0.441113442 0.334973484
1403638573027829504.000000 -0.304288924 -12.655472755 2.158281088 0.667908072 -0.503561676 0.431706250 0.337570876
1403638573327829504.000000 -0.563174248 -12.968276024 2.183815479 0.672872603 -0.499234259 0.432170600 0.333520889
1403638573727829504.000000 -0.846984565 -13.448603630 2.261191130 0.672043979 -0.502342582 0.423188418 0.341936290
1403638574127829504.000000 -1.056317568 -13.973607063 2.354873896 0.603896797 -0.545438051 0.436568081 0.383685172
1403638574377829376.000000 -1.190660477 -14.276876450 2.371204138 0.551894486 -0.591973007 0.423972130 0.406482458
1403638574477829376.000000 -1.252720118 -14.388278961 2.371642590 0.537211001 -0.607748747 0.409302860 0.417752266
1403638574627829504.000000 -1.352339506 -14.546370506 2.379654408 0.519038916 -0.623231649 0.394607008 0.431817532
1403638574877829376.000000 -1.526087284 -14.791524887 2.424961567 0.517109096 -0.632799089 0.365738571 0.445419878
1403638575277829376.000000 -1.801734447 -15.163135529 2.455920219 0.512221873 -0.644993782 0.371936888 0.428106010
1403638575627829504.000000 -2.073821068 -15.483915329 2.432914972 0.530351341 -0.641529262 0.359374106 0.421921611
1403638576377829376.000000 -2.653911114 -16.302433014 2.611284971 0.547181189 -0.628222227 0.344311208 0.432873398
1403638576477829376.000000 -2.721272945 -16.428153992 2.634633303 0.550058544 -0.626146436 0.339512348 0.436013341
1403638576877829376.000000 -2.932366371 -16.971059799 2.684957027 0.549752057 -0.615352988 0.339322358 0.451634467
1403638577727829504.000000 -3.095715046 -18.145063400 2.801275253 0.542161286 -0.617698193 0.350611359 0.448978603
1403638578627829504.000000 -3.011249304 -19.349124908 2.896359921 0.528782904 -0.625479162 0.373198509 0.435760766
1403638578877829376.000000 -2.994601250 -19.656932831 2.894804239 0.535585582 -0.618656337 0.362539828 0.446068734
1403638579277829376.000000 -2.942458153 -20.129720688 2.930332184 0.537175238 -0.616042793 0.363033146 0.447371215
1403638579727829504.000000 -2.858726501 -20.616565704 2.987314939 0.535352290 -0.599248827 0.397771835 0.442805082
1403638580027829504.000000 -2.797143698 -20.884994507 2.964539528 0.601399183 -0.537499964 0.425712377 0.410099894
1403638580227829504.000000 -2.744874954 -21.029539108 2.932411194 0.643270314 -0.471076608 0.471023470 0.377395153
1403638580727829504.000000 -2.644759417 -21.258018494 2.782692671 0.718917251 -0.388501674 0.507860839 0.272583723
1403638581227829504.000000 -2.611102104 -21.423353195 2.751107216 0.737390816 -0.365944445 0.504705191 0.260023594
1403638581677829376.000000 -2.583361387 -21.548847198 2.794734716 0.728518903 -0.368919194 0.506254017 0.277246773
1403638584527829504.000000 -2.143419266 -21.012966156 3.517538786 0.707462549 -0.362042040 0.527069151 0.301032454
1403638584927829504.000000 -2.070689201 -20.708295822 3.571977377 0.724390149 -0.374057472 0.504245758 0.284738988
1403638585877829376.000000 -1.888433695 -19.910408020 3.631753683 0.735298157 -0.382665515 0.487777263 0.273819655
1403638586077829376.000000 -1.830902100 -19.762001038 3.695734978 0.730946362 -0.383346587 0.493031919 0.275104195
1403638586177829376.000000 -1.800564051 -19.691411972 3.722450733 0.728292584 -0.382356107 0.496324360 0.277589411
1403638586477829376.000000 -1.710432887 -19.483858109 3.771379709 0.722818732 -0.371423751 0.502446473 0.295169592
1403638586577829376.000000 -1.680080533 -19.411357880 3.777498960 0.722307205 -0.370147139 0.502743065 0.297511011
1403638586777829376.000000 -1.617212296 -19.258861542 3.770798206 0.721988022 -0.375211418 0.503421366 0.290717453
1403638586927829504.000000 -1.569684982 -19.139780045 3.751077175 0.720504344 -0.375549823 0.505937397 0.289591670
1403638587077829376.000000 -1.523614287 -19.016260147 3.722237349 0.720253706 -0.376184553 0.506363213 0.288645178
1403638587177829376.000000 -1.493349433 -18.932033539 3.707912207 0.721419275 -0.376393795 0.504920900 0.287987500
1403638587377829376.000000 -1.432471514 -18.759147644 3.703927755 0.724500656 -0.377559543 0.500755668 0.285992086
1403638590077829376.000000 -0.696867168 -16.200330734 3.526760578 0.720793664 -0.385346591 0.500585198 0.285269946
1403638591627829504.000000 -0.421744496 -14.790403366 3.498035669 0.742165506 -0.407576770 0.463679045 0.260908872
1403638591727829504.000000 -0.391522050 -14.738057137 3.486574173 0.740880787 -0.408049792 0.465217412 0.261081994
1403638592127829504.000000 -0.242007494 -14.611421585 3.483182669 0.732476771 -0.401827097 0.479924321 0.267741323
1403638592977829376.000000 0.065515682 -14.594034195 3.853926182 0.767095864 -0.337522000 0.499694049 0.218971759
1403638593877829376.000000 0.416572988 -14.841765404 4.212536812 0.740930736 -0.315126836 0.536159635 0.253475279
1403638593977829376.000000 0.458733976 -14.856155396 4.246341228 0.738303185 -0.311470687 0.544271886 0.248319700
1403638595877829376.000000 0.800229728 -14.541845322 4.741464615 0.760211587 -0.302136779 0.524799705 0.235323340
1403638596277829376.000000 0.829364300 -14.402187347 4.680778027 0.767629385 -0.280020118 0.511371791 0.266144603
1403638596727829504.000000 0.978710592 -14.097128868 4.718937397 0.773184776 -0.254563391 0.499727905 0.296065480
1403638597177829376.000000 1.343341351 -13.535402298 4.846373558 0.769679785 -0.246910855 0.501265883 0.308805019
1403638597427829504.000000 1.630215049 -13.109545708 4.870028973 0.762547076 -0.256613404 0.512307286 0.300354511
1403638597527829504.000000 1.756866217 -12.918100357 4.869788170 0.756701887 -0.264656991 0.522601545 0.290252417
1403638597727829504.000000 2.016798019 -12.510086060 4.853554249 0.751371145 -0.271791697 0.530968845 0.282210410
1403638597827829504.000000 2.148304224 -12.295422554 4.837896824 0.755758762 -0.262686014 0.526908517 0.286691785
1403638598027829504.000000 2.418248892 -11.839020729 4.797233582 0.762771606 -0.245865688 0.524258256 0.287893593
1403638598227829504.000000 2.701906681 -11.342101097 4.774005413 0.762086749 -0.259942442 0.536152005 0.253366798
1403638598327829504.000000 2.843193054 -11.085222244 4.765629292 0.763283730 -0.267841578 0.537155449 0.239003941
1403638598427829504.000000 2.983165264 -10.828984261 4.752073765 0.764589190 -0.271844566 0.536495626 0.231681913
1403638598827829504.000000 3.525496244 -9.817673683 4.646821499 0.777955413 -0.246242747 0.539239168 0.208257228
1403638598877829376.000000 3.592447042 -9.693866730 4.635243416 0.780354917 -0.239292115 0.540748775 0.203411207
1403638598927829504.000000 3.658361435 -9.570495605 4.624484062 0.783492446 -0.231642053 0.541136682 0.199129775
1403638599077829376.000000 3.856621027 -9.203204155 4.599010468 0.790648758 -0.207921058 0.546379030 0.181970552
1403638599177829376.000000 3.987883329 -8.959455490 4.590055466 0.795391500 -0.191029355 0.549420357 0.170286581
1403638599577829376.000000 4.508884430 -8.002479553 4.597792149 0.816147327 -0.136524782 0.546017587 0.130879492
1403638599777829376.000000 4.772901058 -7.544005871 4.579459667 0.818839312 -0.131233573 0.544532120 0.125557974
1403638599827829504.000000 4.841701984 -7.440972805 4.564721107 0.817780614 -0.116775319 0.549753368 0.123974517
1403638599877829376.000000 4.914881706 -7.346271992 4.547667027 0.816264808 -0.112126902 0.553231120 0.122779004
1403638600277829376.000000 5.657544613 -6.763782501 4.078252316 0.808906436 -0.139530987 0.565010309 0.083456360
1403638600377829376.000000 5.838751793 -6.605223179 4.029003143 0.809173584 -0.148295417 0.563577175 0.075016424
1403638600677829376.000000 6.371394157 -6.205770016 3.913645029 0.810376346 -0.159699321 0.559742093 0.066895977
1403638600827829504.000000 6.631572247 -6.047503471 3.886042356 0.816636562 -0.156953260 0.550921917 0.070394769
1403638600977829376.000000 6.888814926 -5.915636539 3.863745928 0.822766364 -0.139233306 0.543164074 0.092964023
1403638601027829504.000000 6.974822044 -5.875538826 3.854048967 0.823816836 -0.134182379 0.541860461 0.098530114
1403638601277829376.000000 7.413635254 -5.698144436 3.781434298 0.817822993 -0.114378683 0.551034033 0.120186001
1403638601377829376.000000 7.594605446 -5.624767303 3.752367973 0.813322067 -0.109220587 0.559101582 0.118251339
1403638601477829376.000000 7.776813984 -5.548256397 3.727923870 0.809829056 -0.103338398 0.567643940 0.106200494
1403638601577829376.000000 7.956819057 -5.469523430 3.710117579 0.807229400 -0.087271795 0.575797498 0.096029401
1403638601677829376.000000 8.134518623 -5.389086723 3.697217703 0.807875574 -0.065553866 0.579517722 0.084847592
1403638601777829376.000000 8.308010101 -5.305569649 3.691175699 0.809097588 -0.038208567 0.581995726 0.071986347
1403638601877829376.000000 8.476732254 -5.217330933 3.693060637 0.808662713 -0.007359769 0.585350871 0.058094136
1403638602077829376.000000 8.803573608 -5.055400848 3.677389622 -0.809777379 -0.036164276 -0.584910035 -0.028863821
1403638602377829376.000000 9.279435158 -4.809805870 3.599076271 -0.793049634 -0.088546157 -0.602598488 0.010337247
1403638602477829376.000000 9.413144112 -4.685273170 3.602856636 -0.772451699 -0.099017017 -0.625814438 0.043246217
1403638602577829376.000000 9.530603409 -4.562920570 3.614853382 -0.752003551 -0.107871093 -0.645722806 0.076789469
1403638602677829376.000000 9.627128601 -4.448945999 3.632368326 -0.744011283 -0.123129979 -0.649450302 0.097471409
1403638603127829504.000000 9.883687019 -4.146865845 3.683026552 -0.738030374 -0.201972663 -0.619154394 0.176539361
1403638603427829504.000000 9.837531090 -3.996795416 3.718730927 -0.766871274 -0.241532385 -0.568047523 0.175763026
1403638603677829376.000000 9.770363808 -3.917491913 3.711273909 -0.761238515 -0.252070308 -0.570243239 0.178323388
1403638603977829376.000000 9.657213211 -3.856947184 3.652094364 -0.738948703 -0.269851267 -0.596845627 0.157830209
1403638604377829376.000000 9.359912872 -3.782797813 3.572662830 -0.746316135 -0.265717089 -0.587801158 0.164001763
1403638604777829376.000000 8.929965973 -3.723158598 3.561053753 -0.764613450 -0.261436641 -0.564348698 0.168901876
1403638604927829504.000000 8.760525703 -3.706860542 3.551765919 -0.770558953 -0.260385841 -0.556509674 0.169514224
1403638605277829376.000000 8.380834579 -3.675814629 3.582639456 -0.786546528 -0.265414715 -0.533696175 0.161456183
1403638605677829376.000000 8.006028175 -3.604969978 3.603170872 -0.759240031 -0.286303908 -0.568977594 0.133601114
1403638606027829504.000000 7.629965305 -3.465222359 3.635377407 -0.758102179 -0.291245162 -0.570236206 0.123645417
1403638606227829504.000000 7.386352062 -3.344818354 3.648250580 -0.758593500 -0.293270588 -0.569817841 0.117626481
1403638606477829376.000000 7.053487301 -3.155873537 3.619966269 -0.777137816 -0.279201597 -0.547937930 0.133669168
1403638606577829376.000000 6.919546127 -3.070422173 3.596858740 -0.785270035 -0.273566186 -0.536933899 0.142177418
1403638606777829376.000000 6.666399002 -2.885334969 3.537500381 -0.790249705 -0.284664184 -0.520146847 0.154657900
1403638606927829504.000000 6.494502068 -2.733236313 3.489471912 -0.785812140 -0.306398869 -0.509948969 0.169029936
1403638607127829504.000000 6.297121525 -2.509790182 3.452706814 -0.774133682 -0.333340764 -0.499354601 0.200613812
1403638607377829376.000000 6.098221302 -2.217058659 3.427049398 -0.746967316 -0.346588880 -0.517890632 0.231744036
1403638607527829504.000000 5.995333195 -2.045130253 3.389701366 -0.743516922 -0.348617882 -0.517804921 0.239846423
1403638607827829504.000000 5.817272186 -1.725263596 3.283988237 -0.740353882 -0.350651771 -0.521000266 0.239746302
1403638607977829376.000000 5.740836143 -1.575934529 3.216969490 -0.745775461 -0.344847798 -0.515229344 0.243798718
1403638608127829504.000000 5.676764011 -1.433836222 3.142056465 -0.742640316 -0.342268080 -0.521974504 0.242652997
1403638608277829376.000000 5.621026993 -1.300218821 3.056859493 -0.736305475 -0.343175113 -0.532744408 0.237210065
1403638608577829376.000000 5.512378693 -1.063797951 2.852992535 -0.731747150 -0.342826664 -0.540213108 0.234916881
1403638609027829504.000000 5.325052261 -0.803373814 2.576203823 -0.738197923 -0.339782208 -0.530850887 0.240435630
1403638609327829504.000000 5.205904007 -0.681612730 2.456784964 -0.739078343 -0.332677215 -0.529457867 0.250526637
1403638609627829504.000000 5.109389782 -0.606715918 2.290069580 -0.739367425 -0.337684870 -0.529985130 0.241703257
1403638609927829504.000000 5.029636860 -0.559489489 2.108332396 -0.738957465 -0.339173764 -0.530741215 0.239200369
1403638610227829504.000000 4.960199833 -0.539281309 1.984740019 -0.731502175 -0.335145563 -0.541052699 0.244630560
1403638610477829376.000000 4.904521942 -0.553072810 1.861323714 -0.728918672 -0.333121419 -0.545136392 0.246036619
1403638610877829376.000000 4.790102005 -0.658435762 1.645460606 -0.730707586 -0.333702534 -0.541630864 0.247679502
1403638611327829504.000000 4.646163940 -0.883102059 1.456869245 -0.726776123 -0.335242420 -0.544966102 0.249842167
1403638611427829504.000000 4.610569477 -0.949774623 1.418097138 -0.722945511 -0.342656821 -0.550565302 0.238356769
1403638611877829376.000000 4.400968552 -1.263638854 1.299292445 -0.735289454 -0.341417760 -0.536270499 0.234941065
1403638612077829376.000000 4.295579433 -1.406272292 1.229932308 -0.740559995 -0.337414473 -0.530150592 0.238039479
1403638612377829376.000000 4.151615620 -1.624622583 1.179710507 -0.741834998 -0.334991217 -0.529750943 0.238381311
1403638612777829376.000000 3.987794638 -1.923730731 1.120306969 -0.737548292 -0.337236345 -0.540363073 0.224281207
1403638613077829376.000000 3.829704523 -2.160896301 1.041095018 -0.739385903 -0.331135094 -0.540938199 0.225929335
1403638613527829504.000000 3.577610493 -2.489840984 1.051917791 -0.743052125 -0.327554643 -0.538899958 0.223982751
1403638613977829376.000000 3.291167736 -2.846432686 0.972564220 -0.748149037 -0.291922480 -0.554931939 0.217036739
1403638614427829504.000000 2.974511147 -3.267119884 0.851433754 -0.778394341 -0.233873978 -0.558237791 0.166660443
1403638614727829504.000000 2.762363195 -3.557463408 0.845871866 -0.790390074 -0.199946091 -0.557246804 0.157420412
1403638614877829376.000000 2.663571119 -3.711743116 0.869995177 -0.803467929 -0.171984524 -0.550213337 0.148747638
1403638615027829504.000000 2.577421665 -3.874581099 0.908379138 -0.812356770 -0.141029686 -0.551372945 0.127180532
1403638615177829376.000000 2.502397299 -4.047756672 0.956341147 -0.814346910 -0.107907504 -0.562443972 0.094084732
1403638615277829376.000000 2.456964254 -4.166975975 0.993739069 -0.813369572 -0.086519830 -0.571251512 0.067940675
1403638615377829376.000000 2.412641525 -4.286739349 1.027071238 -0.813278258 -0.061076447 -0.576838017 0.045892745
1403638615527829504.000000 2.347641468 -4.465340137 1.066925764 -0.813028038 -0.022489307 -0.581581950 0.015557911
1403638615677829376.000000 2.281650782 -4.640067101 1.096827269 0.812401593 -0.006738772 0.583029747 0.005873614
1403638615777829376.000000 2.236689329 -4.753355503 1.120793343 0.812058926 -0.019208143 0.583098471 0.013697254
1403638615977829376.000000 2.141414881 -4.977011681 1.182524681 0.811730504 -0.043065745 0.581862032 0.025991248
1403638616077829376.000000 2.091534138 -5.088750362 1.206810355 0.810667574 -0.055247087 0.581852615 0.034835815
1403638616177829376.000000 2.040217876 -5.201076984 1.219749331 0.809931219 -0.069275491 0.580712378 0.044558812
1403638616277829376.000000 1.987766623 -5.314729214 1.215441585 0.808507323 -0.087410346 0.579346836 0.055069551
1403638617127829504.000000 1.570670724 -6.317463875 0.978524089 0.814249218 -0.153229311 0.551073909 0.099180050
1403638617427829504.000000 1.493720412 -6.705514431 0.979001582 0.823303103 -0.141941547 0.540132582 0.101397075
1403638617627829504.000000 1.471049547 -6.960296154 1.017421842 0.825623274 -0.135930613 0.538173437 0.101185359
1403638618027829504.000000 1.510746360 -7.453427315 1.177295089 0.823705137 -0.125869855 0.543471158 0.101516820
1403638618227829504.000000 1.562758684 -7.689373016 1.247357965 0.823988438 -0.124080539 0.543929458 0.098933876
1403638618477829376.000000 1.650754571 -7.974406719 1.308441162 0.823949337 -0.120740943 0.544793665 0.098636508
1403638618677829376.000000 1.740334749 -8.193990707 1.348414779 0.822576761 -0.122564264 0.545522869 0.103683889
1403638618877829376.000000 1.847577453 -8.405063629 1.400627494 0.819311321 -0.128074437 0.547994316 0.109672822
1403638619227829504.000000 2.061987162 -8.756302834 1.475564003 0.798483133 -0.177761391 0.555476964 0.149234802
1403638619427829504.000000 2.186343193 -8.943067551 1.471221805 0.783239067 -0.224478051 0.551950753 0.177473068
1403638622327829504.000000 2.734371424 -11.131179810 1.156941533 0.758205354 -0.253291726 0.567015409 0.198648974
1403638625177829376.000000 0.713247955 -10.575089455 1.218781233 0.768673062 -0.253874898 0.557561457 0.183887124
1403638625477829376.000000 0.409431607 -10.451117516 1.207618713 0.769440532 -0.251074374 0.558992028 0.180140883
1403638625827829504.000000 0.055278491 -10.322077751 1.243543386 0.778060496 -0.253270239 0.546538651 0.178245574
1403638626027829504.000000 -0.140277952 -10.260673523 1.253001213 0.779658020 -0.254368931 0.543483257 0.179041594
1403638626427829504.000000 -0.508901536 -10.168787003 1.217289209 0.776626945 -0.247090161 0.546911120 0.191534340
1403638626777829376.000000 -0.800102174 -10.093942642 1.159106731 0.784539342 -0.249157503 0.535952568 0.187545896
1403638627027829504.000000 -0.970623255 -10.048487663 1.157309771 0.788300216 -0.249504909 0.530916810 0.185627058
1403638627327829504.000000 -1.136038303 -10.008435249 1.142889023 0.788415432 -0.246897683 0.531462014 0.187058032
1403638627577829376.000000 -1.243406534 -9.986531258 1.111775637 0.787555218 -0.245225593 0.532604754 0.189614251
1403638627927829504.000000 -1.353351116 -9.959451675 1.059311986 0.783312142 -0.243047953 0.537918508 0.194919407
1403638628277829376.000000 -1.425602317 -9.922273636 1.014137268 0.785984039 -0.244605437 0.532568753 0.196895465
1403638628427829504.000000 -1.441286206 -9.904646873 1.003837347 0.785580814 -0.247641683 0.533005774 0.193497509
1403638628877829376.000000 -1.469290376 -9.861996651 0.988775253 0.772820354 -0.254959047 0.551107705 0.184458196
1403638629227829504.000000 -1.500007749 -9.844611168 0.960715473 0.777535915 -0.246737674 0.544248521 0.195836708
1403638629427829504.000000 -1.511719584 -9.828947067 0.957073927 0.782362461 -0.247862563 0.536830902 0.195667103
1403638629927829504.000000 -1.492249489 -9.807868958 0.957635224 0.769182444 -0.262319416 0.554516613 0.179048002
1403638630177829376.000000 -1.490648866 -9.819208145 0.907814443 0.767071486 -0.248487502 0.557080805 0.198787048
1403638630277829376.000000 -1.494015098 -9.819374084 0.874530852 0.771653712 -0.248510405 0.550670326 0.198885635
1403638630377829376.000000 -1.492283821 -9.817541122 0.850490272 0.790787041 -0.252495468 0.523641109 0.191577390
1403638630677829376.000000 -1.463392735 -9.820444107 0.845392227 0.791541576 -0.249025047 0.525331378 0.188349351
1403638631027829504.000000 -1.480204582 -9.816023827 0.838230491 0.797499359 -0.245503500 0.518908799 0.185625002
1403638631327829504.000000 -1.495546699 -9.806365013 0.838074803 0.797392607 -0.245777711 0.519014359 0.185425445
1403638631677829376.000000 -1.511079669 -9.795311928 0.842590451 0.797465503 -0.246113405 0.518755972 0.185389772
