1403638147795097088.000000 12.544358253 3.042957783 -19.431596756 -0.577806592 -0.610177934 -0.368287832 0.397726804
1403638148095097088.000000 12.543350220 3.065640688 -19.396265030 -0.569537222 -0.592751443 -0.388718814 0.416138023
1403638148845096960.000000 12.530815125 3.141324282 -19.226013184 -0.562519133 -0.612806320 -0.374448657 0.409669161
1403638151345096960.000000 11.839409828 3.720750809 -19.056076050 -0.454981148 -0.688066483 -0.320350260 0.465760142
1403638151795097088.000000 11.547738075 3.843416452 -19.028224945 -0.396841705 -0.722940266 -0.276360124 0.493456274
1403638152245096960.000000 11.232908249 3.957853317 -18.913225174 -0.388270438 -0.729313076 -0.273567438 0.492452592
1403638152595097088.000000 10.955489159 4.037823200 -18.902608871 -0.387600452 -0.730934381 -0.281172901 0.486253738
1403638153295097088.000000 10.292903900 4.185880661 -18.828046799 -0.346542180 -0.755008280 -0.233241290 0.505439878
1403638153695097088.000000 9.882662773 4.289200306 -18.760879517 -0.288714916 -0.782054067 -0.212017804 0.509983838
1403638154145096960.000000 9.363059044 4.379461765 -18.705093384 -0.250818789 -0.783152997 -0.184701487 0.538188279
1403638154595097088.000000 8.840135574 4.413246155 -18.733551025 -0.246056765 -0.769391239 -0.190036908 0.558013678
1403638154945096960.000000 8.481339455 4.371104717 -18.719318390 -0.223619387 -0.787808537 -0.177709416 0.545684457
1403638155145096960.000000 8.279141426 4.321333885 -18.672878265 -0.202717274 -0.791235149 -0.167323962 0.552136958
1403638155345096960.000000 8.078895569 4.254457474 -18.636550903 -0.186626628 -0.789148271 -0.158750504 0.563217461
1403638155545096960.000000 7.885015011 4.166003227 -18.625190735 -0.165548861 -0.789589226 -0.146930441 0.572323143
1403638155745096960.000000 7.704132557 4.052937508 -18.634140015 -0.142618731 -0.788595736 -0.115403205 0.586906135
1403638156395097088.000000 7.212559223 3.618651628 -18.641090393 -0.032387055 -0.828579962 -0.008689249 0.558865666
1403638156595097088.000000 7.063290596 3.501181126 -18.639297485 -0.019646233 -0.831547797 0.003371392 0.555095494
1403638156995097088.000000 6.727855206 3.301937819 -18.689928055 -0.019184865 -0.832919955 0.001642103 0.553058326
1403638157195097088.000000 6.534495354 3.220023870 -18.696971893 -0.023927558 -0.837312758 -0.001509009 0.546198368
1403638157395097088.000000 6.324119091 3.145183802 -18.680500031 -0.019979874 -0.835446000 -0.003897230 0.549195409
1403638157845096960.000000 5.807712555 2.968815804 -18.668457031 0.037570745 -0.819997847 0.016331060 0.570898771
1403638158095097088.000000 5.517386913 2.853874922 -18.629068375 0.071794450 -0.818200290 0.052736700 0.567990065
1403638158395097088.000000 5.177810192 2.724586010 -18.617414474 0.087187566 -0.816459835 0.069889784 0.566486657
1403638158595097088.000000 4.955651283 2.643645763 -18.630723953 0.094712779 -0.814081848 0.061794564 0.569632888
1403638158995097088.000000 4.539366245 2.474063635 -18.632278442 0.080405079 -0.823624909 0.071187869 0.556874573
1403638159395097088.000000 4.100950718 2.320145369 -18.582302094 0.072898678 -0.826307178 0.072515741 0.553754270
1403638159845096960.000000 3.589456558 2.221276283 -18.487997055 0.052510601 -0.789929628 0.101789832 0.602405846
1403638160095097088.000000 3.377454758 2.246558666 -18.369295120 0.073241711 -0.793656051 0.075712025 0.599177361
1403638160495097088.000000 3.096584082 2.323128223 -18.067403793 0.083817922 -0.824233532 0.067736827 0.555900633
1403638160895097088.000000 2.797573566 2.389164209 -17.817155838 0.065778345 -0.813063800 0.076642357 0.573346674
1403638161095097088.000000 2.652931929 2.436977148 -17.715660095 0.035488855 -0.805195749 0.061638769 0.588728487
1403638161295097088.000000 2.533756971 2.502619743 -17.627323151 -0.002494289 -0.810564935 0.028206769 0.584963977
1403638161895097088.000000 2.214765310 2.738582850 -17.428600311 -0.074285135 -0.819476724 -0.017604476 0.568005145
1403638162295097088.000000 1.990383387 2.944402456 -17.321180344 -0.100612633 -0.820368350 -0.026846508 0.562274218
1403638163795097088.000000 1.302066207 4.247611523 -17.014204025 -0.172799781 -0.797455430 -0.101402052 0.569142103
1403638166195097088.000000 1.808622360 6.871757030 -16.783370972 -0.207448453 -0.792570233 -0.141445488 0.555689514
1403638166445096960.000000 1.982518792 7.102707386 -16.695543289 -0.200281829 -0.796189249 -0.142512888 0.552865267
1403638166695097088.000000 2.140302896 7.312481880 -16.584444046 -0.199502647 -0.796102524 -0.136985734 0.554666102
1403638167195097088.000000 2.399829388 7.748866558 -16.486204147 -0.214399576 -0.816080749 -0.109989494 0.525306821
1403638167445096960.000000 2.470706463 8.018706322 -16.407524109 -0.208745286 -0.813374937 -0.119008631 0.529795825
1403638167695097088.000000 2.502401352 8.305914879 -16.348188400 -0.220096022 -0.799091697 -0.113340765 0.547872484
1403638167895097088.000000 2.521350145 8.554113388 -16.329156876 -0.246372446 -0.787989855 -0.116438225 0.552100480
1403638168895097088.000000 2.692929745 10.038309097 -16.168310165 -0.312632591 -0.778204799 -0.216151431 0.499936730
1403638169145096960.000000 2.678432226 10.422304153 -16.196374893 -0.306374013 -0.770822585 -0.215264827 0.515391767
1403638169345096960.000000 2.648056269 10.727733612 -16.245531082 -0.319875598 -0.753003299 -0.198043108 0.539856195
1403638169745096960.000000 2.645400047 11.352541924 -16.339046478 -0.369961709 -0.716203034 -0.233680397 0.543668151
1403638169945096960.000000 2.700551510 11.652530670 -16.328731537 -0.389479160 -0.704638541 -0.285142690 0.520081043
1403638170145096960.000000 2.760393620 11.922046661 -16.299861908 -0.419557482 -0.675077200 -0.319298655 0.516033590
1403638170345096960.000000 2.824746132 12.154921532 -16.300619125 -0.464464158 -0.647475123 -0.331476420 0.505145907
1403638170545096960.000000 2.899555683 12.359126091 -16.321203232 -0.507312953 -0.619842112 -0.340446979 0.492468476
1403638170945096960.000000 3.133346796 12.699898720 -16.299755096 -0.562860191 -0.565284312 -0.380343407 0.467953950
1403638171145096960.000000 3.296479225 12.827927589 -16.301109314 -0.583126187 -0.542037904 -0.399369270 0.454602122
1403638171545096960.000000 3.683549404 12.978828430 -16.298603058 -0.601339161 -0.515260577 -0.412636012 0.450143635
1403638171745096960.000000 3.909912825 13.004007339 -16.315250397 -0.612002373 -0.497977257 -0.418384373 0.449918151
1403638171945096960.000000 4.166752815 12.989563942 -16.327074051 -0.619848490 -0.479912102 -0.427737027 0.450014830
1403638172345096960.000000 4.774771214 12.825635910 -16.326023102 -0.622739017 -0.477489740 -0.441396743 0.435164988
1403638172545096960.000000 5.096374035 12.666942596 -16.375541687 -0.620598674 -0.474867165 -0.441931129 0.440517068
1403638172745096960.000000 5.433916092 12.469969749 -16.457277298 -0.619209886 -0.474535346 -0.438173592 0.446541548
1403638172945096960.000000 5.791512966 12.220770836 -16.556428909 -0.619956434 -0.475975335 -0.430265963 0.451633543
1403638174095097088.000000 8.031188965 10.155034065 -17.471708298 -0.628485203 -0.507256866 -0.429422796 0.404095143
1403638174245096960.000000 8.312243462 9.844101906 -17.589014053 -0.631133258 -0.512798607 -0.427483141 0.394925982
1403638174445096960.000000 8.688777924 9.435654640 -17.769134521 -0.635689437 -0.520737469 -0.419149220 0.386064053
1403638174695097088.000000 9.164647102 8.957475662 -17.987836838 -0.637726903 -0.530629396 -0.413533568 0.375135690
1403638174995097088.000000 9.727039337 8.438114166 -18.197423935 -0.638895154 -0.539444625 -0.410233617 0.364034176
1403638175245096960.000000 10.171792984 8.070814133 -18.326938629 -0.637130439 -0.539007485 -0.416806817 0.360288471
1403638175445096960.000000 10.513901711 7.824094772 -18.394073486 -0.643190205 -0.546804011 -0.410186559 0.345048934
1403638175695097088.000000 10.924950600 7.599038601 -18.442808151 -0.654530883 -0.560481369 -0.391245753 0.323074013
1403638175945096960.000000 11.311009407 7.472413063 -18.499517441 -0.653752148 -0.568849266 -0.387758553 0.314105093
1403638176145096960.000000 11.602644920 7.450284958 -18.580270767 -0.631638706 -0.565164030 -0.418096423 0.326829493
1403638176595097088.000000 12.118484497 7.519022942 -18.649147034 -0.614652812 -0.545394361 -0.444457114 0.356657922
1403638176795097088.000000 12.291124344 7.557498455 -18.648290634 -0.615469754 -0.545862436 -0.443445593 0.355791062
1403638177195097088.000000 12.540033340 7.670546055 -18.597682953 -0.617455423 -0.548502147 -0.441781908 0.350318313
1403638177645096960.000000 12.699819565 7.817384720 -18.683822632 -0.628220916 -0.535150290 -0.429681838 0.366505325
1403638179195097088.000000 13.358718872 7.973397732 -18.909210205 -0.743564427 -0.374343097 -0.482260823 0.272770435
1403638179395097088.000000 13.490687370 7.954707146 -18.971199036 -0.752920091 -0.361180276 -0.489890784 0.250334322
1403638180045096960.000000 13.992182732 7.934220314 -19.091304779 -0.791906953 -0.243289858 -0.527292371 0.188828319
1403638180395097088.000000 14.283004761 7.914328575 -19.129055023 -0.801423907 -0.225250199 -0.525986493 0.174127489
1403638180645096960.000000 14.515667915 7.902020931 -19.182079315 -0.800296724 -0.232335657 -0.527245164 0.166005924
1403638181045096960.000000 14.924648285 7.916872025 -19.208316803 -0.801806629 -0.240618750 -0.518400192 0.174556434
1403638182145096960.000000 16.224733353 7.826121330 -19.350530624 -0.820878923 -0.106670745 -0.552911758 0.095224552
1403638182345096960.000000 16.447393417 7.757074356 -19.334224701 -0.828658700 -0.092342727 -0.543951631 0.094415538
1403638182595097088.000000 16.755653381 7.659933090 -19.301387787 -0.833450019 -0.102935188 -0.537111938 0.079222560
1403638183345096960.000000 17.809799194 7.440571785 -19.157390594 -0.821618855 -0.121686608 -0.551187873 0.079541221
1403638184595097088.000000 19.579446793 7.459973812 -19.087839127 -0.816919267 -0.120787546 -0.559058249 0.074211240
1403638184945096960.000000 20.051893234 7.563386917 -19.065895081 -0.814467847 -0.119758777 -0.562879801 0.073934868
1403638185345096960.000000 20.565813065 7.722495556 -19.018909454 -0.814233720 -0.126062527 -0.562843561 0.065870546
1403638185695097088.000000 20.978687286 7.923076630 -18.964908600 -0.798524797 -0.159202769 -0.574795246 0.081382878
1403638185995097088.000000 21.285308838 8.134358406 -18.921653748 -0.807467341 -0.151812911 -0.554423332 0.132530034
1403638188295097088.000000 23.117944717 9.872128487 -18.517608643 -0.732356131 -0.308537185 -0.571661174 0.204114825
1403638188695097088.000000 23.118928909 10.113307953 -18.543195724 -0.716731548 -0.289624155 -0.588911235 0.235791028
1403638189795097088.000000 22.469726562 10.248806000 -18.329957962 -0.731442273 -0.395781100 -0.482641697 0.274602622
1403638190595097088.000000 22.055360794 10.388343811 -18.304662704 -0.688421369 -0.420998961 -0.523889601 0.272718877
1403638190945096960.000000 21.780605316 10.450930595 -18.340354919 -0.693523705 -0.418638408 -0.505550623 0.296960086
1403638193545096960.000000 19.312915802 10.708360672 -17.744625092 -0.665591598 -0.425083041 -0.514046729 0.334736139
1403638195695097088.000000 17.180585861 9.398841858 -17.537908554 -0.699867129 -0.439563990 -0.471847355 0.307131112
1403638196995097088.000000 16.583477020 9.500043869 -17.528888702 -0.705687523 -0.440302640 -0.464415520 0.304067314
1403638197295097088.000000 16.516267776 9.609330177 -17.513957977 -0.694891691 -0.440530062 -0.480561882 0.303511202
1403638197645096960.000000 16.426261902 9.747015953 -17.417745590 -0.684533358 -0.441562772 -0.495140791 0.302112699
1403638197945096960.000000 16.319559097 9.860518456 -17.320884705 -0.681271255 -0.434357136 -0.498252243 0.314560205
1403638198395097088.000000 16.120719910 9.976553917 -17.393936157 -0.684378982 -0.435194850 -0.493395686 0.314311385
1403638198745096960.000000 15.929389954 10.025616646 -17.535621643 -0.663417876 -0.460164666 -0.519926429 0.278929770
1403638199195097088.000000 15.480832100 10.085467339 -17.603931427 -0.663151443 -0.459041268 -0.520409405 0.280509204
1403638199645096960.000000 14.785820961 10.147899628 -17.486831665 -0.659615517 -0.466845304 -0.520028710 0.276645929
1403638199795097088.000000 14.501976013 10.170132637 -17.424541473 -0.663253009 -0.468218833 -0.503238261 0.296003312
1403638199945096960.000000 14.204749107 10.192103386 -17.372098923 -0.667644918 -0.468545884 -0.488131642 0.310552031
1403638200095097088.000000 13.902190208 10.215459824 -17.331182480 -0.662293732 -0.477027714 -0.482427597 0.317923248
1403638200245096960.000000 13.594851494 10.239603996 -17.291824341 -0.642722964 -0.492088646 -0.486367762 0.328941256
1403638200395097088.000000 13.277687073 10.262434959 -17.240848541 -0.622157216 -0.506944954 -0.486143023 0.345821202
1403638200545096960.000000 12.950929642 10.280424118 -17.176795959 -0.605841994 -0.527292490 -0.484482139 0.346691817
1403638200695097088.000000 12.609599113 10.294028282 -17.099287033 -0.588909268 -0.548108280 -0.481169671 0.348193824
1403638200845096960.000000 12.251754761 10.303969383 -17.020694733 -0.581174374 -0.563070714 -0.471491247 0.350547820
1403638200995097088.000000 11.878198624 10.312823296 -16.956489563 -0.584895790 -0.562709749 -0.455794781 0.365384400
1403638201295097088.000000 11.118583679 10.324299812 -16.880550385 -0.591864407 -0.554563284 -0.442905128 0.382087946
1403638201445096960.000000 10.735842705 10.329599380 -16.866212845 -0.591917753 -0.554382801 -0.444662273 0.380221844
1403638201595097088.000000 10.354275703 10.333127975 -16.867853165 -0.590925038 -0.552500069 -0.448775619 0.379673213
1403638201745096960.000000 9.972880363 10.331662178 -16.886846542 -0.591844141 -0.549559176 -0.449843347 0.381242841
1403638201945096960.000000 9.464063644 10.318858147 -16.935625076 -0.591501415 -0.550191045 -0.448584825 0.382344931
1403638202145096960.000000 8.952495575 10.286080360 -16.977207184 -0.589468241 -0.557626307 -0.432639241 0.392941952
1403638202345096960.000000 8.450208664 10.239015579 -16.995594025 -0.593236983 -0.563201070 -0.414441913 0.398889005
1403638202545096960.000000 7.967040539 10.198252678 -17.011449814 -0.592845857 -0.566672921 -0.409137547 0.400027484
1403638202745096960.000000 7.505051136 10.164638519 -17.053588867 -0.594357014 -0.566965342 -0.406293571 0.400269330
1403638202945096960.000000 7.066021919 10.135927200 -17.110031128 -0.592808962 -0.565621495 -0.409787685 0.400903910
1403638203245096960.000000 6.445846081 10.089071274 -17.162034988 -0.587217391 -0.562947750 -0.418505758 0.403879285
1403638203545096960.000000 5.867197037 10.023637772 -17.187534332 -0.587476075 -0.559046268 -0.417190999 0.410232633
1403638203845096960.000000 5.332857132 9.937122345 -17.210269928 -0.588132977 -0.559807479 -0.415462285 0.410007834
1403638203995097088.000000 5.083030224 9.884652138 -17.200780869 -0.587461889 -0.560884595 -0.414619565 0.410350621
1403638204295097088.000000 4.615143299 9.767812729 -17.135984421 -0.599557400 -0.561578155 -0.394068629 0.412154019
1403638204495097088.000000 4.339244366 9.695312500 -17.076480865 -0.612988234 -0.557505071 -0.376126200 0.414683700
1403638204695097088.000000 4.102124691 9.636101723 -17.033548355 -0.606691122 -0.561057389 -0.376941234 0.418396890
1403638204895097088.000000 3.897118092 9.586937904 -17.016122818 -0.573568165 -0.590301156 -0.384575665 0.417930365
1403638205095097088.000000 3.700459480 9.543949127 -17.022487640 -0.524287403 -0.631923139 -0.370848656 0.433897644
1403638205295097088.000000 3.497739315 9.500328064 -17.023715973 -0.461083114 -0.676702678 -0.331620842 0.468512088
1403638205495097088.000000 3.292221785 9.454103470 -16.992708206 -0.388520688 -0.713729978 -0.298374265 0.500613689
1403638205695097088.000000 3.090843439 9.390252113 -16.933965683 -0.332819402 -0.732827604 -0.296997130 0.513797402
1403638205895097088.000000 2.877032518 9.288993835 -16.855031967 -0.300056636 -0.745804489 -0.282178104 0.523562133
1403638206095097088.000000 2.645012856 9.143031120 -16.757183075 -0.269389242 -0.760268748 -0.247230142 0.536934018
1403638206295097088.000000 2.408276320 8.960106850 -16.651123047 -0.236255363 -0.769167662 -0.216880977 0.552745163
1403638206495097088.000000 2.177410603 8.752109528 -16.568756104 -0.224625170 -0.769310951 -0.185263246 0.568666637
1403638206895097088.000000 1.777160168 8.291804314 -16.486942291 -0.204222634 -0.771700442 -0.160378158 0.580560565
1403638207095097088.000000 1.612889767 8.048980713 -16.485160828 -0.197121471 -0.768487990 -0.154958725 0.588691115
1403638207295097088.000000 1.478741288 7.796961308 -16.514545441 -0.188867211 -0.768246412 -0.147903204 0.593507588
1403638207495097088.000000 1.376834869 7.530672550 -16.561195374 -0.161808968 -0.770095229 -0.129539654 0.603316486
1403638207695097088.000000 1.317213774 7.253025055 -16.588165283 -0.138049588 -0.786320686 -0.101057418 0.593657792
1403638207895097088.000000 1.290334344 6.980445385 -16.584119797 -0.130249321 -0.799507201 -0.080151059 0.580860794
1403638208095097088.000000 1.279298425 6.723320961 -16.559299469 -0.127518326 -0.802432358 -0.077158384 0.577830553
1403638208295097088.000000 1.282646894 6.481432915 -16.554042816 -0.128424257 -0.795897841 -0.078727238 0.586392343
1403638208545096960.000000 1.306663036 6.194030762 -16.580986023 -0.125386551 -0.803560853 -0.075071506 0.577003062
1403638208795097088.000000 1.346734047 5.921712399 -16.578388214 -0.102995403 -0.806958020 -0.056560673 0.578801990
1403638209045096960.000000 1.400768638 5.672405243 -16.570272446 -0.087655924 -0.806574583 -0.049276140 0.582516789
1403638209295097088.000000 1.471766114 5.440883636 -16.603822708 -0.084504537 -0.807283401 -0.043560281 0.582455933
1403638209545096960.000000 1.553043365 5.229547024 -16.676843643 -0.084842801 -0.805071235 -0.041143946 0.585635662
1403638209795097088.000000 1.643803954 5.039745808 -16.840274811 -0.085103229 -0.805168569 -0.044085696 0.585250020
1403638210045096960.000000 1.748854399 4.865619659 -17.082649231 -0.081292003 -0.797677636 -0.051259138 0.595377684
1403638210295097088.000000 1.886392593 4.698520660 -17.309635162 -0.081783958 -0.790619135 -0.050523005 0.604714930
1403638210545096960.000000 2.074528217 4.536528111 -17.525072098 -0.082511984 -0.790725768 -0.050333042 0.604492486
1403638210795097088.000000 2.303991556 4.380596161 -17.760759354 -0.084680632 -0.788780272 -0.048962221 0.606842339
1403638211045096960.000000 2.580272436 4.233212471 -17.963993073 -0.087387063 -0.796754301 -0.043946922 0.596334517
1403638211295097088.000000 2.877408504 4.102903366 -18.117162704 -0.088985473 -0.802399397 -0.041200392 0.588676035
1403638211545096960.000000 3.186159372 3.997800589 -18.255664825 -0.111448526 -0.801011562 -0.055181898 0.585589290
1403638211795097088.000000 3.513099909 3.915878057 -18.426282883 -0.164891675 -0.791601539 -0.079840980 0.582926393
1403638212045096960.000000 3.855990648 3.866463423 -18.585041046 -0.227158025 -0.778272927 -0.112641625 0.574458182
1403638212295097088.000000 4.215913773 3.852134705 -18.692668915 -0.275747269 -0.762588024 -0.157736570 0.563508868
1403638212545096960.000000 4.595574379 3.855103254 -18.748439789 -0.325121194 -0.743241131 -0.196161315 0.550826311
1403638212795097088.000000 4.995163918 3.866210461 -18.757799149 -0.375652641 -0.721161842 -0.232887775 0.533454776
1403638213045096960.000000 5.412512302 3.883623123 -18.731698990 -0.431689084 -0.691715002 -0.269889086 0.512186289
1403638213295097088.000000 5.842228889 3.910775900 -18.700124741 -0.499062777 -0.658243060 -0.289958268 0.483297586
1403638213445096960.000000 6.106697559 3.937673330 -18.700376511 -0.542334080 -0.635197818 -0.293045282 0.465319157
1403638213645096960.000000 6.479367733 3.999187469 -18.712882996 -0.569057822 -0.604864180 -0.326949686 0.451017171
1403638213945096960.000000 7.061153412 4.120201111 -18.702035904 -0.562042415 -0.592471898 -0.376480281 0.437433332
1403638214145096960.000000 7.444105625 4.197207451 -18.670314789 -0.566656351 -0.600800037 -0.369171947 0.426206589
1403638214545096960.000000 8.180380821 4.387430191 -18.616415024 -0.561018825 -0.615913153 -0.357664973 0.421882242
1403638215245096960.000000 9.386551857 4.764005661 -18.719142914 -0.536962807 -0.613290966 -0.371126354 0.444758803
1403638215745096960.000000 10.135739326 4.965558052 -18.808591843 -0.533111036 -0.615728974 -0.377211869 0.440887541
1403638215995097088.000000 10.470713615 5.048995018 -18.842838287 -0.541937888 -0.608414650 -0.379354924 0.438434601
1403638216495097088.000000 11.082156181 5.160871029 -18.898111343 -0.544082880 -0.602177441 -0.390713632 0.434395045
1403638219345096960.000000 12.399381638 4.787962914 -18.990242004 -0.602798998 -0.541420698 -0.432359487 0.395679563
1403638221595097088.000000 12.431170464 3.686820984 -19.090431213 -0.620303929 -0.542073727 -0.420343429 0.380382001
1403638222095097088.000000 12.431434631 3.479258299 -19.105108261 -0.613167346 -0.543013275 -0.429220289 0.380699873
1403638222395097088.000000 12.429280281 3.363263130 -19.099912643 -0.621278107 -0.549372315 -0.418380320 0.370353103
1403638222895097088.000000 12.420507431 3.233777285 -19.162685394 -0.610311985 -0.539257646 -0.433424413 0.385828823
1403638223245096960.000000 12.402734756 3.148689747 -19.195280075 -0.622556746 -0.544981360 -0.416377991 0.376892179
1403638223545096960.000000 12.393405914 3.081157684 -19.199701309 -0.628719270 -0.531792343 -0.407544583 0.394736022
1403638223795097088.000000 12.410104752 3.031544924 -19.215368271 -0.617508709 -0.542297900 -0.424994826 0.379440993
1403638224045096960.000000 12.424063683 2.982171059 -19.242254257 -0.613738239 -0.548737764 -0.429999799 0.370556951
1403638224295097088.000000 12.425105095 2.944123268 -19.274909973 -0.621421635 -0.553470969 -0.418341100 0.363999635
1403638224595097088.000000 12.412016869 2.933264256 -19.318294525 -0.613424063 -0.537713647 -0.430489928 0.386333138
1403638224945096960.000000 12.394926071 2.925433397 -19.366247177 -0.622025669 -0.540603042 -0.417481571 0.382807553
1403638225245096960.000000 12.391146660 2.933487177 -19.360305786 -0.617950320 -0.543466330 -0.420269936 0.382302046
1403638225495097088.000000 12.391540527 2.945191145 -19.361127853 -0.609401584 -0.543269396 -0.431351364 0.383958429
1403638225745096960.000000 12.380818367 2.951629877 -19.402242661 -0.598076940 -0.535931349 -0.446903557 0.394155920
1403638225995097088.000000 12.354345322 2.934581995 -19.486064911 -0.617289245 -0.552747190 -0.419577479 0.370647043
1403638226145096960.000000 12.324155807 2.918405056 -19.602787018 -0.628993511 -0.535820246 -0.397429943 0.399140686
1403638226345096960.000000 12.305978775 2.882298470 -19.801725388 -0.616744280 -0.564734459 -0.420105934 0.352437943
1403638226745096960.000000 12.310962677 2.808053255 -20.120172501 -0.616848886 -0.564038873 -0.419943810 0.353560269
1403638227195097088.000000 12.254287720 2.739465714 -20.465997696 -0.617827773 -0.563476026 -0.418981969 0.353889376
1403638227695097088.000000 12.119357109 2.689946175 -20.832981110 -0.617936492 -0.563199282 -0.418803245 0.354351401
1403638228045096960.000000 11.978917122 2.672176838 -21.080936432 -0.618094087 -0.563099444 -0.418809056 0.354228437
1403638228545096960.000000 11.711933136 2.669657946 -21.423078537 -0.617834568 -0.563491285 -0.418434143 0.354501009
1403638228795097088.000000 11.550253868 2.679404736 -21.590461731 -0.617946208 -0.563445389 -0.418376178 0.354447812
