1403636579963555584.000000 -0.355030924 0.766959310 0.095663950 -0.594250083 -0.562216222 -0.398302376 0.414891511
1403636582863555584.000000 -0.359120190 0.772319674 0.258003116 -0.604396403 -0.551904142 -0.415800899 0.396505386
1403636585513555456.000000 -0.339698136 0.790408909 0.167121813 -0.602715671 -0.553891838 -0.435451090 0.374593019
1403636588313555456.000000 -0.008569479 0.744472504 0.075276330 -0.703088343 -0.582345605 -0.296132445 0.280795306
1403636591113555456.000000 -0.325486988 0.689726353 0.095463246 -0.671208441 -0.614092290 -0.281910747 0.304788768
1403636594013555456.000000 -0.385548472 0.604430079 0.033229649 -0.692609072 -0.578915656 -0.284496069 0.322818041
1403636594463555584.000000 -0.132363856 0.662001312 0.030791806 -0.738627970 -0.513693333 -0.343117297 0.269848794
1403636596113555456.000000 -0.226276636 0.636675417 -0.015408734 -0.677883863 -0.591673017 -0.314160287 0.302819759
1403636596313555456.000000 -0.238350302 0.567831278 -0.006913686 -0.692731500 -0.573434174 -0.319429964 0.298765510
1403636596563555584.000000 -0.333336949 0.479462743 0.022764813 -0.683195949 -0.575652599 -0.330770940 0.304069132
1403636597063555584.000000 -0.359917641 0.543131351 0.023734303 -0.674081624 -0.587565064 -0.336476952 0.295236677
1403636599863555584.000000 -0.297590047 0.926920533 -0.202546388 -0.527329683 -0.601123989 -0.372322410 0.471115083
1403636602513555456.000000 -0.302308202 0.920751512 -0.201642692 -0.530623674 -0.594475687 -0.371083468 0.476795942
1403636605013555456.000000 -0.302389443 0.920776129 -0.201767132 -0.530442536 -0.594608366 -0.371384442 0.476597548
1403636607613555456.000000 -0.302408755 0.920654774 -0.201763660 -0.530451834 -0.594566047 -0.371393323 0.476633012
1403636610163555584.000000 -0.302110791 0.920689344 -0.201869473 -0.531115532 -0.593857586 -0.370362073 0.477578759
1403636612763555584.000000 -0.301510453 0.920501173 -0.201944992 -0.530871332 -0.594148695 -0.370761991 0.477177560
1403636615363555584.000000 -0.301732689 0.920601964 -0.202041164 -0.530392706 -0.594391346 -0.371632487 0.476730317
1403636617913555456.000000 -0.301680267 0.920804322 -0.202217683 -0.530424058 -0.594323337 -0.371522158 0.476866215
1403636620463555584.000000 -0.301865816 0.920204580 -0.201769397 -0.530378520 -0.594536662 -0.371773750 0.476454675
1403636623063555584.000000 -0.295850515 0.913408041 -0.165096164 -0.532091379 -0.595921993 -0.369290173 0.474742651
1403636624863555584.000000 -0.265140414 0.932704985 -0.233984500 -0.536614180 -0.609048605 -0.379575759 0.443877518
1403636627663555584.000000 -0.136698604 0.895908594 0.201562673 -0.537047565 -0.616565287 -0.370828718 0.440355927
1403636629913555456.000000 0.383568257 1.161736727 0.230057150 -0.659822106 -0.508067071 -0.431492299 0.346867472
1403636632713555456.000000 1.365483403 2.213926792 0.141706437 -0.662725449 -0.501332223 -0.431929827 0.350567698
1403636633013555456.000000 1.425922990 2.354489088 0.122225672 -0.615780652 -0.546014249 -0.425900459 0.375887543
1403636635713555456.000000 2.106272221 4.097592354 0.072008401 -0.584191442 -0.581839800 -0.388226002 0.411659420
1403636638413555456.000000 2.569266796 5.671833992 0.373006850 -0.576303899 -0.588376343 -0.386039704 0.415524423
1403636638813555456.000000 2.605417728 5.884374142 0.334157139 -0.577984512 -0.596019924 -0.381830633 0.406078279
1403636641513555456.000000 3.242289305 7.425288200 0.165745392 -0.542607546 -0.608134449 -0.379903406 0.437519193
1403636643213555456.000000 3.512187719 7.759251118 0.143469259 -0.581115544 -0.575110137 -0.404232889 0.410059750
1403636643713555456.000000 3.600328207 7.864226818 0.171738237 -0.587957859 -0.588037968 -0.388417244 0.397050321
1403636645663555584.000000 4.242133141 8.900098801 -0.118805468 -0.589119077 -0.586988688 -0.394521236 0.390814573
1403636646863555584.000000 4.812441826 9.938617706 0.028325485 -0.656394839 -0.468241811 -0.476075768 0.351065993
1403636647213555456.000000 4.989812851 10.136215210 0.119897678 -0.665536940 -0.472911716 -0.466985554 0.339616805
1403636647513555456.000000 5.135272026 10.285874367 0.142174423 -0.661171198 -0.469886094 -0.467141032 0.351907849
1403636649263555584.000000 6.066389084 10.505766869 0.086801246 -0.744421065 -0.322868586 -0.534594297 0.236224905
1403636651713555456.000000 6.703762054 9.950965881 0.461582124 -0.784253418 -0.201332241 -0.566202879 0.154357195
1403636652013555456.000000 6.686557770 9.833922386 0.448339105 -0.789369941 -0.160086855 -0.573247731 0.150513992
1403636654563555584.000000 6.728155613 8.570511818 0.347110122 0.813405395 -0.011236263 0.581517875 0.009077437
1403636655113555456.000000 6.638730526 8.361831665 0.371124774 0.807154775 -0.056724437 0.586295068 0.039264310
1403636655363555584.000000 6.592169285 8.273170471 0.340015799 0.799808323 -0.067803942 0.594994843 0.041115604
1403636656713555456.000000 6.054091930 7.713002205 0.297566622 0.799204409 -0.172761232 0.564180374 0.114570096
1403636657013555456.000000 5.963078976 7.553374767 0.298301429 0.787232339 -0.162026599 0.583647609 0.115621164
1403636658713555456.000000 5.122881413 6.513291359 0.111524202 0.807359099 -0.167494416 0.548918188 0.137134477
1403636659163555584.000000 4.998639584 6.231684208 0.008735126 0.790913105 -0.167957127 0.572412848 0.136347294
1403636659463555584.000000 4.906858444 6.093812943 -0.056073353 0.800034225 -0.169867530 0.559966266 0.132394150
1403636660863555584.000000 4.724827766 5.772776604 -0.435161531 0.800092041 -0.164982364 0.555294216 0.155826315
1403636661163555584.000000 4.786079407 5.777297974 -0.574013829 0.793640137 -0.171645552 0.565167189 0.145805463
1403636661663555584.000000 4.863931656 5.878266811 -0.722521365 0.793960452 -0.178637967 0.565532684 0.133746132
1403636662163555584.000000 4.864824295 6.029252529 -0.703190744 0.788830996 -0.181902111 0.573718667 0.124515474
1403636662663555584.000000 4.804778576 6.194167614 -0.702905893 0.804079831 -0.189010277 0.549964428 0.123571396
1403636664763555584.000000 5.442900658 6.627633572 -1.134297132 0.795976520 -0.152746499 0.572612822 0.123306923
1403636667463555584.000000 6.659999371 8.040980339 -1.044869184 0.801348567 -0.141177073 0.570891857 0.109508179
1403636667863555584.000000 6.802848816 8.191030502 -1.064961433 0.810585737 -0.154642150 0.557586849 0.090186261
1403636668663555584.000000 7.133473396 8.424993515 -1.173967361 0.808698475 -0.156865492 0.554447472 0.118270427
1403636669063555584.000000 7.344380379 8.569442749 -1.244509816 0.796902895 -0.150498912 0.569710314 0.133139595
1403636669463555584.000000 7.534366608 8.792658806 -1.257943034 0.791687965 -0.158769786 0.576484382 0.125252724
1403636669863555584.000000 7.662980080 9.067808151 -1.315633655 0.775358796 -0.165701374 0.600047588 0.106323481
1403636670313555456.000000 7.651726246 9.335382462 -1.280404210 0.772445321 -0.193478853 0.603677213 0.038314603
1403636670813555456.000000 7.392262459 9.335314751 -1.209839344 0.786186218 -0.133663580 0.602547109 -0.031340547
1403636672763555584.000000 6.010442257 7.195693493 -0.590769112 -0.814801335 -0.111936994 -0.566191673 0.054736674
1403636674363555584.000000 6.277609825 7.388033390 -0.711005151 -0.804227054 -0.171697825 -0.556214809 0.119848974
1403636677263555584.000000 7.439970493 9.383826256 -1.267996311 -0.699263334 -0.425821304 -0.498107225 0.285650641
1403636677863555584.000000 7.483803749 9.835078239 -1.301233888 -0.659410179 -0.472844958 -0.461301893 0.358882219
1403636680613555456.000000 7.297175884 10.384487152 -0.963114738 -0.381085813 -0.718259573 -0.329775900 0.479713082
1403636682863555584.000000 6.011339664 9.231496811 -0.883358300 -0.405262649 -0.705037534 -0.302916765 0.496916294
1403636684263555584.000000 5.280148029 8.337740898 -0.961288571 -0.400444955 -0.710979223 -0.284508824 0.503196955
1403636686863555584.000000 4.371973038 6.569491863 -1.035645247 -0.408835411 -0.710981309 -0.283162028 0.497170538
1403636689263555584.000000 3.749253750 5.377350807 -1.397275805 -0.383324981 -0.730604768 -0.263619155 0.499783486
1403636689863555584.000000 3.530684948 5.162053108 -1.273402333 -0.394867033 -0.736057937 -0.232908905 0.498048365
1403636690163555584.000000 3.437477827 5.140284061 -1.235206604 -0.396183997 -0.732847273 -0.238080919 0.499290079
1403636690413555456.000000 3.369698286 5.171287060 -1.193400383 -0.390526563 -0.736075759 -0.249193475 0.493542492
1403636690663555584.000000 3.296923876 5.236120701 -1.155652165 -0.399896055 -0.725425959 -0.236480922 0.507855535
1403636691113555456.000000 3.252194405 5.434227943 -1.202598095 -0.402772814 -0.682835162 -0.228037864 0.565251350
1403636692113555456.000000 3.880143642 5.763304234 -1.001172900 -0.368853211 -0.719699740 -0.259060442 0.528078914
1403636694263555584.000000 4.667328358 6.022917747 -0.429621965 -0.365120590 -0.726683855 -0.262680113 0.519246459
1403636694663555584.000000 4.670795918 6.127610683 -0.404993266 -0.368912935 -0.733361959 -0.259011567 0.508917034
1403636695463555584.000000 4.723292351 6.331104279 -0.424506217 -0.375980973 -0.726468325 -0.265297949 0.510391176
1403636698413555456.000000 4.445763111 6.151912212 -0.419281274 -0.474266827 -0.668608367 -0.338290572 0.462161720
1403636701163555584.000000 4.151368618 5.521284103 -0.880695581 -0.738755882 -0.371689647 -0.496760875 0.263278097
1403636701663555584.000000 4.287066460 5.453031063 -0.840752602 -0.724178314 -0.382001579 -0.504966676 0.273220122
1403636704563555584.000000 5.359589100 5.428544044 -1.308970571 -0.771450222 -0.308788508 -0.516736567 0.206149533
1403636704913555456.000000 5.535005569 5.487089634 -1.333809257 -0.780748010 -0.316922843 -0.500265479 0.199315965
1403636705363555584.000000 5.816537857 5.677253246 -1.415766954 -0.760958016 -0.316235363 -0.526880741 0.208170265
1403636706013555456.000000 6.227743149 6.102218628 -1.507147789 -0.760812759 -0.301902831 -0.526892543 0.228916809
1403636706313555456.000000 6.427075386 6.297001362 -1.519995451 -0.755297422 -0.308656305 -0.532236218 0.225791648
1403636707113555456.000000 6.901772976 6.787503242 -1.576188564 -0.760899246 -0.315598965 -0.528693020 0.204727247
1403636707413555456.000000 7.062704086 7.005375385 -1.534358263 -0.765116751 -0.309895992 -0.528343141 0.198530585
1403636710013555456.000000 8.246282578 8.949154854 -1.669781208 -0.757608175 -0.306429684 -0.542190075 0.195347339
1403636710463555584.000000 8.245706558 9.293519020 -1.731913328 -0.755389214 -0.303904504 -0.532831073 0.230478078
1403636713213555456.000000 7.265219688 10.074298859 -1.494102955 -0.676548183 -0.435887277 -0.498984665 0.321401745
1403636716013555456.000000 6.103046417 9.005334854 -1.109371305 -0.612153172 -0.511657238 -0.461781651 0.387599051
1403636718813555456.000000 5.377552986 7.688148022 -1.260722995 -0.476750165 -0.661687255 -0.321733177 0.481006384
1403636721713555456.000000 4.853886604 6.491590023 -1.377425432 -0.547859907 -0.600910664 -0.386602104 0.435080260
1403636724613555456.000000 4.716653824 5.390906811 -1.396900177 -0.637621820 -0.508549035 -0.453672469 0.359162569
1403636727163555584.000000 4.534587383 4.857399940 -0.913873136 -0.624995947 -0.516302347 -0.453370154 0.370496362
1403636729963555584.000000 3.860227585 3.867087603 -0.429346770 -0.591794252 -0.565594256 -0.420494020 0.391238481
1403636732763555584.000000 3.466300726 3.173481464 -0.555705369 -0.571246088 -0.562212288 -0.441919386 0.402867854
1403636735613555456.000000 2.590121984 1.989715219 -0.252915949 -0.593638897 -0.567107022 -0.408389568 0.398999244
1403636738413555456.000000 1.869369030 1.574991822 0.127273351 -0.560769558 -0.600789726 -0.376341850 0.427733660
1403636741313555456.000000 2.292870283 1.510618567 -0.466762394 -0.700904846 -0.406733274 -0.504983783 0.297139645
1403636743963555584.000000 2.674685240 1.751013398 -1.163598537 -0.717253625 -0.388936728 -0.505169213 0.281210870
1403636746813555456.000000 3.068087339 2.188995838 -1.926460505 -0.748773634 -0.361474633 -0.490976006 0.260032088
1403636749313555456.000000 3.003094673 2.722036600 -1.375457764 -0.742894530 -0.326497197 -0.522653759 0.261420131
1403636749813555456.000000 3.060525417 2.730027199 -1.234303474 -0.730759859 -0.340750605 -0.538394928 0.244969636
1403636750863555584.000000 2.944505692 2.653955221 -0.944069266 -0.725975811 -0.365349203 -0.521812797 0.259211212
1403636752363555584.000000 2.775442123 2.594565392 -0.273915291 -0.713630676 -0.390787125 -0.506355822 0.285692871
1403636754863555584.000000 2.322433949 2.469653606 0.015714489 -0.544690609 -0.599440098 -0.406368852 0.422904283
1403636757263555584.000000 0.918654442 1.596738338 0.150119379 -0.530845284 -0.614688993 -0.383573353 0.439581782
1403636757613555456.000000 0.710154891 1.407224178 0.123050258 -0.528237760 -0.629701018 -0.374793202 0.428919047
1403636758013555456.000000 0.441595674 1.230015635 0.199266881 -0.520028770 -0.645354450 -0.353700846 0.433570683
1403636758513555456.000000 0.106762983 1.073561072 0.261849880 -0.525731981 -0.639495313 -0.338267267 0.447467208
1403636758863555584.000000 -0.086174026 1.013154507 0.236940324 -0.523926198 -0.632973552 -0.344195336 0.454285741
1403636759363555584.000000 -0.260408163 0.998583734 0.146549970 -0.528847754 -0.612627625 -0.333957583 0.483197540
1403636759713555456.000000 -0.289733291 0.965825677 0.067657940 -0.508401453 -0.631942689 -0.360991925 0.460283875
1403636760013555456.000000 -0.295684129 0.930901170 0.050366089 -0.512583017 -0.639633000 -0.354042113 0.450313836
1403636760413555456.000000 -0.304645628 0.878658772 0.024120666 -0.509179771 -0.633432865 -0.360899627 0.457438856
1403636760713555456.000000 -0.304312617 0.844079435 -0.037056558 -0.510801554 -0.645280480 -0.357517421 0.441447794
1403636761013555456.000000 -0.319679499 0.808463573 -0.072900757 -0.506192029 -0.644955337 -0.361647964 0.443861574
1403636761363555584.000000 -0.363377899 0.777228177 -0.096996307 -0.520623267 -0.655677736 -0.339219660 0.428915292
1403636761663555584.000000 -0.422456503 0.792748094 -0.090542808 -0.511011958 -0.637745798 -0.356129706 0.453121066
1403636762013555456.000000 -0.463118285 0.815298557 -0.061751969 -0.515124142 -0.633791268 -0.353321582 0.456201434
1403636762313555456.000000 -0.481247067 0.835617006 -0.018395964 -0.510057032 -0.653989255 -0.362717837 0.424941897
1403636762513555456.000000 -0.514900923 0.856830180 -0.007524792 -0.526978910 -0.643685937 -0.339542001 0.438945144
1403636762713555456.000000 -0.548175514 0.889909506 -0.028409066 -0.531228900 -0.622233927 -0.332937717 0.468799770
1403636762913555456.000000 -0.563246667 0.923699796 -0.039497785 -0.515146792 -0.621051788 -0.360988200 0.467553258
1403636763113555456.000000 -0.586709261 0.969228983 0.042811893 -0.555409312 -0.609927893 -0.354620278 0.440173715
1403636763263555584.000000 -0.612807512 1.043402195 0.165205389 -0.558202684 -0.602069557 -0.359677941 0.443343937
1403636763513555456.000000 -0.657026947 1.171255589 0.383837909 -0.557504833 -0.597537100 -0.365457565 0.445621490
1403636763713555456.000000 -0.695590377 1.281350017 0.552781284 -0.558088958 -0.597726524 -0.364829481 0.445150703
