1403636859051666432.000000 6.370594025 -19.714420319 -1.645459175 -0.612089574 -0.533537328 -0.412865430 0.412584901
1403636861901666560.000000 6.451347351 -19.722978592 -1.419394135 -0.633641422 -0.531538427 -0.422824979 0.370384276
1403636864651666432.000000 6.445216656 -19.718755722 -1.196435690 -0.640688300 -0.510494053 -0.436979473 0.371434242
1403636866201666560.000000 6.433630943 -19.710594177 -1.175262928 -0.627757013 -0.497352421 -0.453567147 0.390945643
1403636868851666432.000000 6.380620956 -19.846611023 -1.436320901 -0.731619596 -0.581609547 -0.263625056 0.238673285
1403636871451666432.000000 6.808205128 -19.822584152 -1.460668564 -0.760978341 -0.531714797 -0.293699294 0.227886319
1403636873951666432.000000 6.821891308 -19.814567566 -1.492568731 -0.766734540 -0.535057306 -0.274311006 0.224911854
1403636876101666560.000000 6.412627220 -19.993244171 -1.507530928 -0.837186158 -0.390959889 -0.316248566 0.215073392
1403636876201666560.000000 6.456994057 -20.017297745 -1.502750397 -0.843885183 -0.370659888 -0.329991281 0.203898787
1403636876351666432.000000 6.535252571 -20.028692245 -1.501948833 -0.854681611 -0.349012971 -0.335054725 0.188275248
1403636876501666560.000000 6.627557278 -20.009466171 -1.504223108 -0.859546900 -0.340349793 -0.340029746 0.172397748
1403636876601666560.000000 6.689172745 -19.979084015 -1.503124833 -0.853877127 -0.343270779 -0.352434635 0.169849887
1403636878201666560.000000 6.315582752 -19.833120346 -1.525612354 -0.743634939 -0.551803946 -0.263754368 0.270098448
1403636879051666432.000000 6.755630016 -19.900026321 -1.501716614 -0.813715696 -0.426161259 -0.338513017 0.204113543
1403636879251666432.000000 6.808139801 -19.817901611 -1.487375855 -0.800845981 -0.429320663 -0.353981763 0.221419066
1403636879351666432.000000 6.811104298 -19.771976471 -1.479764462 -0.788840771 -0.439511210 -0.361179411 0.232614577
1403636880951666432.000000 6.382578373 -20.029653549 -1.412021875 -0.775133789 -0.481376886 -0.329734743 0.242320031
1403636881151666432.000000 6.312997341 -20.000774384 -1.408226371 -0.748857915 -0.502987564 -0.336469442 0.270191908
1403636881301666560.000000 6.277547359 -19.953113556 -1.404908895 -0.725571156 -0.527995884 -0.327974111 0.295296222
1403636882301666560.000000 6.636408329 -19.720825195 -1.462804914 -0.710154295 -0.533475041 -0.361657679 0.283353299
1403636885001666560.000000 6.518147469 -19.586799622 -1.687802434 -0.532292962 -0.592718065 -0.379674554 0.470315605
1403636887501666560.000000 6.518079281 -19.586912155 -1.687928557 -0.532258153 -0.592679977 -0.379806101 0.470296830
1403636890001666560.000000 6.517983913 -19.587148666 -1.688064098 -0.532194495 -0.592409909 -0.380027980 0.470529854
1403636892501666560.000000 6.518203259 -19.586990356 -1.687924027 -0.532006919 -0.592121303 -0.380356759 0.470839351
1403636895001666560.000000 6.518206596 -19.587131500 -1.687814474 -0.532273889 -0.592138290 -0.379953474 0.470841855
1403636897951666432.000000 6.587052345 -19.670808792 -1.642170429 -0.555989623 -0.625077665 -0.368431807 0.405476928
1403636900701666560.000000 6.894704819 -19.303468704 -1.281760693 -0.609638989 -0.557610989 -0.410854280 0.385498464
1403636901501666560.000000 7.171041012 -19.131895065 -1.260264158 -0.606590450 -0.553687990 -0.409874231 0.396838576
1403636903801666560.000000 8.196578026 -18.623245239 -1.294811606 -0.604834318 -0.562938511 -0.407090366 0.389298230
1403636905801666560.000000 9.069535255 -18.097934723 -1.041636467 -0.598113239 -0.567877054 -0.417225838 0.381705195
1403636906751666432.000000 9.273138046 -17.711652756 -1.059790254 -0.598139107 -0.562632740 -0.405592412 0.401458383
1403636908351666432.000000 9.697064400 -16.834306717 -1.007810473 -0.581984580 -0.577080846 -0.406047493 0.404224008
1403636908701666560.000000 9.813368797 -16.613840103 -1.023947597 -0.580389798 -0.583694518 -0.398717135 0.404318094
1403636909451666432.000000 10.063286781 -16.080173492 -0.929230213 -0.586779714 -0.583734214 -0.388998926 0.404504389
1403636910651666432.000000 10.433871269 -15.206633568 -1.077511430 -0.577180207 -0.585368693 -0.402335674 0.402905166
1403636912001666560.000000 10.668959618 -14.435125351 -1.108559132 -0.588385522 -0.576862097 -0.388662457 0.412279308
1403636913001666560.000000 10.953189850 -13.884367943 -1.202501297 -0.585146606 -0.569996774 -0.399768740 0.415803075
1403636913301666560.000000 11.080667496 -13.742681503 -1.264874220 -0.577090323 -0.571757019 -0.410422385 0.414263546
1403636916051666432.000000 12.217303276 -12.744835854 -1.222599864 -0.584432244 -0.570832312 -0.405848980 0.409726918
1403636919001666560.000000 12.701397896 -12.090339661 -1.257251382 -0.677306831 -0.455083549 -0.459480286 0.350759655
1403636921751666432.000000 13.039565086 -12.449808121 -1.055029154 -0.699844301 -0.441660345 -0.462932348 0.317565411
1403636923801666560.000000 13.216082573 -12.763687134 -1.318080544 -0.752416968 -0.368420959 -0.492762029 0.235202864
1403636925951666432.000000 14.023674011 -12.259137154 -1.535709381 -0.757329941 -0.348128796 -0.508309722 0.216515571
1403636928551666432.000000 15.527174950 -11.567156792 -1.802690744 -0.780046523 -0.227536738 -0.557539821 0.170011178
1403636931151666432.000000 16.936285019 -11.282645226 -1.598757029 -0.783746481 -0.200523779 -0.559452713 0.180400461
1403636933701666560.000000 16.466859818 -12.023365974 -1.498751521 -0.813948095 -0.115084812 -0.563431442 0.082395159
1403636934451666432.000000 16.151397705 -12.157054901 -1.536993384 -0.813518226 -0.018597296 -0.580143154 0.035723709
1403636937201666560.000000 15.309436798 -13.112241745 -1.495045900 0.816667378 -0.053769965 0.573636770 0.033226177
1403636938101666560.000000 15.261860847 -13.370501518 -1.611329436 0.799004078 -0.049619928 0.596207619 0.060553506
1403636938901666560.000000 14.994957924 -13.515028954 -1.708476901 0.810692132 -0.100769818 0.575720549 0.034198560
1403636939551666432.000000 14.703132629 -13.812024117 -1.735782862 0.806433916 -0.080923989 0.583942831 0.046112575
1403636940001666560.000000 14.457691193 -14.017311096 -1.723058343 0.801115572 -0.086657867 0.590699852 0.042167395
1403636941251666432.000000 13.608372688 -14.697892189 -1.781407833 0.812324226 -0.112045281 0.568094313 0.069599651
1403636941651666432.000000 13.380381584 -14.920362473 -1.739129424 0.808986485 -0.100344151 0.575312376 0.066990048
1403636944351666432.000000 11.939816475 -16.358249664 -1.885730982 0.832783818 -0.087709069 0.543986082 0.053454701
1403636947251666432.000000 11.284475327 -16.539127350 -2.297164202 0.825637400 -0.095735490 0.554928303 0.034815747
1403636948551666432.000000 11.552898407 -16.727401733 -2.443712950 0.826107860 -0.048957866 0.555294871 0.082441829
1403636948801666560.000000 11.680595398 -16.671678543 -2.492428541 0.818167508 -0.045574822 0.567900598 0.077549458
1403636949901666560.000000 12.127225876 -16.248685837 -2.631989956 0.822580457 -0.067214437 0.563992500 0.027497269
1403636950201666560.000000 12.219604492 -16.179666519 -2.624313593 0.830914021 -0.067654543 0.551492155 0.029344112
1403636951301666560.000000 12.676686287 -15.915386200 -2.628015995 0.823155642 -0.065126076 0.563318610 0.029080031
1403636952051666432.000000 13.052846909 -15.738367081 -2.640926361 0.819971919 -0.049910124 0.567706168 0.053522754
1403636953251666432.000000 13.644721031 -15.344151497 -2.850913525 0.824160516 -0.070501946 0.561460853 0.023467524
1403636953601666560.000000 13.812464714 -15.266654968 -2.913687229 0.820423484 -0.056532733 0.567639887 0.038658384
1403636954951666432.000000 14.652521133 -14.774723053 -2.832131147 0.814882338 -0.065304160 0.573848844 0.048987202
1403636955251666432.000000 14.864847183 -14.623818398 -2.887682676 0.813826799 -0.073239021 0.573312819 0.060285751
1403636955551666432.000000 15.070028305 -14.457855225 -2.899306059 0.812529981 -0.081349671 0.573091507 0.068873532
1403636956201666560.000000 15.485666275 -14.054514885 -2.901797533 0.809029818 -0.113316216 0.575156510 0.042721875
1403636956501666560.000000 15.649442673 -13.905051231 -2.899462700 0.810512781 -0.097936451 0.573324561 0.069111668
1403636956851666432.000000 15.813650131 -13.731051445 -2.944165945 0.808111548 -0.066925369 0.585103333 0.011437131
1403636958201666560.000000 16.144065857 -13.281018257 -2.986982346 -0.791969419 -0.205390587 -0.551721871 0.161870971
1403636960201666560.000000 16.506450653 -12.864659309 -3.066611767 -0.779071212 -0.252786189 -0.547114313 0.172664806
1403636962351666432.000000 16.240339279 -12.101340294 -2.918239594 -0.635629594 -0.510721385 -0.454149514 0.359008193
1403636963901666560.000000 15.556729317 -11.953595161 -2.656002045 -0.579654872 -0.569062054 -0.422307998 0.402274430
1403636964201666560.000000 15.394852638 -11.990783691 -2.563020945 -0.578424811 -0.567028999 -0.426290154 0.402715236
1403636964601666560.000000 15.159360886 -12.074337959 -2.493302345 -0.566572309 -0.578053057 -0.430584699 0.399308532
1403636966351666432.000000 13.607964516 -12.609657288 -2.038738012 -0.493395090 -0.640264630 -0.368069679 0.459507704
1403636968251666432.000000 12.431464195 -13.664206505 -2.221182346 -0.505526006 -0.625586510 -0.376242638 0.459920168
1403636968601666560.000000 12.255474091 -13.983181000 -2.276145220 -0.506934643 -0.627070189 -0.374744087 0.457566530
1403636969001666560.000000 12.054350853 -14.384469032 -2.276041508 -0.505499661 -0.629267752 -0.378171146 0.453297824
1403636969351666432.000000 11.869805336 -14.762699127 -2.212152958 -0.519348323 -0.636043966 -0.360113829 0.442767978
1403636969701666560.000000 11.686799049 -15.115772247 -2.127627850 -0.524073839 -0.639747202 -0.357964218 0.433510959
1403636972201666560.000000 10.561567307 -16.295686722 -2.312645435 -0.516218543 -0.628236830 -0.353722125 0.462295949
1403636972701666560.000000 10.549195290 -16.367403030 -2.261710644 -0.515817404 -0.633218586 -0.357766390 0.452736080
1403636973201666560.000000 10.566616058 -16.420452118 -2.254932404 -0.539129138 -0.620828927 -0.366801798 0.435164094
1403636973701666560.000000 10.582361221 -16.456144333 -2.362903833 -0.547729194 -0.607091725 -0.383963138 0.428957731
1403636976501666560.000000 10.750906944 -16.549676895 -2.559881210 -0.759812415 -0.295978755 -0.522103965 0.249978483
1403636978551666432.000000 11.507118225 -16.788656235 -2.907411814 -0.785916448 -0.272342801 -0.523390472 0.185006216
1403636978901666560.000000 11.686322212 -16.808601379 -2.915173292 -0.791306317 -0.272411168 -0.516801476 0.180395767
1403636980551666432.000000 12.663725853 -16.355386734 -3.068569660 -0.772873878 -0.252305150 -0.550314069 0.190164596
1403636981251666432.000000 12.998872757 -16.071603775 -3.134310961 -0.776898861 -0.254160225 -0.542039752 0.194996551
1403636981701666560.000000 13.193220139 -15.917252541 -3.203349829 -0.780649900 -0.257659197 -0.541895926 0.174775332
1403636982051666432.000000 13.341176033 -15.789932251 -3.183890343 -0.798324883 -0.258025527 -0.520066023 0.160098895
1403636982701666560.000000 13.736623764 -15.431894302 -3.164437056 -0.786958396 -0.242469415 -0.535337985 0.187931672
1403636985451666432.000000 15.632669449 -13.588469505 -3.218339920 -0.780751944 -0.250717849 -0.548301041 0.164112613
1403636988301666560.000000 15.527949333 -11.696602821 -3.008384228 -0.766195357 -0.263652951 -0.539876521 0.227958962
1403636991001666560.000000 14.208041191 -13.329794884 -2.692798376 -0.765635431 -0.288934022 -0.539428115 0.198334843
1403636993651666432.000000 12.814553261 -14.780037880 -2.425677776 -0.748369277 -0.320927501 -0.531252205 0.233923405
1403636994151666432.000000 12.560749054 -14.978345871 -2.354528189 -0.726089537 -0.349138170 -0.535347641 0.253573418
1403636996951666432.000000 10.722489357 -16.866174698 -2.000980854 -0.702267468 -0.430057377 -0.480731875 0.301277190
1403636999901666560.000000 9.719783783 -17.612930298 -1.547655344 -0.666088998 -0.458488822 -0.486964583 0.330119669
1403637000351666432.000000 9.499390602 -17.725442886 -1.534626126 -0.667713344 -0.462979406 -0.484667867 0.323891938
1403637001651666432.000000 8.714618683 -18.188486099 -1.417456388 -0.677273750 -0.454897702 -0.477130055 0.326672941
1403637002651666432.000000 8.133207321 -18.616708755 -1.429542065 -0.676310480 -0.459472388 -0.481449932 0.315745682
1403637003151666432.000000 7.839011669 -18.804246902 -1.412021399 -0.681004345 -0.452671409 -0.480543703 0.316858888
1403637003551666432.000000 7.608442307 -18.943908691 -1.433258653 -0.681708097 -0.445743084 -0.483764291 0.320248902
1403637003851666432.000000 7.438386917 -19.048021317 -1.406169415 -0.683613598 -0.445492327 -0.481342942 0.320184439
1403637004251666432.000000 7.222241879 -19.183242798 -1.435295463 -0.683781743 -0.456992954 -0.475365043 0.312454969
1403637004601666560.000000 7.047116756 -19.272708893 -1.400133729 -0.681467354 -0.446706593 -0.481437564 0.322913796
1403637004851666432.000000 6.930569172 -19.343975067 -1.348691463 -0.692834914 -0.430942476 -0.471197337 0.335024476
1403637005151666432.000000 6.827341080 -19.435508728 -1.383061767 -0.693998992 -0.438613087 -0.474909842 0.316930056
1403637005401666560.000000 6.763029099 -19.505182266 -1.437711835 -0.693001747 -0.444081873 -0.476010680 0.309764177
1403637005901666560.000000 6.642841816 -19.610258102 -1.466371179 -0.690299392 -0.448529124 -0.472192973 0.315185964
1403637006401666560.000000 6.549401760 -19.679416656 -1.447415590 -0.697157562 -0.449745953 -0.461559981 0.314105719
1403637006901666560.000000 6.512366295 -19.700685501 -1.470478773 -0.665832400 -0.474487334 -0.458635211 0.348113179
1403637007101666560.000000 6.509048939 -19.704631805 -1.488774180 -0.641528428 -0.507557511 -0.447293729 0.361600608
1403637007501666560.000000 6.504978180 -19.723459244 -1.527613640 -0.612981856 -0.530647099 -0.448758185 0.375876337
1403637007751666432.000000 6.487439156 -19.749387741 -1.562672377 -0.625986636 -0.539948165 -0.430624366 0.362159371
1403637008101666560.000000 6.452760696 -19.766012192 -1.593952417 -0.626450121 -0.524349391 -0.438939214 0.374099463
1403637008351666432.000000 6.430225849 -19.776075363 -1.607491374 -0.639395416 -0.534507573 -0.427162468 0.350724101
1403637008801666560.000000 6.390789509 -19.747398376 -1.600487709 -0.644021273 -0.506611764 -0.429468870 0.379654706
1403637009201666560.000000 6.412328243 -19.726278305 -1.646929383 -0.640699685 -0.515119433 -0.439071476 0.362452805
1403637009651666432.000000 6.457524300 -19.715991974 -1.687372804 -0.603738308 -0.502785504 -0.447353840 0.427295476
1403637009801666560.000000 6.461369038 -19.718835831 -1.693099499 -0.617273748 -0.496378183 -0.444094896 0.418762058
1403637010301666560.000000 6.459765911 -19.722482681 -1.692752361 -0.617207944 -0.496430367 -0.443009496 0.419945121
