1403637149738319104.000000 -2.199583054 2.887452602 3.865961790 -0.643985391 -0.483228743 -0.446667403 0.390206516
1403637152338319104.000000 -1.735324144 3.284998894 4.379799843 -0.655122817 -0.496698081 -0.446547687 0.353129506
1403637154338319104.000000 -1.273449898 3.609252691 4.460516453 -0.669429660 -0.489245534 -0.425602347 0.362443715
1403637157038319104.000000 -0.018921301 4.198929310 4.157659531 -0.805475175 -0.177363783 -0.548008144 0.139423564
1403637159588318976.000000 2.202513695 2.725717068 4.001944065 -0.818700731 -0.079616018 -0.561447322 0.090373084
1403637160938319104.000000 3.408394814 1.382561207 3.766458988 0.819686115 -0.118299492 0.555222869 0.076467864
1403637163788318976.000000 3.929991245 -1.623255014 3.853543997 0.708747268 -0.404890448 0.532522619 0.223965853
1403637163988318976.000000 3.715059996 -1.791969180 3.870424509 0.701686203 -0.419490427 0.534369826 0.214739874
1403637166888318976.000000 -0.108792558 -4.272118092 3.855738640 0.723741591 -0.380560309 0.462177634 0.343167603
1403637168388318976.000000 0.884857237 -3.129184723 3.663971186 0.733914256 -0.364571571 0.504561007 0.271800876
1403637171288318976.000000 3.858834267 0.971714795 2.932722092 -0.771389902 -0.141845614 -0.609494030 0.115561865
1403637173638319104.000000 1.825851917 3.442965031 2.954075575 0.837359488 -0.046797637 0.541407526 -0.059303816
1403637173838319104.000000 1.772294283 3.415719748 2.883934736 0.841707826 -0.098804221 0.528383851 -0.050756179
1403637174088318976.000000 1.777303219 3.282120466 2.825927973 0.842682898 -0.102253355 0.528576970 0.006025638
1403637174338319104.000000 1.845166206 3.085876942 2.859863043 0.804645181 -0.095792457 0.585255682 0.029083773
1403637174988318976.000000 1.877865791 2.414952517 3.020058393 0.786431730 -0.189014852 0.581569374 0.087038435
1403637177938319104.000000 -0.958814561 -1.466156960 2.938723087 0.795556188 -0.281422168 0.493628412 0.210292324
1403637180738319104.000000 1.481048346 -2.317633867 2.498964310 0.749589205 -0.342703462 0.503519714 0.259110600
1403637182488318976.000000 4.021018982 -0.622462630 3.181391478 0.695064962 -0.364336282 0.560835421 0.263832361
1403637183938319104.000000 4.329332829 1.629643202 3.243869305 0.682700574 -0.409599304 0.572066545 0.197201148
1403637184288318976.000000 3.893390417 2.071597576 3.236449957 0.695177674 -0.409135282 0.554300904 0.205151111
1403637185038319104.000000 2.702784777 2.698759079 3.067529202 0.747394979 -0.395830989 0.485284775 0.221849844
1403637185288318976.000000 2.353377342 2.777941465 3.086216927 0.751676679 -0.397755146 0.477696240 0.220406994
1403637185538319104.000000 2.048684120 2.782735825 3.156255960 0.761707544 -0.392590791 0.461628765 0.229288220
1403637186388318976.000000 1.327615142 2.516996622 3.443754911 0.727933347 -0.374369532 0.511337280 0.261715233
1403637186838319104.000000 1.028836727 2.372607231 3.653546095 0.720893562 -0.395618856 0.517458081 0.236717954
1403637187288318976.000000 0.674560010 2.174591064 3.721918344 0.716088593 -0.409378380 0.516452670 0.230007082
1403637187588318976.000000 0.402449667 1.980244160 3.714101076 0.730908334 -0.413770467 0.483133048 0.247284442
1403637188088318976.000000 0.015562814 1.527886391 3.657137394 0.732299030 -0.415913135 0.475188643 0.254853308
1403637190938319104.000000 -1.690428615 -1.417939544 3.328409910 0.683412611 -0.434572250 0.501218259 0.304752976
1403637192088318976.000000 -2.371920109 -1.970345140 3.363934994 0.713162899 -0.417714685 0.465694904 0.316293150
1403637192588318976.000000 -2.416667938 -2.105921268 3.567481518 0.717020094 -0.432171315 0.455858022 0.302164942
1403637193438319104.000000 -2.116595268 -2.486772776 3.809866667 0.704992533 -0.446648419 0.474840701 0.279315531
1403637193688318976.000000 -2.011523962 -2.663664103 3.861064434 0.709805489 -0.430572093 0.469763815 0.300176531
1403637193938319104.000000 -1.877845883 -2.852249146 3.941745520 0.710718632 -0.426616430 0.469162136 0.304572433
1403637194188318976.000000 -1.718542099 -3.034888983 3.969327450 0.702910483 -0.423723459 0.480031252 0.309750468
1403637196438319104.000000 0.407021403 -4.173287868 4.161654949 0.698170066 -0.349072576 0.503871918 0.369892031
1403637198438319104.000000 3.056800604 -1.335761786 4.368041515 0.802583158 -0.022294946 0.589253783 0.090240084
1403637200038319104.000000 3.516427517 2.783057928 4.306828976 -0.737972200 -0.152772263 -0.630660176 0.185271263
1403637202988318976.000000 1.417342067 4.097037315 3.974684954 -0.786315143 -0.229026213 -0.551776350 0.157475039
1403637205938319104.000000 1.313569188 3.275969744 3.864519596 -0.780030072 -0.241562083 -0.553813875 0.162761003
1403637208438319104.000000 0.728725493 3.185219526 4.055578709 -0.787681103 -0.216746613 -0.550811410 0.170839295
1403637209688318976.000000 0.453372300 3.102939367 4.034640312 -0.797832847 -0.285660446 -0.502296805 0.171926796
1403637212238319104.000000 2.858754635 5.743154049 3.414681435 -0.773073018 -0.258462608 -0.542966127 0.201849312
1403637212488318976.000000 3.222140789 5.992857933 3.438267708 -0.769617140 -0.256867141 -0.549663603 0.198943615
1403637212738319104.000000 3.561563015 6.220003605 3.485367060 -0.782095909 -0.260150105 -0.533812165 0.188924327
1403637212938319104.000000 3.832055092 6.400877953 3.534571648 -0.783150375 -0.265643120 -0.532183111 0.181357101
1403637213138319104.000000 4.100366592 6.586800575 3.587371349 -0.783342600 -0.267763555 -0.529896259 0.184084371
1403637213388318976.000000 4.433859825 6.824805260 3.623198748 -0.781671941 -0.267376870 -0.530694842 0.189371750
1403637213638319104.000000 4.762008190 7.060855389 3.629756689 -0.773308218 -0.274388731 -0.542551875 0.179840520
1403637213888318976.000000 5.065765381 7.301668644 3.599869251 -0.771672606 -0.286569774 -0.543292344 0.165023357
1403637214088318976.000000 5.286960602 7.515706539 3.570846558 -0.765001416 -0.288699567 -0.548808098 0.173882559
1403637214288318976.000000 5.485056400 7.747147083 3.569442987 -0.753063858 -0.299000829 -0.550025642 0.202398211
1403637214538319104.000000 5.689122200 8.032914162 3.605131388 -0.718753397 -0.352931917 -0.555806518 0.223409623
1403637214738319104.000000 5.798455715 8.255214691 3.658413649 -0.689420342 -0.395450294 -0.562664747 0.227435783
1403637214938319104.000000 5.844214439 8.478525162 3.723024607 -0.677895188 -0.410313189 -0.562841177 0.235183060
1403637215188318976.000000 5.806780338 8.750938416 3.775516987 -0.671955109 -0.407842010 -0.567776799 0.244480476
1403637216438319104.000000 4.465005398 9.493130684 4.029625893 -0.605511367 -0.513641059 -0.458819389 0.398764968
1403637216788318976.000000 4.025299072 9.468207359 4.059922218 -0.596776128 -0.496336699 -0.471242040 0.418854505
1403637217438319104.000000 3.297156334 9.002793312 4.120556355 -0.628999889 -0.472940326 -0.446572632 0.425745696
1403637217738319104.000000 3.059381247 8.638752937 4.082741261 -0.597969651 -0.497802407 -0.465131700 0.422229290
1403637218138319104.000000 2.765729427 8.009734154 4.077237129 -0.546499848 -0.566186011 -0.438091278 0.434565872
1403637218388318976.000000 2.576433659 7.552880764 4.069192886 -0.538722157 -0.578776181 -0.427636057 0.438091189
1403637218788318976.000000 2.266992807 6.745490074 4.040591717 -0.545117319 -0.581606269 -0.422262102 0.431597084
1403637218988318976.000000 2.103794575 6.324126720 4.000041008 -0.542313993 -0.589165509 -0.431435883 0.415502876
1403637219188318976.000000 1.925839543 5.897299767 3.924217224 -0.541314602 -0.591132939 -0.434802771 0.410471678
1403637219388318976.000000 1.726029396 5.457997322 3.866963863 -0.546885312 -0.589606345 -0.429846525 0.410503268
1403637220338319104.000000 0.625387251 3.592532158 3.977617025 -0.580227971 -0.593692124 -0.389155596 0.399278253
1403637222938319104.000000 -0.969638109 1.476271510 3.824115992 -0.697722137 -0.449305475 -0.461458027 0.313631922
1403637225138319104.000000 -0.987195194 1.528463244 3.972090006 -0.670884967 -0.457474202 -0.484902948 0.324807376
1403637226838319104.000000 -1.403367639 1.443698645 4.046031952 -0.680385709 -0.473125517 -0.464840025 0.311690956
1403637227488318976.000000 -1.574680209 1.527666330 4.038715839 -0.684909165 -0.456762940 -0.464949369 0.325713396
1403637228288318976.000000 -1.601735711 1.651919365 3.961769581 -0.668646872 -0.451457292 -0.488159835 0.332863003
1403637228788318976.000000 -1.644710302 1.653894544 3.997135639 -0.670129478 -0.458438993 -0.483620703 0.326911747
1403637230288318976.000000 -1.822830439 1.508674145 3.803242683 -0.782293737 -0.272733688 -0.528042614 0.186558008
1403637231038319104.000000 -1.799662113 1.516358137 3.902271986 -0.815779626 -0.153635770 -0.542335153 0.129507676
1403637231288318976.000000 -1.770068049 1.491164207 3.886939049 -0.830991209 -0.066524774 -0.546626806 0.078913257
1403637231688318976.000000 -1.678539991 1.400859952 3.670295477 0.828771710 -0.099413611 0.550426424 0.016884308
1403637232188318976.000000 -1.494125843 1.143643975 3.445426702 0.781016827 -0.249266043 0.561348975 0.112989016
1403637232588318976.000000 -1.389203906 0.823456883 3.409013748 0.745317996 -0.336574227 0.547838807 0.176328361
1403637233088318976.000000 -1.397192240 0.280198514 3.481044292 0.738387346 -0.427545756 0.476852655 0.211188093
1403637233388318976.000000 -1.408482432 -0.186256737 3.539085865 0.755135477 -0.427870482 0.448649347 0.213098541
1403637235888318976.000000 1.982096791 -1.568780661 2.678470135 0.794973314 -0.147867456 0.565406501 0.162690863
1403637236238319104.000000 2.538947105 -1.226028800 2.754729986 0.802297294 -0.063331440 0.573841870 0.151702955
1403637239188318976.000000 1.592826962 2.734551668 4.366140366 0.843793631 -0.257266909 0.470714360 0.015941137
1403637239488318976.000000 1.292466521 2.192388535 4.461287975 0.818086028 -0.274726331 0.499015570 0.079020768
1403637239788318976.000000 1.055814028 1.522754550 4.423939228 0.777335882 -0.328527987 0.515255213 0.149433807
1403637240438319104.000000 0.564052224 -0.006662076 4.055444241 0.703989148 -0.445076734 0.474128157 0.285496920
1403637240738319104.000000 0.364952058 -0.690795600 3.913854122 0.706294477 -0.455846906 0.450580925 0.300547063
1403637241038319104.000000 0.233868510 -1.380790710 3.846495628 0.693112731 -0.431950629 0.476235241 0.325904071
1403637241338319104.000000 0.155029967 -2.022106171 3.747827053 0.702407897 -0.421473056 0.472959340 0.324488938
1403637241638319104.000000 0.140225828 -2.600644588 3.641026258 0.706801772 -0.396461308 0.472705573 0.346120298
1403637241938319104.000000 0.217922717 -3.068254709 3.588251829 0.685801208 -0.390235990 0.507389069 0.346336424
1403637242238319104.000000 0.334411502 -3.390300751 3.586094379 0.682869256 -0.390531898 0.508675039 0.349891633
1403637242488318976.000000 0.450457603 -3.548888683 3.595315695 0.686489165 -0.376078486 0.496971399 0.374589294
1403637242738319104.000000 0.610269666 -3.591315269 3.590987682 0.692020774 -0.361782581 0.511985719 0.357898384
1403637242988318976.000000 0.800048709 -3.511771917 3.623562813 0.694744587 -0.344579726 0.540651202 0.326023161
1403637243238319104.000000 0.988488555 -3.339203596 3.652720213 0.711448848 -0.336789787 0.529510617 0.316277832
1403637243488318976.000000 1.178596258 -3.088859320 3.644922972 0.717027068 -0.346379399 0.525392473 0.299760401
1403637243738319104.000000 1.371231675 -2.784089804 3.652414322 0.722078860 -0.365553647 0.517748117 0.277325749
1403637243988318976.000000 1.559043407 -2.468843460 3.713820219 0.722451925 -0.392128736 0.513101399 0.247032940
1403637244238319104.000000 1.721149445 -2.181533575 3.834326506 0.719526172 -0.394957989 0.512403190 0.252454400
1403637244538319104.000000 1.887981772 -1.876870513 4.021477222 0.731199503 -0.387728840 0.503024340 0.248958156
1403637244788318976.000000 2.026606798 -1.657163143 4.169913769 0.754669309 -0.350830942 0.496765018 0.246204168
1403637245088318976.000000 2.223401785 -1.423461437 4.295372486 0.766932487 -0.345013559 0.496325850 0.215501279
1403637245388318976.000000 2.453060150 -1.257641912 4.373883724 0.770647585 -0.339415550 0.493680507 0.217207447
1403637245688318976.000000 2.727760792 -1.150713682 4.413281918 0.780424118 -0.310921758 0.498861790 0.213079140
1403637245988318976.000000 3.051029444 -1.064539194 4.408331871 0.784059405 -0.241358027 0.543196797 0.178702518
1403637246288318976.000000 3.380919933 -0.959172904 4.355578899 0.801994085 -0.132182121 0.572469473 0.107759669
1403637246538319104.000000 3.640124083 -0.846847713 4.283283234 0.806187272 -0.019550193 0.589127600 0.051073991
1403637246788318976.000000 3.860583782 -0.698558509 4.194167137 -0.790272057 -0.074249208 -0.608217895 0.005313416
1403637247138319104.000000 4.051514626 -0.419790506 4.114342213 -0.799725890 -0.154271141 -0.575983107 0.069875449
1403637247588318976.000000 4.183086872 0.001516618 3.992505312 -0.777745783 -0.158168107 -0.600894570 0.094974443
1403637247938319104.000000 4.165882111 0.359702349 3.883627176 -0.762941718 -0.202828616 -0.604745269 0.105183877
1403637248538319104.000000 3.843533039 1.026960850 3.778462172 -0.767034411 -0.247530803 -0.569267750 0.162237957
1403637248888318976.000000 3.573673248 1.412370920 3.742297888 -0.776393056 -0.246017516 -0.559951901 0.152128398
1403637249188318976.000000 3.311938286 1.749139428 3.786569834 -0.780773580 -0.237343252 -0.558844745 0.147490487
1403637249438319104.000000 3.085174799 2.042099714 3.849518061 -0.780377567 -0.232031360 -0.561707556 0.147162929
1403637249688318976.000000 2.852143049 2.342247248 3.827641487 -0.778863072 -0.230767757 -0.563897967 0.148787305
1403637249988318976.000000 2.553268671 2.705554008 3.783133745 -0.767086089 -0.242897391 -0.569955170 0.166525975
1403637250288318976.000000 2.228829384 3.049988508 3.782203913 -0.769999444 -0.262180597 -0.545351088 0.202371716
1403637252988318976.000000 0.841628790 4.237972260 4.085518837 -0.736343324 -0.357893884 -0.506498635 0.270498872
1403637254988318976.000000 0.347802103 3.829803228 4.239545345 -0.705746055 -0.395658463 -0.513952196 0.285008907
1403637257038319104.000000 -0.773930371 3.229203463 4.275225639 -0.638263524 -0.510333180 -0.443973273 0.367515415
1403637257338319104.000000 -0.951790631 3.137007236 4.287180901 -0.621836960 -0.529676914 -0.441646963 0.371091843
1403637257688318976.000000 -1.161901116 3.038967371 4.315956593 -0.619403660 -0.543036044 -0.431196153 0.368131757
1403637257988318976.000000 -1.349706769 2.978468180 4.288622856 -0.615227461 -0.559427321 -0.409548432 0.375241846
1403637258288318976.000000 -1.533747077 2.960484266 4.270416260 -0.575678170 -0.587617993 -0.399323732 0.404771775
1403637258638319104.000000 -1.739637017 2.966813803 4.233615398 -0.560997725 -0.597763121 -0.379775673 0.428638875
1403637259038319104.000000 -1.937003732 2.977883101 4.167850494 -0.558654964 -0.591718614 -0.381910592 0.438084662
1403637259488318976.000000 -2.098405123 2.986231089 4.215898991 -0.565652609 -0.581929147 -0.379244208 0.444487840
1403637259988318976.000000 -2.166256189 2.970137358 4.216617584 -0.566548169 -0.582917333 -0.380986512 0.440544873
1403637260338319104.000000 -2.160312176 2.946020603 4.163359642 -0.555541515 -0.595563412 -0.395384967 0.424674749
1403637260638319104.000000 -2.161402464 2.918163776 4.097111225 -0.557995915 -0.607404709 -0.390130818 0.409265369
1403637260988318976.000000 -2.195214033 2.903392315 4.018631458 -0.551723719 -0.597840369 -0.396862566 0.425074011
1403637261238319104.000000 -2.228817940 2.892047167 3.961657286 -0.560647428 -0.606078029 -0.383769691 0.413599700
1403637261688318976.000000 -2.298661947 2.897546291 3.924201727 -0.566589952 -0.606393278 -0.376370907 0.411834955
1403637262088318976.000000 -2.355623245 2.946470261 3.934029818 -0.556565523 -0.591415465 -0.394560456 0.429865927
1403637262388318976.000000 -2.376230955 2.958547354 3.898924589 -0.550930321 -0.576899648 -0.404627621 0.447145462
1403637262788318976.000000 -2.364506721 2.946138620 3.887529373 -0.580346823 -0.547073662 -0.407625347 0.444690585
1403637262988318976.000000 -2.364450693 2.947292566 3.885960102 -0.580421150 -0.548051476 -0.406457305 0.444458336
1403637263488318976.000000 -2.364172459 2.947807789 3.885793924 -0.580282152 -0.548280597 -0.407025158 0.443837374
1403637263988318976.000000 -2.364533901 2.947301388 3.886601210 -0.580578923 -0.548026145 -0.406628788 0.444126755
1403637264488318976.000000 -2.364709139 2.946663618 3.886445045 -0.580708146 -0.548011243 -0.406449318 0.444140494
1403637264988318976.000000 -2.364130974 2.946881533 3.886572838 -0.580958486 -0.547948778 -0.406156033 0.444158435
1403637265488318976.000000 -2.364382029 2.946943283 3.886523724 0.580898046 0.547980845 0.406088233 -0.444259763
