#LBA time[ms],KF opt[#],KF fixed[#],MP[#],Edges[#]
0.007234,3,1,0,807
0.002323,4,1,0,1159
0.123600,5,1,0,1359
0.284101,6,1,0,1716
0.500212,7,1,0,1916
0.702177,8,1,0,1966
0.704528,9,1,0,2238
0.696169,10,1,0,2661
0.825583,0,0,0,0
42.285725,0,0,0,0
1.107656,0,0,0,0
1.430373,0,0,0,0
1.774405,0,0,0,0
1.255149,0,0,0,0
1.814806,0,0,0,0
1.663830,0,0,0,0
1.822794,0,0,0,0
2.301689,0,0,0,0
3.210737,0,0,0,0
3.230704,0,0,0,0
3.938465,0,0,0,0
4.629247,0,0,0,0
3.621682,0,0,0,0
3.320262,0,0,0,0
4.199747,0,0,0,0
4.291790,0,0,0,0
4.016267,0,0,0,0
5.265962,0,0,0,0
5.590874,0,0,0,0
4.400666,0,0,0,0
3.701451,0,0,0,0
3.385254,0,0,0,0
4.231704,0,0,0,0
4.441430,0,0,0,0
4.950468,0,0,0,0
5.463665,0,0,0,0
4.881652,0,0,0,0
5.630024,0,0,0,0
4.441334,0,0,0,0
5.954117,0,0,0,0
4.098431,0,0,0,0
5.933427,0,0,0,0
3.400754,0,0,0,0
2.536311,0,0,0,0
5.519588,0,0,0,0
4.034501,0,0,0,0
3.605618,0,0,0,0
3.537524,0,0,0,0
5.177609,0,0,0,0
2.885729,0,0,0,0
5.050161,0,0,0,0
6.677574,0,0,0,0
5.330039,0,0,0,0
4.032139,0,0,0,0
5.029593,0,0,0,0
3.893851,0,0,0,0
4.102589,0,0,0,0
5.341584,0,0,0,0
3.354773,0,0,0,0
2.600783,0,0,0,0
4.040021,0,0,0,0
4.783837,0,0,0,0
4.084070,0,0,0,0
3.533913,0,0,0,0
4.193096,0,0,0,0
5.712564,0,0,0,0
6.543523,0,0,0,0
2.392364,0,0,0,0
4.477859,0,0,0,0
4.074192,0,0,0,0
3.002083,0,0,0,0
3.981646,0,0,0,0
4.435725,0,0,0,0
3.970832,0,0,0,0
2.507820,0,0,0,0
3.788112,0,0,0,0
4.024288,0,0,0,0
4.294605,0,0,0,0
3.235319,0,0,0,0
4.763383,0,0,0,0
4.011296,0,0,0,0
4.468391,0,0,0,0
4.631829,0,0,0,0
3.686725,0,0,0,0
4.117278,0,0,0,0
5.604334,0,0,0,0
5.276033,0,0,0,0
5.909423,0,0,0,0
4.792787,0,0,0,0
5.748294,0,0,0,0
3.912144,0,0,0,0
3.658434,0,0,0,0
3.548402,0,0,0,0
3.891431,0,0,0,0
2.686405,0,0,0,0
4.520225,0,0,0,0
5.413843,0,0,0,0
4.223950,0,0,0,0
3.673894,0,0,0,0
4.378074,0,0,0,0
2.718510,0,0,0,0
3.740952,0,0,0,0
3.674395,0,0,0,0
2.761161,0,0,0,0
4.732158,0,0,0,0
4.909868,0,0,0,0
4.638359,0,0,0,0
3.903861,0,0,0,0
3.433228,0,0,0,0
5.878022,0,0,0,0
4.579184,0,0,0,0
4.321210,0,0,0,0
5.211766,0,0,0,0
3.572280,0,0,0,0
5.044801,0,0,0,0
4.166697,0,0,0,0
5.716028,0,0,0,0
5.990131,0,0,0,0
4.735603,0,0,0,0
4.224069,0,0,0,0
7.769774,0,0,0,0
5.628966,0,0,0,0
4.694437,0,0,0,0
6.358855,0,0,0,0
5.584654,0,0,0,0
4.933845,0,0,0,0
5.331146,0,0,0,0
3.389218,0,0,0,0
3.751740,0,0,0,0
6.553637,0,0,0,0
8.217176,0,0,0,0
4.366036,0,0,0,0
7.495121,0,0,0,0
6.065580,0,0,0,0
4.413462,0,0,0,0
7.330904,0,0,0,0
7.923838,0,0,0,0
6.319639,0,0,0,0
8.012156,0,0,0,0
5.942555,0,0,0,0
7.258263,0,0,0,0
7.107450,0,0,0,0
9.267311,0,0,0,0
9.148775,0,0,0,0
11.836095,0,0,0,0
9.198209,0,0,0,0
9.840194,0,0,0,0
8.694554,0,0,0,0
9.420766,0,0,0,0
10.522683,0,0,0,0
10.489654,0,0,0,0
9.990949,0,0,0,0
7.988557,0,0,0,0
7.811784,0,0,0,0
9.934402,0,0,0,0
9.645220,0,0,0,0
8.832599,0,0,0,0
12.259658,0,0,0,0
9.905135,0,0,0,0
8.344387,0,0,0,0
6.164956,0,0,0,0
8.185287,0,0,0,0
9.032243,0,0,0,0
9.849345,0,0,0,0
6.786217,0,0,0,0
7.167169,0,0,0,0
8.975139,0,0,0,0
7.794519,0,0,0,0
7.181417,0,0,0,0
8.297540,0,0,0,0
6.851073,0,0,0,0
9.041321,0,0,0,0
6.615441,0,0,0,0
6.432187,0,0,0,0
9.179548,0,0,0,0
9.731295,0,0,0,0
8.993676,0,0,0,0
13.346334,0,0,0,0
10.626752,0,0,0,0
11.207789,0,0,0,0
8.103646,0,0,0,0
10.878914,0,0,0,0
7.048854,0,0,0,0
12.027601,0,0,0,0
8.889350,0,0,0,0
9.044740,0,0,0,0
9.326802,0,0,0,0
10.854436,0,0,0,0
10.645674,0,0,0,0
6.938994,0,0,0,0
8.504716,0,0,0,0
10.885666,0,0,0,0
6.651200,0,0,0,0
9.322297,0,0,0,0
7.755065,0,0,0,0
9.869683,0,0,0,0
12.132686,0,0,0,0
6.852510,0,0,0,0
8.754988,0,0,0,0
7.910199,0,0,0,0
7.961059,0,0,0,0
8.961576,0,0,0,0
9.889488,0,0,0,0
9.772687,0,0,0,0
9.503246,0,0,0,0
9.820038,0,0,0,0
8.288287,0,0,0,0
10.681415,0,0,0,0
9.740269,0,0,0,0
10.736160,0,0,0,0
9.872136,0,0,0,0
12.000284,0,0,0,0
14.752137,0,0,0,0
12.533855,0,0,0,0
13.434038,0,0,0,0
11.634043,0,0,0,0
12.506877,0,0,0,0
11.394044,0,0,0,0
10.101705,0,0,0,0
11.647742,0,0,0,0
16.431904,0,0,0,0
12.449551,0,0,0,0
16.344821,0,0,0,0
12.994430,0,0,0,0
11.819759,0,0,0,0
10.434186,0,0,0,0
9.832892,0,0,0,0
17.398707,0,0,0,0
11.335385,0,0,0,0
11.201910,0,0,0,0
14.302667,0,0,0,0
14.890656,0,0,0,0
14.031540,0,0,0,0
11.059607,0,0,0,0
10.362419,0,0,0,0
13.040865,0,0,0,0
12.488401,0,0,0,0
11.681453,0,0,0,0
9.283609,0,0,0,0
9.465970,0,0,0,0
6.923332,0,0,0,0
9.618980,0,0,0,0
9.703737,0,0,0,0
11.485442,0,0,0,0
12.198200,0,0,0,0
11.416841,0,0,0,0
15.283932,0,0,0,0
13.452598,0,0,0,0
14.750683,0,0,0,0
13.652753,0,0,0,0
15.335419,0,0,0,0
12.061819,0,0,0,0
11.405019,0,0,0,0
14.957667,0,0,0,0
11.080300,0,0,0,0
10.679377,0,0,0,0
11.822353,0,0,0,0
13.264105,0,0,0,0
10.603623,0,0,0,0
11.421354,0,0,0,0
10.905257,0,0,0,0
12.915104,0,0,0,0
9.940476,0,0,0,0
11.329429,0,0,0,0
11.315086,0,0,0,0
10.974686,0,0,0,0
11.051908,0,0,0,0
9.237145,0,0,0,0
12.252089,0,0,0,0
10.303354,0,0,0,0
7.573236,0,0,0,0
9.188790,0,0,0,0
8.799580,0,0,0,0
8.314224,0,0,0,0
11.346461,0,0,0,0
7.830072,0,0,0,0
4.870210,0,0,0,0
9.677518,0,0,0,0
6.774126,0,0,0,0
11.102148,0,0,0,0
8.535389,0,0,0,0
8.723062,0,0,0,0
7.359388,0,0,0,0
9.433453,0,0,0,0
8.697761,0,0,0,0
6.769575,0,0,0,0
9.927117,0,0,0,0
7.786102,0,0,0,0
7.715505,0,0,0,0
8.570538,0,0,0,0
10.590206,0,0,0,0
8.133937,0,0,0,0
8.841958,0,0,0,0
10.989713,0,0,0,0
9.171127,0,0,0,0
13.333972,0,0,0,0
12.952782,0,0,0,0
9.851942,0,0,0,0
15.326861,0,0,0,0
10.968464,0,0,0,0
15.009961,0,0,0,0
11.961635,0,0,0,0
15.949656,0,0,0,0
13.343798,0,0,0,0
9.253248,0,0,0,0
11.344518,0,0,0,0
12.031941,0,0,0,0
10.212564,0,0,0,0
10.187257,0,0,0,0
14.233484,0,0,0,0
11.526142,0,0,0,0
10.777223,0,0,0,0
13.882221,0,0,0,0
15.334801,0,0,0,0
11.723710,0,0,0,0
12.315390,0,0,0,0
12.854922,0,0,0,0
9.522179,0,0,0,0
14.222024,0,0,0,0
13.123938,0,0,0,0
10.875519,0,0,0,0
8.730756,0,0,0,0
12.489333,0,0,0,0
19.234957,0,0,0,0
11.460125,0,0,0,0
9.578684,0,0,0,0
12.827260,0,0,0,0
13.844545,0,0,0,0
14.951542,0,0,0,0
14.276230,0,0,0,0
17.211324,0,0,0,0
16.013878,0,0,0,0
14.844280,0,0,0,0
15.983664,0,0,0,0
10.166904,0,0,0,0
14.081210,0,0,0,0
13.163376,0,0,0,0
10.040025,0,0,0,0
14.503263,0,0,0,0
15.309304,0,0,0,0
12.541591,0,0,0,0
13.118159,0,0,0,0
13.040958,0,0,0,0
13.781933,0,0,0,0
16.129023,0,0,0,0
9.862258,0,0,0,0
8.386622,0,0,0,0
11.246292,0,0,0,0
15.634241,0,0,0,0
11.403147,0,0,0,0
14.760067,0,0,0,0
14.599200,0,0,0,0
10.351400,0,0,0,0
10.291074,0,0,0,0
14.341166,0,0,0,0
14.390824,0,0,0,0
10.693286,0,0,0,0
14.642584,0,0,0,0
14.984564,0,0,0,0
16.264693,0,0,0,0
14.563420,0,0,0,0
9.967866,0,0,0,0
16.500129,0,0,0,0
16.577733,0,0,0,0
15.803261,0,0,0,0
12.991780,0,0,0,0
15.105032,0,0,0,0
15.862189,0,0,0,0
13.230285,0,0,0,0
15.969346,0,0,0,0
25.774589,0,0,0,0
18.919193,0,0,0,0
21.472764,0,0,0,0
21.900555,0,0,0,0
15.197184,0,0,0,0
19.206336,0,0,0,0
21.794573,0,0,0,0
21.212379,0,0,0,0
22.596249,0,0,0,0
24.811600,0,0,0,0
22.180434,0,0,0,0
24.529994,0,0,0,0
24.002536,0,0,0,0
23.962526,0,0,0,0
18.997201,0,0,0,0
25.500405,0,0,0,0
20.166357,0,0,0,0
17.256050,0,0,0,0
16.833893,0,0,0,0
20.616834,0,0,0,0
24.544661,0,0,0,0
23.894228,0,0,0,0
26.863160,0,0,0,0
18.653003,0,0,0,0
22.823187,0,0,0,0
25.129427,0,0,0,0
24.719567,0,0,0,0
26.376554,0,0,0,0
19.118496,0,0,0,0
25.993578,0,0,0,0
22.323385,0,0,0,0
20.504018,0,0,0,0
22.640457,0,0,0,0
25.028214,0,0,0,0
16.022944,0,0,0,0
23.606941,0,0,0,0
20.254634,0,0,0,0
25.051523,0,0,0,0
26.107246,0,0,0,0
24.770476,0,0,0,0
25.049785,0,0,0,0
24.683249,0,0,0,0
22.216777,0,0,0,0
24.036156,0,0,0,0
23.140464,0,0,0,0
22.734239,0,0,0,0
21.291762,0,0,0,0
23.540472,0,0,0,0
25.412704,0,0,0,0
29.650345,0,0,0,0
30.657424,0,0,0,0
33.156639,0,0,0,0
23.319068,0,0,0,0
25.388925,0,0,0,0
27.871325,0,0,0,0
28.766128,0,0,0,0
27.786667,0,0,0,0
29.725103,0,0,0,0
26.002737,0,0,0,0
22.019975,0,0,0,0
28.288896,0,0,0,0
25.843880,0,0,0,0
28.588869,0,0,0,0
31.191811,0,0,0,0
26.098550,0,0,0,0
24.106307,0,0,0,0
32.538754,0,0,0,0
23.042522,0,0,0,0
27.058102,0,0,0,0
26.793019,0,0,0,0
27.872244,0,0,0,0
25.397308,0,0,0,0
24.649379,0,0,0,0
27.522806,0,0,0,0
22.963940,0,0,0,0
32.907636,0,0,0,0
32.682191,0,0,0,0
31.968568,0,0,0,0
29.870663,0,0,0,0
25.506911,0,0,0,0
25.434145,0,0,0,0
24.068212,0,0,0,0
21.474866,0,0,0,0
29.192074,0,0,0,0
23.555651,0,0,0,0
24.481518,0,0,0,0
22.627928,0,0,0,0
25.578543,0,0,0,0
21.404017,0,0,0,0
26.380138,0,0,0,0
25.627473,576,618679077,456450320,-2066806982
17.420072,0,-1061507000,29465,1080253606
