1403636898051666432.000000 0.051117755 0.080926538 -0.020778228 -0.555839717 -0.619275510 -0.381448060 0.402538717
1403636898801666560.000000 0.066519715 0.133605659 0.112096980 -0.540129125 -0.627315283 -0.373212427 0.418866009
1403636899051666432.000000 0.061393633 0.177307323 0.146076098 -0.547307014 -0.622099102 -0.363851160 0.425511539
1403636899301666560.000000 0.074576378 0.236377969 0.171671599 -0.562445223 -0.593508065 -0.390591919 0.422896504
1403636900501666560.000000 0.314727157 0.429563344 0.287748724 -0.611204684 -0.548202395 -0.429139674 0.376486778
1403636901401666560.000000 0.593186796 0.585971594 0.340088248 -0.613956690 -0.548798144 -0.413234651 0.388735175
1403636901651666432.000000 0.716440439 0.648407578 0.363116950 -0.608301461 -0.551849663 -0.422385901 0.383433908
1403636904151666432.000000 1.816801190 1.187783241 0.365939260 -0.611935616 -0.552155435 -0.410771996 0.389776349
1403636904401666560.000000 1.930140376 1.252285242 0.435449034 -0.611077428 -0.548929751 -0.414574981 0.391647816
1403636906501666560.000000 2.719623804 1.877307415 0.552756906 -0.601818442 -0.556518793 -0.414050668 0.395807385
1403636907251666432.000000 2.895244122 2.196283579 0.553588212 -0.597441316 -0.574245214 -0.412930667 0.377881795
1403636907651666432.000000 2.978985548 2.393629789 0.561085820 -0.605763793 -0.568923056 -0.396740973 0.389837712
1403636908201666560.000000 3.161453962 2.738079071 0.616378605 -0.589344025 -0.571508706 -0.414127201 0.393128723
1403636908551666432.000000 3.286363602 2.956830502 0.616054714 -0.585542440 -0.578014731 -0.409796655 0.393834710
1403636909401666560.000000 3.577872753 3.537947416 0.704813182 -0.593044221 -0.581451654 -0.394138962 0.393531531
1403636909551666432.000000 3.636782169 3.658786774 0.703196704 -0.589839697 -0.579411983 -0.400793493 0.394633383
1403636909801666560.000000 3.741254091 3.861862421 0.672232449 -0.586022675 -0.572479844 -0.410103858 0.400822997
1403636911701666560.000000 4.191375256 5.075887680 0.519919574 -0.581957340 -0.580226898 -0.411254674 0.394375473
1403636912201666560.000000 4.289625645 5.333153725 0.481472701 -0.590488911 -0.574117661 -0.402964741 0.399163216
1403636912551666432.000000 4.381427288 5.518796921 0.477186918 -0.591151834 -0.570931911 -0.404739827 0.400951177
1403636915401666560.000000 5.596275806 6.634630203 0.376357645 -0.597712278 -0.580075383 -0.406120837 0.375923574
1403636916001666560.000000 5.812780857 6.857405186 0.411793798 -0.592142880 -0.564424396 -0.411446273 0.401875436
1403636918951666432.000000 6.339407444 7.535316467 0.367807120 -0.680847764 -0.453605145 -0.466205984 0.336661130
1403636921751666432.000000 6.657212257 7.179761887 0.609676659 -0.705534220 -0.434260219 -0.469202340 0.305759311
1403636923651666432.000000 6.796991348 6.865921974 0.365070611 -0.755766213 -0.359952569 -0.497847497 0.226714328
1403636924151666432.000000 6.878375530 6.885366440 0.362592429 -0.753838718 -0.362861961 -0.501473784 0.220414519
1403636925651666432.000000 7.466574669 7.210484028 0.173405766 -0.770825505 -0.342723727 -0.498041034 0.200807422
1403636926501666560.000000 7.922526360 7.602058887 0.120721713 -0.740987659 -0.313442618 -0.538138449 0.251193523
1403636929301666560.000000 9.706639290 8.196979523 -0.010662612 -0.783649981 -0.208756700 -0.558630466 0.173911974
1403636929801666560.000000 10.009556770 8.256960869 0.039963305 -0.781277955 -0.229141578 -0.559884191 0.153716296
1403636930951666432.000000 10.517704010 8.255056381 0.141649053 -0.786371171 -0.207797214 -0.553912461 0.177825287
1403636931151666432.000000 10.594404221 8.214902878 0.126218617 -0.786996961 -0.191126153 -0.562312841 0.167065725
1403636932751666432.000000 10.577587128 7.692656040 0.225361764 -0.789937556 -0.152816594 -0.585328698 0.100180194
1403636933201666560.000000 10.349163055 7.576633930 0.294573873 -0.807987273 -0.112382665 -0.573560536 0.074532084
1403636933701666560.000000 10.107431412 7.484148026 0.233714819 -0.815463722 -0.104763493 -0.565002620 0.069395043
1403636934201666560.000000 9.915886879 7.411176205 0.241759956 -0.810400188 -0.069032222 -0.579376578 0.052999575
1403636934651666432.000000 9.723173141 7.307249069 0.162957534 0.813129425 -0.040733229 0.580619991 0.006463957
1403636936001666560.000000 9.159244537 6.912752151 0.297831506 0.831309557 -0.058131337 0.551901221 0.030825665
1403636936901666560.000000 9.029754639 6.557744503 0.209263831 0.815266252 -0.060660865 0.574031532 0.046358842
1403636937151666432.000000 9.009907722 6.467330933 0.215411991 0.815788865 -0.062021244 0.572907567 0.049180377
1403636937951666432.000000 8.953468323 6.220033646 0.155786857 0.806489706 -0.058637593 0.584136844 0.070144370
1403636938251666432.000000 8.913710594 6.181360245 0.065746889 0.793043792 -0.075313389 0.600610614 0.068384722
1403636939301666560.000000 8.471200943 5.884409904 0.016608506 0.809981227 -0.098845318 0.574827671 0.061100412
1403636939601666560.000000 8.331747055 5.746563911 0.003615474 0.802642584 -0.089315392 0.586661100 0.060136620
1403636939951666432.000000 8.136739731 5.591004372 0.021387568 0.799644589 -0.092899643 0.590682209 0.055071168
1403636940301666560.000000 7.900437832 5.427591801 -0.029559530 0.803198218 -0.117714137 0.580564499 0.062936686
1403636940651666432.000000 7.643489361 5.245768070 -0.101141408 0.808175862 -0.128864691 0.570285261 0.070854761
1403636942051666432.000000 6.770673752 4.477100372 0.035416327 0.811387777 -0.108008988 0.570115805 0.070370875
1403636942201666560.000000 6.685548306 4.405280590 0.061605461 0.810115337 -0.110241711 0.571777582 0.068047389
1403636942551666432.000000 6.486504555 4.229671001 0.070562936 0.809717000 -0.123140842 0.570591748 0.060165156
1403636942951666432.000000 6.267257690 3.995484591 0.032555364 0.811490953 -0.120282374 0.566787720 0.075936422
1403636943201666560.000000 6.142165661 3.842389584 0.057483032 0.805712759 -0.121215910 0.574163020 0.080440030
1403636943451666432.000000 6.013403416 3.696544409 0.064070776 0.803750813 -0.123581074 0.575630546 0.085800484
1403636943751666432.000000 5.849684715 3.537294865 0.025577089 0.801528811 -0.123987153 0.577675760 0.092029952
1403636945201666560.000000 5.331372261 3.029755354 -0.044969894 0.809467912 -0.065508761 0.580524743 0.058834016
1403636945701666560.000000 5.172949314 2.997128725 -0.044161499 0.821419954 -0.070113376 0.563005269 0.058125112
1403636946201666560.000000 5.069311142 3.014011621 -0.135283157 0.817425728 -0.076213337 0.567304432 0.064593658
1403636946651666432.000000 5.009615421 3.072585583 -0.325366378 0.810322702 -0.083437525 0.575723588 0.070411377
1403636947901666560.000000 4.923681259 2.974047899 -0.560227692 0.825254023 -0.083055876 0.552568436 0.082009502
1403636949501666560.000000 5.596348286 3.252515793 -0.801316977 0.807172775 -0.077898361 0.583634436 0.042129453
1403636949851666432.000000 5.701921940 3.370567560 -0.850447357 0.819589019 -0.079560027 0.566106141 0.038313355
1403636950101666560.000000 5.774875164 3.432414055 -0.847277045 0.829002857 -0.081505224 0.552035153 0.036992401
1403636952651666432.000000 7.018497944 4.044026852 -0.967685103 0.807324290 -0.068172894 0.583734035 0.053241584
1403636954401666560.000000 7.899258614 4.550491333 -1.084739685 0.826295435 -0.062121451 0.557385623 0.051944204
1403636954901666560.000000 8.256607056 4.760511875 -1.067747831 0.815915823 -0.074770018 0.570170403 0.059972517
1403636955251666432.000000 8.510266304 4.925232887 -1.136505008 0.812795103 -0.084810615 0.571893156 0.071481004
1403636955651666432.000000 8.790493965 5.139041901 -1.166019440 0.811099410 -0.094631843 0.571368337 0.081857979
1403636956051666432.000000 9.059406281 5.380789757 -1.182788730 0.808894575 -0.114334531 0.573130786 0.064330705
1403636956401666560.000000 9.266715050 5.562910080 -1.159072161 0.809232116 -0.116538562 0.571447492 0.070781916
1403636956601666560.000000 9.373499870 5.653864384 -1.174453259 0.805009425 -0.102432057 0.579491496 0.075213581
1403636956951666432.000000 9.522900581 5.814773083 -1.216240287 0.810615540 -0.051975507 0.583215296 0.007809866
1403636957051666432.000000 9.556447983 5.851367474 -1.212227702 0.812197864 -0.020348767 0.583022237 -0.002379031
1403636957451666432.000000 9.660089493 5.981086254 -1.164181828 -0.812885106 -0.064713739 -0.577191055 0.043363642
1403636957801666560.000000 9.732946396 6.093117237 -1.200637817 -0.810287118 -0.096973024 -0.572482586 0.079339132
1403636958501666560.000000 9.855878830 6.261086464 -1.217832685 -0.782036901 -0.247885182 -0.543928444 0.176389351
1403636961401666560.000000 10.106492043 7.086049557 -1.455887437 -0.728387773 -0.367407531 -0.519188285 0.254767686
1403636962151666432.000000 9.964153290 7.332174778 -1.271822214 -0.667116761 -0.471826255 -0.474631816 0.327200234
1403636962351666432.000000 9.915925026 7.387939453 -1.220975637 -0.641512275 -0.504631162 -0.459365129 0.350418448
1403636962601666560.000000 9.845598221 7.452693939 -1.126247048 -0.602545083 -0.551199019 -0.441712141 0.371496171
1403636962851666432.000000 9.758048058 7.509204388 -1.046738267 -0.569696128 -0.584941447 -0.433296949 0.381501645
1403636963401666560.000000 9.487375259 7.583981991 -1.005667806 -0.578376174 -0.570158422 -0.417529225 0.407516748
1403636963851666432.000000 9.257270813 7.575119495 -0.982909918 -0.585973620 -0.564461589 -0.427175164 0.394384980
1403636964301666560.000000 9.011009216 7.521668434 -0.855707169 -0.583584368 -0.563499928 -0.433145314 0.392787755
1403636964751666432.000000 8.718572617 7.420216084 -0.808140635 -0.558849335 -0.587658882 -0.433488995 0.392978162
1403636964901666560.000000 8.601701736 7.373262882 -0.809466422 -0.540093184 -0.602568924 -0.421862721 0.408952326
1403636965051666432.000000 8.472293854 7.316240788 -0.799578190 -0.517653286 -0.619101942 -0.405029595 0.429766089
1403636967901666560.000000 6.228091717 6.188642979 -0.444209784 -0.512633681 -0.621421278 -0.387048602 0.448592931
1403636969901666560.000000 5.138351440 4.327643394 -0.471364737 -0.533639133 -0.633143067 -0.365485698 0.425181657
1403636970101666560.000000 5.024142742 4.171166897 -0.473556817 -0.527525723 -0.626906812 -0.373110443 0.435308069
1403636970251666432.000000 4.938168049 4.058305740 -0.482303232 -0.522152066 -0.622443020 -0.379487514 0.442618459
1403636970551666432.000000 4.768589020 3.832864761 -0.500544846 -0.530995190 -0.633020341 -0.365136504 0.428957641
1403636970701666560.000000 4.682639122 3.729405403 -0.497237951 -0.533471107 -0.639189422 -0.359015614 0.421845257
1403636972001666560.000000 4.128282547 3.384624958 -0.641584516 -0.521394312 -0.620825469 -0.365044743 0.457674831
1403636972201666560.000000 4.105033398 3.351433754 -0.667639196 -0.524149776 -0.622687936 -0.361270368 0.454984009
1403636972701666560.000000 4.092139244 3.284656286 -0.619401872 -0.523826063 -0.627647221 -0.364991575 0.445473224
1403636974351666432.000000 4.122184753 3.139749289 -0.775315344 -0.594399333 -0.567403913 -0.413096458 0.392547667
1403636977101666560.000000 4.419195652 3.045943975 -1.052614212 -0.785159469 -0.257173926 -0.530107081 0.190715939
1403636977601666560.000000 4.607043743 3.004135609 -1.103116035 -0.770711005 -0.266896755 -0.542616487 0.200843483
1403636978651666432.000000 5.060625553 2.822088957 -1.210417390 -0.793618202 -0.263229996 -0.521237016 0.170856819
1403636979701666560.000000 5.643654823 2.898909569 -1.335383773 -0.792768717 -0.263806581 -0.523705423 0.166302890
1403636980501666560.000000 6.134958267 3.203781128 -1.345457077 -0.775812387 -0.243955448 -0.554547012 0.176291093
1403636981801666560.000000 6.763112068 3.683201313 -1.477572918 -0.786456287 -0.249661356 -0.542735100 0.156826049
1403636982551666432.000000 7.170345783 4.042028427 -1.445572138 -0.790982902 -0.231999919 -0.538721979 0.174071237
1403636982751666432.000000 7.321094513 4.152342796 -1.424870014 -0.790802777 -0.235544503 -0.537124038 0.175064549
1403636983501666560.000000 7.934493542 4.544832706 -1.486755133 -0.780895472 -0.245118901 -0.550936937 0.163056448
1403636983951666432.000000 8.273196220 4.798868179 -1.498953462 -0.794106007 -0.245560795 -0.535458386 0.149599269
1403636986551666432.000000 9.535336494 6.831864357 -1.570344925 -0.771859944 -0.267925054 -0.548003972 0.179276511
1403636989351666432.000000 8.780315399 7.549343109 -1.189999938 -0.755848706 -0.253185242 -0.564387441 0.214608669
1403636990301666560.000000 8.270694733 6.767484665 -1.051584363 -0.761895776 -0.269336581 -0.557525396 0.190100506
1403636990601666560.000000 8.085589409 6.521234035 -0.992121816 -0.767249763 -0.275696874 -0.547466874 0.188677311
1403636991201666560.000000 7.711030483 6.075252533 -1.031091928 -0.767565131 -0.280913293 -0.545340359 0.185836896
1403636991501666560.000000 7.514821529 5.876722336 -1.038383842 -0.770040989 -0.278708309 -0.543824196 0.183341056
1403636992601666560.000000 6.912839890 5.224580288 -0.885550559 -0.778268576 -0.260031134 -0.545551121 0.170457840
1403636993401666560.000000 6.524670601 4.881997585 -0.805680335 -0.764832437 -0.274657339 -0.548420966 0.197051466
1403636993601666560.000000 6.419853687 4.809235096 -0.752067268 -0.752943814 -0.306430578 -0.539572895 0.219173223
1403636994351666432.000000 6.014200211 4.515155792 -0.673384726 -0.720397532 -0.340117484 -0.551171184 0.248108640
1403636995151666432.000000 5.436744213 4.058922768 -0.654330850 -0.737025499 -0.331309825 -0.531604528 0.253818661
1403636995651666432.000000 5.077600956 3.700485945 -0.556332946 -0.737486541 -0.342208445 -0.527808726 0.245814741
1403636996001666560.000000 4.819625854 3.434877872 -0.492155105 -0.746758521 -0.332720876 -0.515740216 0.256243140
1403636996451666432.000000 4.537970543 3.089911699 -0.433149725 -0.740774810 -0.351247430 -0.517597318 0.244889557
1403636999401666560.000000 3.420496941 2.125116587 0.129010648 -0.670981884 -0.460097164 -0.489983290 0.313065976
1403637002201666560.000000 1.879902363 1.286263347 0.199642539 -0.683441103 -0.449508429 -0.483289629 0.311900109
1403637002701666560.000000 1.593333602 1.091611981 0.192222714 -0.680071890 -0.453893453 -0.488750398 0.304312408
1403637003051666432.000000 1.383444786 0.967036664 0.208670989 -0.683866501 -0.447792470 -0.487303019 0.307155073
1403637003301666560.000000 1.234902263 0.882544518 0.180620775 -0.684889495 -0.444140047 -0.489228427 0.307118207
1403637003751666432.000000 0.970804095 0.733265460 0.196046516 -0.686199427 -0.439022779 -0.490566880 0.309408396
1403637004151666432.000000 0.746489167 0.594626784 0.185488239 -0.687516391 -0.449676991 -0.483758599 0.301810354
1403637004551666432.000000 0.538507402 0.489413530 0.195423514 -0.684190929 -0.443451375 -0.488658875 0.310557932
1403637004951666432.000000 0.353690028 0.378534555 0.253179103 -0.701114118 -0.425746262 -0.473934174 0.320258677
1403637005101666560.000000 0.303484440 0.333744735 0.229811668 -0.699734211 -0.430778623 -0.478345394 0.309818774
1403637005451666432.000000 0.211701453 0.239307076 0.152429119 -0.694342792 -0.438846409 -0.485291451 0.299656630
1403637005751666432.000000 0.135869771 0.175178289 0.117661022 -0.697225451 -0.440611690 -0.475947946 0.305305779
1403637006201666560.000000 0.043304555 0.108967386 0.150698543 -0.690043151 -0.440591305 -0.484480023 0.308218986
1403637006401666560.000000 0.006867740 0.083103344 0.151289627 -0.700731635 -0.443953156 -0.468916327 0.303312242
1403637006751666432.000000 -0.026504036 0.065011941 0.141489670 -0.684291720 -0.451307535 -0.472845495 0.323239028
1403637007101666560.000000 -0.035448518 0.055327985 0.110289559 -0.645954013 -0.502562404 -0.454849660 0.351121575
1403637007301666560.000000 -0.035728209 0.048631206 0.092708036 -0.624925852 -0.519595623 -0.456470072 0.362109512
1403637007651666432.000000 -0.050145403 0.018572032 0.051322691 -0.624800980 -0.531595170 -0.445397943 0.358679444
1403637007801666560.000000 -0.063110672 0.004667634 0.031783491 -0.631474376 -0.535146952 -0.438151687 0.350543737
1403637008201666560.000000 -0.102403395 -0.012463439 -0.002849272 -0.638661385 -0.524641752 -0.438984424 0.352356941
1403637008601666560.000000 -0.137302190 0.000501152 0.000898238 -0.637948394 -0.513273776 -0.449345678 0.357296020
1403637009051666432.000000 -0.149986416 0.028088260 -0.027329229 -0.652941346 -0.501872540 -0.434271485 0.364965558
1403637009401666560.000000 -0.102591559 0.051204368 -0.080743864 -0.634739578 -0.517071545 -0.452799022 0.353151292
1403637009601666560.000000 -0.087308496 0.055695344 -0.094080873 -0.607531667 -0.501857579 -0.449903220 0.420275241
1403637010101666560.000000 -0.086611837 0.057094686 -0.106542848 -0.620704770 -0.491601884 -0.452925891 0.409770012
1403637010601666560.000000 -0.094008915 0.051373929 -0.120202914 -0.621003389 -0.491289765 -0.452525347 0.410133988
