1403636867951666432.000000 -10.254627228 9.728911400 3.990830183 -0.651685536 -0.686927736 -0.203219131 0.249275580
1403636870601666560.000000 -9.895775795 9.810689926 4.003916740 -0.678945065 -0.638166368 -0.253686279 0.259654790
1403636873301666560.000000 -10.139499664 9.790276527 3.983745813 -0.665228128 -0.650479078 -0.233875439 0.282224715
1403636876001666560.000000 -10.262236595 9.571926117 3.936884642 -0.767743289 -0.518313766 -0.267092675 0.265673876
1403636876051666432.000000 -10.240213394 9.558291435 3.939045668 -0.773466468 -0.508831918 -0.275286764 0.258953303
1403636876301666560.000000 -10.115829468 9.539443016 3.947234869 -0.796968341 -0.465087593 -0.305943191 0.234379485
1403636876351666432.000000 -10.088879585 9.546566010 3.946326256 -0.801561773 -0.459314406 -0.306717962 0.229026347
1403636876451666432.000000 -10.032651901 9.572048187 3.944302559 -0.807565570 -0.452268481 -0.309309870 0.218216687
1403636876501666560.000000 -10.004486084 9.590002060 3.943791151 -0.807411313 -0.451498568 -0.313815594 0.213905975
1403636876901666560.000000 -9.891672134 9.811614037 3.955075979 -0.760663807 -0.498937249 -0.339154392 0.239638478
1403636877101666560.000000 -9.955449104 9.918676376 3.954641342 -0.716938257 -0.550006747 -0.326493949 0.277297527
1403636878501666560.000000 -10.202892303 9.599177361 3.913245440 -0.716215074 -0.584595442 -0.258893818 0.279746711
1403636879101666560.000000 -9.896442413 9.751921654 3.949253559 -0.748747885 -0.530582607 -0.309987128 0.248528898
1403636879151666432.000000 -9.887495995 9.775337219 3.952764511 -0.746018112 -0.530282855 -0.312651396 0.253980666
1403636879201666560.000000 -9.881948471 9.799435616 3.956732035 -0.741970897 -0.530581892 -0.317129791 0.259597600
1403636879451666432.000000 -9.915091515 9.904819489 3.975021839 -0.706221938 -0.557506502 -0.325820893 0.290306658
1403636879501666560.000000 -9.933653831 9.919716835 3.977867603 -0.696870804 -0.567603528 -0.322431058 0.297044873
1403636880651666432.000000 -10.157316208 9.593363762 4.025111198 -0.700131714 -0.577750623 -0.311139911 0.281445831
1403636880801666560.000000 -10.185263634 9.533297539 4.033081532 -0.710145712 -0.574150145 -0.303334802 0.272089809
1403636881351666432.000000 -10.368401527 9.566219330 4.045096874 -0.640282452 -0.627822995 -0.283749402 0.339651197
1403636881451666432.000000 -10.376669884 9.608596802 4.047713280 -0.626752853 -0.639315724 -0.282743424 0.344256252
1403636881551666432.000000 -10.369217873 9.658312798 4.049409866 -0.614659607 -0.647141397 -0.288889498 0.346330076
1403636882201666560.000000 -10.101978302 9.880944252 4.000998497 -0.629523456 -0.630658567 -0.312853754 0.328774244
1403636882351666432.000000 -10.063333511 9.860057831 3.978199482 -0.632602990 -0.621884048 -0.322895616 0.329866856
1403636882601666560.000000 -10.078447342 9.821318626 3.942416906 -0.620341420 -0.625685513 -0.315321267 0.352514833
1403636884651666432.000000 -10.213370323 9.995673180 3.766900301 -0.447686583 -0.659098446 -0.314049482 0.516274035
1403636887551666432.000000 -10.213147163 9.991728783 3.772787571 -0.448273748 -0.658964515 -0.313584417 0.516218245
1403636888551666432.000000 -10.215372086 9.983327866 3.773584843 -0.448560566 -0.658645213 -0.313369602 0.516506970
1403636891051666432.000000 -10.211892128 9.984704018 3.773922205 -0.448125005 -0.658371866 -0.313854575 0.516938925
1403636893551666432.000000 -10.214400291 9.998855591 3.771150827 -0.448055953 -0.658291698 -0.313892901 0.517077506
1403636896051666432.000000 -10.211172104 9.983390808 3.774979591 -0.448276937 -0.659018636 -0.313213587 0.516371548
1403636898151666432.000000 -10.101951599 9.905490875 3.858899355 -0.457924724 -0.687657297 -0.315385431 0.466866702
1403636898251666432.000000 -10.097466469 9.908277512 3.872069836 -0.454688132 -0.687898219 -0.314749032 0.470093429
1403636898501666560.000000 -10.094329834 9.921387672 3.918981075 -0.449451804 -0.691876829 -0.308957219 0.473122656
1403636898951666432.000000 -10.112554550 9.969387054 4.002320290 -0.447571516 -0.695217669 -0.297993064 0.477024347
1403636900701666560.000000 -9.904458046 10.301952362 4.199420452 -0.529538810 -0.634732604 -0.355639905 0.436146110
1403636900951666432.000000 -9.855980873 10.354207993 4.218786716 -0.533554673 -0.631868601 -0.343226820 0.445260525
1403636902601666560.000000 -9.225541115 10.925519943 4.141370296 -0.523944974 -0.631172478 -0.364555389 0.440684050
1403636903401666560.000000 -8.940604210 11.166370392 4.169172764 -0.518701136 -0.635880053 -0.363900065 0.440661401
1403636906301666560.000000 -8.054123878 12.213004112 4.402571678 -0.510404646 -0.646752238 -0.356546342 0.440537542
1403636907001666560.000000 -7.990674973 12.542003632 4.415875912 -0.508739054 -0.645943820 -0.355327278 0.444616318
1403636907251666432.000000 -7.967253685 12.659263611 4.417390823 -0.509422600 -0.652274609 -0.349052191 0.439532816
1403636907701666560.000000 -7.938916683 12.902411461 4.434815884 -0.518851995 -0.647580802 -0.329901040 0.450107813
1403636908301666560.000000 -7.847988605 13.324554443 4.489960670 -0.498778731 -0.650042951 -0.347906768 0.455658644
1403636908651666432.000000 -7.794620514 13.567081451 4.477813244 -0.495070577 -0.656640112 -0.341929793 0.454767019
1403636909101666560.000000 -7.737309933 13.889901161 4.537485600 -0.502159595 -0.660757422 -0.326530397 0.452342033
1403636910001666560.000000 -7.603911877 14.661845207 4.494814873 -0.479825377 -0.653245330 -0.369726062 0.454247624
1403636911901666560.000000 -7.550077438 15.871989250 4.387582779 -0.500661612 -0.651983976 -0.333735347 0.461384445
1403636912551666432.000000 -7.499061108 16.240068436 4.350666523 -0.502255440 -0.648651004 -0.337189168 0.461838543
1403636913151666432.000000 -7.377987385 16.602701187 4.246690273 -0.495773852 -0.643260777 -0.349376947 0.467289686
1403636913501666560.000000 -7.275292873 16.791204453 4.215206146 -0.501899898 -0.644950747 -0.339531183 0.465675473
1403636916401666560.000000 -6.402326107 18.095348358 4.310920715 -0.496356755 -0.649634242 -0.352444649 0.455399007
1403636919201666560.000000 -6.232197285 18.747138977 4.312442780 -0.615812123 -0.528380632 -0.413373977 0.413172394
1403636921551666432.000000 -5.843266010 18.487785339 4.470713139 -0.618715942 -0.522447288 -0.436749488 0.391777307
1403636923801666560.000000 -5.582107544 18.168109894 4.171691418 -0.695623159 -0.465323180 -0.457867920 0.299899697
1403636924301666560.000000 -5.504578114 18.259214401 4.150739193 -0.689750135 -0.467848569 -0.463559330 0.300791055
1403636925501666560.000000 -5.122279644 18.656938553 4.006358624 -0.703862548 -0.448710561 -0.470380455 0.286319166
1403636926501666560.000000 -4.745953560 19.210161209 3.912553787 -0.686144471 -0.416643888 -0.493892282 0.334191769
1403636929051666432.000000 -3.390889883 20.167648315 3.719633341 -0.744457126 -0.332186192 -0.526579857 0.241142496
1403636929401666560.000000 -3.201767683 20.317123413 3.806818247 -0.744182408 -0.320525259 -0.524786949 0.260873020
1403636929851666432.000000 -2.958761215 20.436502457 3.835844994 -0.738237143 -0.339260578 -0.530797124 0.241169348
1403636930351666432.000000 -2.738644123 20.530767441 3.887298346 -0.744069278 -0.331959277 -0.522034287 0.252278030
1403636933251666432.000000 -2.519157887 19.836090088 4.072042942 -0.788595974 -0.227312669 -0.548872769 0.158694968
1403636933651666432.000000 -2.684247017 19.706478119 4.014305592 -0.793079615 -0.221992850 -0.545378923 0.155903548
1403636935851666432.000000 -3.416443586 18.927513123 4.096803188 -0.819237411 -0.061225228 -0.567313850 0.057067368
1403636936051666432.000000 -3.465631008 18.839622498 4.060610294 -0.833960593 -0.063473545 -0.545291364 0.056021087
1403636936551666432.000000 -3.493729115 18.625877380 3.995325327 -0.816791058 -0.061336424 -0.571319997 0.051804088
1403636937351666432.000000 -3.474894285 18.323787689 3.996741056 -0.816089511 -0.052060254 -0.573898196 0.043916181
1403636938001666560.000000 -3.465800524 18.131696701 3.903879404 -0.803195596 -0.058661498 -0.592490911 0.019755248
1403636938951666432.000000 -3.718544722 17.880031586 3.780077934 -0.818119824 -0.009781699 -0.573764741 0.037127029
1403636939301666560.000000 -3.832511187 17.682575226 3.769380331 -0.815500617 -0.019417392 -0.577693403 0.029191600
1403636939701666560.000000 -3.963682175 17.452383041 3.761680365 -0.803061068 -0.027065907 -0.594226718 0.035424151
1403636940101666560.000000 -4.146839142 17.209608078 3.751438856 -0.807581663 -0.012931011 -0.588726163 0.032346565
1403636942251666432.000000 -5.143287659 15.723877907 3.794776440 -0.817110777 -0.006132189 -0.576010823 0.022449074
1403636942501666560.000000 -5.242461681 15.563908577 3.800478935 0.817151845 -0.003308755 0.575700343 -0.028652798
1403636942651666432.000000 -5.300711632 15.461140633 3.787008286 0.821321428 -0.005629356 0.569778502 -0.027421784
1403636943301666560.000000 -5.513759613 14.985116959 3.789585829 0.814016700 -0.003531824 0.580782831 -0.007462430
1403636943451666432.000000 -5.564309597 14.879324913 3.788103819 0.812943220 -0.005479584 0.582299590 -0.004517397
1403636943751666432.000000 -5.675700188 14.679122925 3.747588634 0.810787797 -0.006191793 0.585305870 0.001343206
1403636944601666560.000000 -5.926599979 14.219553947 3.602164984 -0.816960454 -0.038664129 -0.575289726 0.011062651
1403636944951666432.000000 -5.976135254 14.101015091 3.655754328 -0.810496330 -0.049050611 -0.583075166 0.026702944
1403636945451666432.000000 -6.089269161 13.997713089 3.665579557 -0.809551239 -0.053901568 -0.583679438 0.032244135
1403636945751666432.000000 -6.184188366 13.959023476 3.664164066 -0.826680660 -0.050773863 -0.559680939 0.027898861
1403636946251666432.000000 -6.280879974 13.951684952 3.563313007 -0.817586124 -0.043781534 -0.573679626 0.022974843
1403636946601666560.000000 -6.337833881 13.982099533 3.413864136 -0.812346697 -0.036999259 -0.581659675 0.019902075
1403636946851666432.000000 -6.392644405 14.014750481 3.322925568 -0.817700446 -0.012185602 -0.573427677 0.048971105
1403636947251666432.000000 -6.471187115 13.992480278 3.192069292 -0.830923021 -0.015658053 -0.554719925 0.040094685
1403636947751666432.000000 -6.445820332 13.892829895 3.163188696 -0.831059694 -0.027171403 -0.555165887 0.019807184
1403636948251666432.000000 -6.297390461 13.851978302 3.116488934 -0.831375360 -0.042059764 -0.554050267 0.008628274
1403636948701666560.000000 -6.111158848 13.926585197 3.018289566 -0.817910790 -0.072591484 -0.570518613 -0.016159525
1403636949101666560.000000 -5.956348419 14.133968353 2.990606785 -0.809541523 -0.040810384 -0.584137559 0.041957870
1403636949551666432.000000 -5.830671787 14.360082626 2.910825968 -0.809335053 -0.039625917 -0.583717465 0.051773965
1403636950001666560.000000 -5.745136261 14.527898788 2.874922037 -0.827785671 -0.042318430 -0.557281852 0.049163733
1403636951301666560.000000 -5.302940369 14.962044716 2.868318081 -0.824428976 -0.044315469 -0.562286556 0.046765167
1403636954101666560.000000 -4.166882515 16.112232208 2.643922091 -0.823120236 -0.061146569 -0.563587308 0.033218369
1403636954251666432.000000 -4.099529266 16.187353134 2.656475306 -0.823878765 -0.059930909 -0.562514544 0.034779210
1403636955551666432.000000 -3.387415171 17.016365051 2.616157532 -0.816508055 -0.026015127 -0.576682985 0.008641317
1403636955901666560.000000 -3.215322971 17.282194138 2.581485271 -0.817310274 -0.018436255 -0.575832427 0.009008313
1403636956101666560.000000 -3.121475220 17.437641144 2.596435547 -0.817188978 0.000400558 -0.575591028 0.029951939
1403636956501666560.000000 -2.952818394 17.694650650 2.609695911 -0.816823006 -0.009670770 -0.576744974 0.008484896
1403636956601666560.000000 -2.913713217 17.755033493 2.600323915 -0.812016845 -0.015573163 -0.583243668 0.014589944
1403636957001666560.000000 -2.794820547 17.978267670 2.562492847 -0.808861911 -0.081377186 -0.575773776 0.087205239
1403636957401666560.000000 -2.717396736 18.139617920 2.612691164 -0.796049476 -0.176543996 -0.564676940 0.127583459
1403636957651666432.000000 -2.682420254 18.233566284 2.605384588 -0.791927099 -0.193943918 -0.560033500 0.146968648
1403636957951666432.000000 -2.650274754 18.345668793 2.547616005 -0.778842151 -0.246349230 -0.543390512 0.193503588
1403636959751666432.000000 -2.425500870 18.775218964 2.455035448 -0.735310674 -0.353844017 -0.521051228 0.250236690
1403636962001666560.000000 -2.750974894 19.511219025 2.523853302 -0.610912621 -0.539307177 -0.434710234 0.383354485
1403636962151666432.000000 -2.794732094 19.545131683 2.552612782 -0.592351615 -0.561279595 -0.420069158 0.397022277
1403636962351666432.000000 -2.855907679 19.585281372 2.605122089 -0.562218189 -0.589940131 -0.401581049 0.417868346
1403636962601666560.000000 -2.940119505 19.627695084 2.701988697 -0.516778767 -0.630311191 -0.381180137 0.436290354
1403636963051666432.000000 -3.134685278 19.666402817 2.818940163 -0.474594116 -0.653677285 -0.363222271 0.464258522
1403636963451666432.000000 -3.338526726 19.638650894 2.827383757 -0.491928101 -0.645252526 -0.351916432 0.466702044
1403636963801666560.000000 -3.504992723 19.576154709 2.846586227 -0.498340130 -0.641775489 -0.361900598 0.456956744
1403636964251666432.000000 -3.720497608 19.456649780 2.974937439 -0.497842461 -0.638410091 -0.368100882 0.457260489
1403636964701666560.000000 -3.955919981 19.285858154 3.035905838 -0.474981636 -0.655353427 -0.370448768 0.455710441
1403636964951666432.000000 -4.116746902 19.158802032 3.037573099 -0.438005358 -0.676753104 -0.350443065 0.476808518
1403636965251666432.000000 -4.334644794 18.963645935 3.082878113 -0.402786285 -0.708560050 -0.307869256 0.490838438
1403636967651666432.000000 -5.876779556 17.599958420 3.458401918 -0.415390939 -0.688971460 -0.311927170 0.505440533
1403636968901666560.000000 -6.208039284 16.415575027 3.226905346 -0.414876580 -0.690923512 -0.315301120 0.501086175
1403636969851666432.000000 -6.425959110 15.353587151 3.389478683 -0.434256822 -0.703296125 -0.296111882 0.478657991
1403636970051666432.000000 -6.486765862 15.168023109 3.392460346 -0.431351602 -0.697518051 -0.299597055 0.487489611
1403636970301666560.000000 -6.566081047 14.947626114 3.379218102 -0.424884319 -0.691360652 -0.306473136 0.497562021
1403636970601666560.000000 -6.659920216 14.685956955 3.364013672 -0.432302862 -0.704672396 -0.293257296 0.480157644
1403636970751666432.000000 -6.711830139 14.565984726 3.373898983 -0.434340835 -0.710773468 -0.287640363 0.472665071
1403636971051666432.000000 -6.838912010 14.371088028 3.400564671 -0.441579878 -0.715214550 -0.273922384 0.467377692
1403636971951666432.000000 -7.115085125 14.127295494 3.237999916 -0.425339937 -0.687709093 -0.291321307 0.511149764
1403636972201666560.000000 -7.133223057 14.080434799 3.201555967 -0.427176267 -0.690489888 -0.287984848 0.507748783
1403636972701666560.000000 -7.125562191 14.011167526 3.249903679 -0.425956935 -0.695519984 -0.293073267 0.498919666
1403636973201666560.000000 -7.095094204 13.963068008 3.257129431 -0.450735480 -0.686515212 -0.304508716 0.482502818
1403636974501666560.000000 -7.050369740 13.879132271 3.054666281 -0.531679153 -0.620865345 -0.372159451 0.439705461
1403636977401666560.000000 -6.647323608 13.945133209 2.717740774 -0.735850155 -0.370315194 -0.494719386 0.276846617
1403636978151666432.000000 -6.328778744 13.941253662 2.554714441 -0.731442750 -0.362709314 -0.507881165 0.274754941
1403636979451666432.000000 -5.708891392 14.058259010 2.462864637 -0.742702305 -0.371640116 -0.497447431 0.250645339
1403636979801666560.000000 -5.544052601 14.181294441 2.464365721 -0.746982276 -0.372110784 -0.493563741 0.244838566
1403636980151666432.000000 -5.375444889 14.354771614 2.484858274 -0.738700986 -0.362832904 -0.511313856 0.247449547
1403636981001666560.000000 -5.049752712 14.787367821 2.392288923 -0.735291600 -0.363647431 -0.513369441 0.252108455
1403636982801666560.000000 -4.364717960 15.795595169 2.377495766 -0.749882162 -0.347684443 -0.501819789 0.254890651
1403636983201666560.000000 -4.113366604 16.086132050 2.368728161 -0.741375029 -0.353476912 -0.513047695 0.249397948
1403636983501666560.000000 -3.925179958 16.305971146 2.312600374 -0.738385737 -0.353531420 -0.518859327 0.246144503
1403636984251666432.000000 -3.523657084 16.899967194 2.348617077 -0.750973284 -0.350617498 -0.509948015 0.230346695
1403636987201666560.000000 -3.246287584 19.378217697 2.375783205 -0.726381242 -0.367686778 -0.514975011 0.268286198
1403636989801666560.000000 -4.074231148 18.999025345 2.719323635 -0.723805606 -0.377540320 -0.511366606 0.268464208
1403636990851666432.000000 -4.417412281 18.006462097 2.843448639 -0.720818222 -0.387469977 -0.507609189 0.269483119
1403636991151666432.000000 -4.535380840 17.747560501 2.802806616 -0.720060706 -0.387131453 -0.508836150 0.269680589
1403636991901666560.000000 -4.851718903 17.166019440 2.886016369 -0.734977424 -0.366620779 -0.498417348 0.277448386
1403636992801666560.000000 -5.133851051 16.539356232 2.982120752 -0.736379266 -0.367872596 -0.510995209 0.247586846
1403636993601666560.000000 -5.412877560 16.134559631 3.080527782 -0.702231050 -0.410483867 -0.498383522 0.299980849
1403636995901666560.000000 -6.458751202 14.473820686 3.336367369 -0.688787580 -0.437946081 -0.472718418 0.332132876
1403636996201666560.000000 -6.578001976 14.192118645 3.358285904 -0.689287663 -0.443464756 -0.473224431 0.322924465
1403636996551666432.000000 -6.696239948 13.887527466 3.436451674 -0.676221609 -0.463651180 -0.470011264 0.326865941
1403636999301666560.000000 -7.391044140 12.767112732 3.956283808 -0.594463050 -0.553231597 -0.439067215 0.384406805
1403637001001666560.000000 -8.082001686 12.141640663 4.009891510 -0.599243462 -0.544792533 -0.437306702 0.390987426
1403637001401666560.000000 -8.283442497 11.918220520 4.030729294 -0.603022873 -0.541682184 -0.433558315 0.393663496
1403637002051666432.000000 -8.587963104 11.525800705 4.089440823 -0.610146224 -0.543516755 -0.428826213 0.385252297
1403637002501666560.000000 -8.783943176 11.265381813 4.050727367 -0.608406901 -0.545991600 -0.431399286 0.381613731
1403637002801666560.000000 -8.919066429 11.103696823 4.084598064 -0.607490838 -0.546539664 -0.434570074 0.378679603
1403637003251666432.000000 -9.132289886 10.869035721 4.069090843 -0.612827063 -0.540082812 -0.433774769 0.380254000
1403637003601666560.000000 -9.296041489 10.694875717 4.063266754 -0.614217460 -0.534116149 -0.435388833 0.384569049
1403637004051666432.000000 -9.495395660 10.466247559 4.084179401 -0.615251303 -0.542626500 -0.429939210 0.377060473
1403637004501666560.000000 -9.684347153 10.272111893 4.073609829 -0.613028705 -0.539911449 -0.430308908 0.384090811
1403637004951666432.000000 -9.845931053 10.091029167 4.142828941 -0.631348491 -0.523347020 -0.416375279 0.392604917
1403637005251666432.000000 -9.907329559 9.980738640 4.090353012 -0.625220895 -0.531702101 -0.429614604 0.376594037
1403637005551666432.000000 -9.956921577 9.888051987 4.022896767 -0.618719280 -0.536196709 -0.434013069 0.375915349
1403637005851666432.000000 -10.009822845 9.811282158 4.019195557 -0.623228192 -0.538879633 -0.422294110 0.377972335
1403637006151666432.000000 -10.053578377 9.754010201 4.040055275 -0.617778242 -0.536115646 -0.429652005 0.382529974
1403637006601666560.000000 -10.106131554 9.692238808 4.036581993 -0.628082931 -0.538364530 -0.409373641 0.384823173
1403637007001666560.000000 -10.119318962 9.682913780 4.005115986 -0.579178989 -0.578103721 -0.398183286 0.414485127
1403637007401666560.000000 -10.117617607 9.671693802 3.966445446 -0.534206688 -0.606885493 -0.395867079 0.435433596
1403637007751666432.000000 -10.128629684 9.636092186 3.918011427 -0.544849038 -0.620842218 -0.376890510 0.419103801
1403637008201666560.000000 -10.165606499 9.606105804 3.876337767 -0.554048061 -0.611733973 -0.377584130 0.419812411
1403637008651666432.000000 -10.208431244 9.611961365 3.880401850 -0.555140615 -0.597908735 -0.387975991 0.428717554
1403637009101666560.000000 -10.218945503 9.637260437 3.844745874 -0.568414271 -0.593704283 -0.375903606 0.427921772
1403637009501666560.000000 -10.176104546 9.675351143 3.792689562 -0.534761310 -0.607346296 -0.389258891 0.440043688
1403637009601666560.000000 -10.170252800 9.677980423 3.782878876 -0.526527703 -0.584290326 -0.377941757 0.488398969
1403637010101666560.000000 -10.166080475 9.676586151 3.763966322 -0.541058958 -0.576304078 -0.382353097 0.478471518
1403637010601666560.000000 -10.166687965 9.663374901 3.740989447 -0.541283548 -0.576116681 -0.381845117 0.478848696
