#LBA time[ms],KF opt[#],KF fixed[#],MP[#],Edges[#]
0.014400,3,1,0,335
0.004064,4,1,0,449
0.209571,5,1,0,557
0.345348,6,1,0,665
0.475111,7,1,0,805
0.629289,8,1,0,960
0.814731,9,1,0,1098
1.252817,10,1,0,1254
1.535189,0,0,0,0
80.931125,0,0,0,0
2.257888,3,1,0,491
2.081502,4,1,0,764
0.005408,5,1,0,974
0.004128,6,1,0,1093
0.154882,3,1,0,971
0.473542,4,1,0,732
0.808651,3,1,0,905
1.055343,4,1,0,871
0.005504,3,1,0,320
0.005216,4,1,0,398
0.005408,5,1,0,500
0.004192,6,1,0,596
0.005760,7,1,0,702
0.005888,8,1,0,805
0.004704,9,1,0,899
0.395430,10,1,0,1003
0.583912,0,0,0,0
0.005376,0,0,0,0
0.005536,0,0,0,0
0.004544,0,0,0,0
0.694601,3,1,0,708
0.768586,4,1,0,959
0.005408,5,1,0,1140
0.005248,6,1,0,1320
0.005216,7,1,0,1566
0.004416,8,1,0,1791
0.184803,9,1,0,2101
0.286980,10,1,0,2323
0.405509,0,0,0,0
0.524679,0,0,0,0
0.686570,0,0,0,0
0.951789,0,0,0,0
1.141136,0,0,0,0
60.609812,0,0,0,0
1.698360,0,0,0,0
1.817722,0,0,0,0
2.067133,0,0,0,0
2.138206,0,0,0,0
0.005120,0,0,0,0
0.005312,0,0,0,0
0.004000,0,0,0,0
0.272964,0,0,0,0
0.813611,0,0,0,0
0.920653,0,0,0,0
1.207217,0,0,0,0
0.722314,0,0,0,0
1.375827,0,0,0,0
1.354611,0,0,0,0
56.109523,0,0,0,0
2.161759,0,0,0,0
2.721446,0,0,0,0
2.135614,0,0,0,0
2.647813,0,0,0,0
2.590756,0,0,0,0
2.893832,0,0,0,0
2.929033,0,0,0,0
3.220461,0,0,0,0
3.629203,0,0,0,0
4.194683,0,0,0,0
4.250492,0,0,0,0
4.786499,0,0,0,0
4.793027,0,0,0,0
4.803236,0,0,0,0
4.662209,0,0,0,0
4.287388,0,0,0,0
4.213788,0,0,0,0
4.002904,0,0,0,0
3.720500,0,0,0,0
3.208621,0,0,0,0
3.430672,0,0,0,0
3.561650,0,0,0,0
2.684486,0,0,0,0
5.014214,0,0,0,0
3.534514,0,0,0,0
2.831047,0,0,0,0
2.194655,0,0,0,0
1.728184,0,0,0,0
2.065629,0,0,0,0
2.530756,0,0,0,0
1.898683,0,0,0,0
2.690085,0,0,0,0
1.407123,0,0,0,0
2.095613,0,0,0,0
1.773560,0,0,0,0
1.091216,0,0,0,0
1.514293,0,0,0,0
2.570948,0,0,0,0
1.159056,0,0,0,0
1.762905,0,0,0,0
1.542934,0,0,0,0
0.981934,0,0,0,0
1.226705,0,0,0,0
0.804747,0,0,0,0
0.763659,0,0,0,0
2.075965,0,0,0,0
0.675721,0,0,0,0
0.806059,0,0,0,0
2.226624,0,0,0,0
2.438818,0,0,0,0
2.441314,0,0,0,0
1.761785,0,0,0,0
1.213489,0,0,0,0
2.116926,0,0,0,0
2.489315,0,0,0,0
1.726648,0,0,0,0
1.303251,0,0,0,0
1.708664,0,0,0,0
2.587749,0,0,0,0
2.062173,0,0,0,0
1.736377,0,0,0,0
2.000988,0,0,0,0
0.976237,0,0,0,0
2.233856,0,0,0,0
1.406228,0,0,0,0
0.933741,0,0,0,0
1.804122,0,0,0,0
0.753003,0,0,0,0
0.882060,0,0,0,0
0.914061,0,0,0,0
0.971854,0,0,0,0
1.469908,0,0,0,0
1.377427,0,0,0,0
2.360897,0,0,0,0
1.982300,0,0,0,0
1.811034,0,0,0,0
1.122800,0,0,0,0
1.278962,0,0,0,0
1.293170,0,0,0,0
1.510645,0,0,0,0
1.600791,0,0,0,0
1.408404,0,0,0,0
1.262034,0,0,0,0
1.332947,0,0,0,0
0.309604,0,0,0,0
0.791083,0,0,0,0
0.951661,0,0,0,0
1.396019,0,0,0,0
1.551126,0,0,0,0
2.327456,0,0,0,0
2.727302,0,0,0,0
2.247071,0,0,0,0
1.789817,0,0,0,0
2.303681,0,0,0,0
3.061387,0,0,0,0
3.175469,0,0,0,0
2.511843,0,0,0,0
1.940507,0,0,0,0
2.831912,0,0,0,0
2.826183,0,0,0,0
3.354382,0,0,0,0
2.598372,0,0,0,0
4.126490,0,0,0,0
3.656852,0,0,0,0
3.317518,0,0,0,0
3.089067,0,0,0,0
3.127244,0,0,0,0
2.524483,0,0,0,0
3.264046,0,0,0,0
3.203853,0,0,0,0
3.299342,0,0,0,0
2.709766,0,0,0,0
4.532159,0,0,0,0
3.292366,0,0,0,0
3.773109,0,0,0,0
5.073447,0,0,0,0
4.315036,0,0,0,0
4.039672,0,0,0,0
4.979110,0,0,0,0
4.324381,0,0,0,0
2.735814,0,0,0,0
3.058731,0,0,0,0
2.604932,0,0,0,0
3.241005,0,0,0,0
2.652773,0,0,0,0
3.039947,0,0,0,0
2.975689,0,0,0,0
3.205132,0,0,0,0
3.262254,0,0,0,0
2.574948,0,0,0,0
2.384162,0,0,0,0
2.149598,0,0,0,0
2.538563,0,0,0,0
2.419426,0,0,0,0
2.005564,0,0,0,0
2.614917,0,0,0,0
2.768807,0,0,0,0
3.330639,0,0,0,0
2.896200,0,0,0,0
4.107770,0,0,0,0
3.381871,0,0,0,0
2.565220,0,0,0,0
3.602898,0,0,0,0
3.893462,0,0,0,0
3.929591,0,0,0,0
3.878838,0,0,0,0
4.713698,0,0,0,0
4.174330,0,0,0,0
4.198555,0,0,0,0
7.515721,0,0,0,0
6.300632,0,0,0,0
4.811843,0,0,0,0
2.528004,0,0,0,0
3.179852,0,0,0,0
5.539278,0,0,0,0
3.663955,0,0,0,0
4.867716,0,0,0,0
3.878806,0,0,0,0
4.870789,0,0,0,0
6.335737,0,0,0,0
5.855665,0,0,0,0
6.505307,0,0,0,0
5.352810,0,0,0,0
6.012979,0,0,0,0
4.420861,0,0,0,0
3.920343,0,0,0,0
3.930006,0,0,0,0
5.669775,0,0,0,0
4.677634,0,0,0,0
4.629761,0,0,0,0
5.579950,0,0,0,0
5.110855,0,0,0,0
6.269336,0,0,0,0
5.947699,0,0,0,0
6.747614,0,0,0,0
8.463894,0,0,0,0
6.010580,0,0,0,0
6.727998,0,0,0,0
6.973665,0,0,0,0
6.625116,0,0,0,0
6.158646,0,0,0,0
4.928165,0,0,0,0
5.002629,0,0,0,0
4.431677,0,0,0,0
5.014982,0,0,0,0
5.836721,0,0,0,0
5.835537,0,0,0,0
5.451596,0,0,0,0
5.958899,0,0,0,0
4.987205,0,0,0,0
7.350726,0,0,0,0
7.567242,0,0,0,0
6.306872,0,0,0,0
5.408171,0,0,0,0
6.385337,0,0,0,0
5.555277,0,0,0,0
5.796177,0,0,0,0
8.148913,0,0,0,0
7.179268,0,0,0,0
6.222422,0,0,0,0
6.890433,0,0,0,0
9.153439,0,0,0,0
7.122883,0,0,0,0
9.852810,0,0,0,0
10.217550,0,0,0,0
9.196736,0,0,0,0
10.102157,0,0,0,0
10.998969,0,0,0,0
9.483076,0,0,0,0
9.290305,0,0,0,0
8.258515,0,0,0,0
8.880027,0,0,0,0
10.283440,0,0,0,0
11.832549,0,0,0,0
11.341822,0,0,0,0
8.316499,0,0,0,0
9.023390,0,0,0,0
8.363284,0,0,0,0
9.423171,0,0,0,0
8.964861,0,0,0,0
11.117083,0,0,0,0
10.269935,0,0,0,0
8.449430,0,0,0,0
11.507904,0,0,0,0
10.607124,0,0,0,0
8.825755,0,0,0,0
11.023354,0,0,0,0
13.687998,0,0,0,0
11.747940,0,0,0,0
14.732237,0,0,0,0
13.011062,0,0,0,0
15.075282,0,0,0,0
15.029362,0,0,0,0
15.569849,0,0,0,0
13.764639,0,0,0,0
14.562219,0,0,0,0
16.081696,0,0,0,0
13.293305,0,0,0,0
12.994549,0,0,0,0
15.538328,0,0,0,0
12.698641,0,0,0,0
15.503383,0,0,0,0
12.756882,0,0,0,0
10.781430,0,0,0,0
10.927224,0,0,0,0
11.167804,0,0,0,0
7.810061,0,0,0,0
10.001579,0,0,0,0
10.790166,0,0,0,0
6.933089,0,0,0,0
7.573353,0,0,0,0
9.153983,0,0,0,0
8.793435,0,0,0,0
9.427043,0,0,0,0
9.940554,0,0,0,0
7.985583,0,0,0,0
9.331874,0,0,0,0
9.018142,0,0,0,0
7.809676,0,0,0,0
8.543030,0,0,0,0
5.844657,0,0,0,0
6.201430,0,0,0,0
7.510088,0,0,0,0
7.214181,0,0,0,0
5.668527,0,0,0,0
8.360340,0,0,0,0
7.214436,0,0,0,0
7.752492,0,0,0,0
7.510184,0,0,0,0
7.535464,0,0,0,0
6.307192,0,0,0,0
7.335942,0,0,0,0
7.673610,0,0,0,0
8.549943,0,0,0,0
7.562057,0,0,0,0
8.168178,0,0,0,0
7.380102,0,0,0,0
8.216754,0,0,0,0
8.381813,0,0,0,0
7.399335,0,0,0,0
7.902702,0,0,0,0
6.648605,0,0,0,0
7.014530,0,0,0,0
8.080240,0,0,0,0
8.051504,0,0,0,0
7.707691,0,0,0,0
7.159395,0,0,0,0
9.271937,0,0,0,0
6.072853,0,0,0,0
7.842285,0,0,0,0
8.153073,0,0,0,0
5.606190,0,0,0,0
7.161860,0,0,0,0
6.876287,0,0,0,0
6.268183,0,0,0,0
7.181380,0,0,0,0
8.022863,0,0,0,0
7.742604,0,0,0,0
7.633930,0,0,0,0
7.831788,0,0,0,0
9.643814,0,0,0,0
11.143963,0,0,0,0
11.471840,0,0,0,0
11.632418,0,0,0,0
10.452305,0,0,0,0
12.249674,0,0,0,0
10.801078,0,0,0,0
11.575393,0,0,0,0
13.074838,0,0,0,0
13.359737,0,0,0,0
12.617104,0,0,0,0
11.231644,0,0,0,0
9.635717,0,0,0,0
8.596344,0,0,0,0
8.839387,0,0,0,0
9.061630,0,0,0,0
8.588888,0,0,0,0
8.121553,0,0,0,0
8.130737,0,0,0,0
6.896000,0,0,0,0
8.430517,0,0,0,0
5.084518,0,0,0,0
7.568809,0,0,0,0
4.685057,0,0,0,0
3.743988,0,0,0,0
3.977880,0,0,0,0
3.165036,0,0,0,0
2.584068,0,0,0,0
3.584786,0,0,0,0
4.590912,0,0,0,0
4.559263,0,0,0,0
6.253623,0,0,0,0
3.618802,0,0,0,0
3.461712,0,0,0,0
3.507121,0,0,0,0
4.118905,0,0,0,0
6.734430,0,0,0,0
3.895158,0,0,0,0
5.083334,0,0,0,0
4.245019,0,0,0,0
3.647378,0,0,0,0
5.650606,0,0,0,0
5.976243,0,0,0,0
5.251913,0,0,0,0
3.800501,0,0,0,0
5.134824,0,0,0,0
5.703983,0,0,0,0
3.982231,0,0,0,0
4.969861,0,0,0,0
7.264164,0,0,0,0
4.356156,0,0,0,0
6.127093,0,0,0,0
5.989075,0,0,0,0
5.042118,0,0,0,0
5.570317,0,0,0,0
5.663567,0,0,0,0
5.474348,0,0,0,0
5.558157,0,0,0,0
5.058022,0,0,0,0
4.833220,0,0,0,0
7.803885,0,0,0,0
5.219657,0,0,0,0
7.039041,0,0,0,0
7.376102,0,0,0,0
9.437923,0,0,0,0
7.034241,0,0,0,0
7.074658,0,0,0,0
9.457219,0,0,0,0
6.675965,0,0,0,0
9.300641,0,0,0,0
6.134325,0,0,0,0
9.677382,0,0,0,0
5.551277,0,0,0,0
8.733017,0,0,0,0
6.353400,0,0,0,0
7.310693,0,0,0,0
8.581239,0,0,0,0
5.952691,0,0,0,0
7.667114,0,0,0,0
4.712194,0,0,0,0
7.100482,0,0,0,0
6.129684,0,0,0,0
4.623264,0,0,0,0
8.663192,0,0,0,0
8.293555,0,0,0,0
8.899515,0,0,0,0
8.949244,0,0,0,0
4.063672,0,0,0,0
7.250244,0,0,0,0
4.551071,0,0,0,0
5.759472,0,0,0,0
7.545192,0,0,0,0
3.719571,0,0,0,0
6.693053,0,0,0,0
3.600530,0,0,0,0
6.571163,0,0,0,0
5.025126,0,0,0,0
2.983273,0,0,0,0
3.775124,0,0,0,0
5.755983,0,0,0,0
5.245257,0,0,0,0
4.077529,0,0,0,0
3.801940,0,0,0,0
6.370008,0,0,0,0
4.293435,0,0,0,0
2.666117,0,0,0,0
4.349980,0,0,0,0
5.151047,0,0,0,0
3.733236,0,0,0,0
5.308010,0,0,0,0
3.122027,0,0,0,0
5.660814,0,0,0,0
5.409003,0,0,0,0
5.893297,0,0,0,0
5.136967,0,0,0,0
3.636691,0,0,0,0
5.350443,0,0,0,0
4.272443,0,0,0,0
3.386031,0,0,0,0
4.178938,0,0,0,0
5.698862,0,0,0,0
4.956869,0,0,0,0
6.258935,0,0,0,0
5.550029,0,0,0,0
5.645295,0,0,0,0
3.766324,0,0,0,0
6.062419,0,0,0,0
5.883090,0,0,0,0
6.385848,0,0,0,0
5.624558,0,0,0,0
5.855889,0,0,0,0
6.283479,0,0,0,0
8.030767,0,0,0,0
9.257856,0,0,0,0
7.106338,0,0,0,0
7.964782,0,0,0,0
10.064460,0,0,0,0
10.643987,0,0,0,0
10.030059,0,0,0,0
7.896685,0,0,0,0
10.307054,0,0,0,0
8.194577,0,0,0,0
7.963310,0,0,0,0
10.633907,0,0,0,0
10.427344,0,0,0,0
7.505160,0,0,0,0
8.553015,0,0,0,0
7.433414,0,0,0,0
10.098091,0,0,0,0
8.124784,0,0,0,0
8.452437,0,0,0,0
8.531509,0,0,0,0
11.745570,0,0,0,0
9.209439,0,0,0,0
10.844149,0,0,0,0
9.836392,0,0,0,0
10.316559,0,0,0,0
12.007206,0,0,0,0
11.871236,0,0,0,0
12.109223,0,0,0,0
8.991677,0,0,0,0
12.364235,0,0,0,0
11.772899,0,0,0,0
8.532278,0,0,0,0
12.726063,0,0,0,0
12.621327,0,0,0,0
11.213755,0,0,0,0
10.423216,0,0,0,0
12.342922,0,0,0,0
12.519501,0,0,0,0
11.611296,0,0,0,0
12.569006,0,0,0,0
10.190572,0,0,0,0
10.911351,0,0,0,0
6.713373,0,0,0,0
6.008979,0,0,0,0
12.513100,0,0,0,0
11.596960,0,0,0,0
14.518185,0,0,0,0
13.818303,0,0,0,0
18.930309,0,0,0,0
16.989898,0,0,0,0
17.089900,0,0,0,0
11.773346,0,0,0,0
13.064916,0,0,0,0
13.764766,0,0,0,0
8.396276,0,0,0,0
12.347403,0,0,0,0
13.178486,0,0,0,0
11.918629,0,0,0,0
16.342594,0,0,0,0
11.615040,0,0,0,0
15.823834,0,0,0,0
17.790805,0,0,0,0
18.910437,0,0,0,0
17.430192,0,0,0,0
17.522002,0,0,0,0
15.345972,0,0,0,0
13.392601,0,0,0,0
16.000413,0,0,0,0
12.833521,0,0,0,0
9.595396,0,0,0,0
10.279662,0,0,0,0
12.669551,0,0,0,0
6.587642,0,0,0,0
8.340371,0,0,0,0
9.264896,0,0,0,0
11.682210,0,0,0,0
9.415330,0,0,0,0
10.209581,0,0,0,0
11.082809,0,0,0,0
9.541795,0,0,0,0
9.341377,0,0,0,0
10.543442,0,0,0,0
11.451422,0,0,0,0
13.997665,0,0,0,0
17.042539,0,0,0,0
16.699206,0,0,0,0
18.191963,0,0,0,0
21.785324,0,0,0,0
17.048139,0,0,0,0
16.752519,0,0,0,0
16.130399,0,0,0,0
8.945084,0,0,0,0
9.578404,0,0,0,0
8.788250,0,0,0,0
12.686958,0,0,0,0
8.228017,0,0,0,0
7.484135,0,0,0,0
10.061099,0,0,0,0
12.304297,0,0,0,0
11.655808,0,0,0,0
7.161442,0,0,0,0
9.990218,0,0,0,0
13.552378,0,0,0,0
11.282236,0,0,0,0
10.172716,0,0,0,0
13.020627,0,0,0,0
17.005578,0,0,0,0
16.649381,0,0,0,0
15.117904,0,0,0,0
13.051316,0,0,0,0
16.610117,0,0,0,0
16.212991,0,0,0,0
15.742329,0,0,0,0
16.095613,0,0,0,0
20.385880,0,0,0,0
24.344303,0,0,0,0
17.938999,0,0,0,0
19.042183,0,0,0,0
19.551054,0,0,0,0
18.174842,0,0,0,0
19.034918,0,0,0,0
18.753954,0,0,0,0
15.763801,0,0,0,0
13.089493,0,0,0,0
12.167591,0,0,0,0
9.408321,0,0,0,0
9.906312,0,0,0,0
7.797835,0,0,0,0
9.286464,0,0,0,0
8.091824,0,0,0,0
18.033592,0,0,0,0
7.874476,0,0,0,0
6.932223,0,0,0,0
7.115746,0,0,0,0
9.864616,0,0,0,0
11.050200,0,0,0,0
8.361555,0,0,0,0
8.573590,0,0,0,0
8.188017,0,0,0,0
12.957586,0,0,0,0
9.481859,0,0,0,0
9.005500,0,0,0,0
8.697560,0,0,0,0
8.247377,0,0,0,0
10.797909,0,0,0,0
9.736486,0,0,0,0
9.582532,0,0,0,0
10.406959,0,0,0,0
12.025157,0,0,0,0
10.131435,0,0,0,0
12.861489,0,0,0,0
11.975204,0,0,0,0
11.401213,0,0,0,0
10.303214,0,0,0,0
8.407315,0,0,0,0
8.015182,0,0,0,0
9.696293,0,0,0,0
12.792016,0,0,0,0
8.841241,0,0,0,0
11.143161,0,0,0,0
10.402511,0,0,0,0
7.013985,0,0,0,0
15.061135,0,0,0,0
12.717743,0,0,0,0
13.837663,0,0,0,0
8.807929,0,0,0,0
8.830138,0,0,0,0
6.447352,0,0,0,0
11.063512,0,0,0,0
8.394515,0,0,0,0
8.479605,0,0,0,0
5.487820,0,0,0,0
8.800505,0,0,0,0
7.860588,0,0,0,0
7.883596,0,0,0,0
10.500657,0,0,0,0
6.949631,0,0,0,0
8.008526,0,0,0,0
9.211871,1066461400,65535,1066461400,1078276877
4.472285,1610612736,1189093184,1610612736,1043436535
4.732225,1066529150,65535,1066529150,1078425292
6.144596,0,0,0,1509354587
4.599071,-1080942466,0,-1080942466,1078276197
5.820208,-536870912,65,-536870912,-2081925267
5.963985,1065750718,0,1065750718,1078205029
6.428249,1680,1194471216,2720,1824089790
5.762159,0,65535,0,1078299764
5.667950,84,1140850832,84,887580762
6.144341,0,65535,0,1078369291
5.673294,-1190669152,0,-1184795751,-677299163
5.486763,65520,0,65520,1078364319
12.440107,536870912,33,536870912,1200391820
5.358026,1072692640,0,1072692640,1078494889
5.502731,0,1194471216,0,-70093866
6.691996,-1080942466,65535,-1080942466,1079430086
5.529548,-2147483648,1140850832,-2147483648,-1063777500
6.339159,-1074790808,65535,-1074790808,1078304173
5.818351,0,2768,0,-1147340384
