1403638531377829376.000000 2.617509842 -0.903924644 -9.907325745 -0.491926223 -0.680642605 -0.318357438 0.439753234
1403638532227829504.000000 2.617786407 -0.904935598 -9.907327652 -0.491461962 -0.680200815 -0.318906426 0.440557301
1403638533727829504.000000 2.617588282 -0.904141963 -9.907447815 -0.491633505 -0.680294156 -0.318802953 0.440296650
1403638536227829504.000000 2.617737532 -0.905048430 -9.906433105 -0.492189556 -0.680397153 -0.318005979 0.440092534
1403638539127829504.000000 2.612895966 -0.889322519 -9.897807121 -0.484877616 -0.667041600 -0.330282360 0.459197938
1403638539277829376.000000 2.609096527 -0.880769789 -9.875688553 -0.480945736 -0.662591815 -0.334614009 0.466579974
1403638539977829376.000000 2.587979794 -0.832756758 -9.718493462 -0.482685983 -0.676763237 -0.320822507 0.453959018
1403638540127829504.000000 2.577900648 -0.810068965 -9.705504417 -0.487467974 -0.684116662 -0.313183337 0.443029940
1403638540527829504.000000 2.522443295 -0.687739670 -9.664503098 -0.468958288 -0.682505906 -0.318611771 0.461248785
1403638541377829376.000000 2.225204229 -0.380875170 -9.628464699 -0.340480953 -0.753121793 -0.254611939 0.502048790
1403638541777829376.000000 1.984465241 -0.272991806 -9.554010391 -0.329975545 -0.754143715 -0.243740439 0.512809932
1403638541927829504.000000 1.876354814 -0.244442120 -9.504014015 -0.315997541 -0.760802507 -0.226827264 0.519494474
1403638542027829504.000000 1.803391457 -0.228009298 -9.476425171 -0.301863909 -0.767505407 -0.213821381 0.523540080
1403638542227829504.000000 1.650562763 -0.200064018 -9.440216064 -0.264431149 -0.782703340 -0.184470639 0.532374144
1403638543427829504.000000 0.722240686 -0.306822509 -9.246448517 -0.196100295 -0.801011086 -0.136821032 0.548822224
1403638543727829504.000000 0.479935408 -0.384796143 -9.230545044 -0.153298929 -0.811963320 -0.116228521 0.551095247
1403638543827829504.000000 0.397263110 -0.414000452 -9.221139908 -0.128533229 -0.815746248 -0.106285885 0.553841770
1403638544077829376.000000 0.181646541 -0.494034022 -9.165843964 -0.085546464 -0.821819186 -0.067286424 0.559256256
1403638544577829376.000000 -0.265911222 -0.641163826 -9.093349457 -0.070080042 -0.821289897 -0.046795588 0.564253449
1403638544977829376.000000 -0.625873089 -0.746190548 -9.038000107 -0.065637358 -0.820405066 -0.042702757 0.566395521
1403638545427829504.000000 -1.017287254 -0.853971839 -9.064812660 -0.062000848 -0.817445278 -0.042055406 0.571113408
1403638545677829376.000000 -1.227470160 -0.918515861 -9.093747139 -0.041636888 -0.820427418 -0.024440574 0.569708645
1403638546027829504.000000 -1.518878818 -1.010826588 -9.062335014 0.035550568 -0.824285984 0.017662924 0.564780414
1403638546227829504.000000 -1.684571981 -1.065300107 -9.035614967 0.066207953 -0.823081791 0.034733135 0.562980115
1403638546677829376.000000 -2.069735527 -1.204761028 -9.042089462 0.085478820 -0.822002649 0.055206053 0.560319006
1403638547027829504.000000 -2.390155792 -1.332695127 -8.986274719 0.106082611 -0.820073545 0.057013977 0.559441924
1403638547477829376.000000 -2.809978247 -1.548752427 -8.979415894 0.106184229 -0.820610166 0.058579277 0.558473289
1403638548027829504.000000 -3.338320017 -1.885471702 -9.068743706 0.103557058 -0.821771801 0.057990432 0.557318807
1403638548427829504.000000 -3.742600918 -2.184330702 -9.049104691 0.144871101 -0.817617238 0.090939999 0.549767613
1403638548627829504.000000 -3.948580742 -2.343317747 -9.015003204 0.166735366 -0.812606990 0.107314587 0.548044562
1403638548777829376.000000 -4.105423450 -2.463628531 -8.999556541 0.175309449 -0.810702085 0.114090875 0.546819985
1403638548927829504.000000 -4.264638424 -2.585790157 -8.973906517 0.179326668 -0.809863508 0.117756911 0.545982122
1403638549077829376.000000 -4.423615456 -2.709120750 -8.934679031 0.180519775 -0.809844017 0.118759014 0.545400441
1403638549327829504.000000 -4.691291332 -2.917084932 -8.843025208 0.177235648 -0.809290588 0.121887781 0.546607494
1403638549777829376.000000 -5.188848019 -3.288654089 -8.693018913 0.171436444 -0.807276189 0.124690667 0.550787508
1403638549927829504.000000 -5.358556271 -3.409160614 -8.640872002 0.171038091 -0.808834434 0.124006569 0.548776209
1403638550227829504.000000 -5.717875957 -3.649865389 -8.483708382 0.169809371 -0.810167372 0.127059326 0.546488464
1403638550627829504.000000 -6.208312035 -3.952783585 -8.245782852 0.166376084 -0.807465971 0.134260029 0.549810946
1403638550977829376.000000 -6.641595840 -4.179684162 -8.101413727 0.160899714 -0.792931378 0.140437290 0.570656180
1403638551127829504.000000 -6.817209244 -4.259215355 -8.052424431 0.158516109 -0.789099216 0.143244803 0.575913191
1403638551427829504.000000 -7.131486416 -4.365309715 -7.934859753 0.142301619 -0.796957672 0.141732529 0.569667161
1403638551577829376.000000 -7.277665138 -4.389123917 -7.885138988 0.112229198 -0.804032922 0.130383655 0.569153726
1403638552677829376.000000 -8.253848076 -4.033537388 -7.573191643 0.020420915 -0.802455842 0.065327942 0.592772961
1403638554177829376.000000 -8.512110710 -2.649776936 -7.327448845 0.057623513 -0.802187145 0.045293547 0.592557132
1403638554527829504.000000 -8.346421242 -2.315473795 -7.280351639 0.063057527 -0.818050921 0.039509401 0.570311666
1403638555177829376.000000 -8.061966896 -1.730674148 -7.191984177 0.035734382 -0.816947162 0.046070132 0.573757768
1403638557077829376.000000 -7.537084103 0.102337040 -6.977704048 -0.004780325 -0.822144806 0.037832834 0.567999840
1403638558127829504.000000 -7.603303432 1.331584692 -6.848061562 0.011773119 -0.829174936 0.013865974 0.558693171
1403638558977829376.000000 -7.948041439 2.202886105 -6.651208878 -0.001332526 -0.832698703 0.022958135 0.553248703
1403638561777829376.000000 -9.282832146 4.471691608 -6.989633560 -0.271321386 -0.766332984 -0.185416102 0.552032113
1403638562227829504.000000 -9.174987793 4.744423389 -7.083768845 -0.295257628 -0.756038368 -0.211186856 0.544636726
1403638562427829504.000000 -9.115462303 4.846699715 -7.096725941 -0.316610962 -0.745351791 -0.225093529 0.541794479
1403638563127829504.000000 -8.837281227 5.151486397 -7.076320648 -0.458521456 -0.668162167 -0.288377315 0.510054827
1403638563527829504.000000 -8.568825722 5.293230057 -7.142974377 -0.480673850 -0.634336054 -0.324629724 0.511063695
1403638563927829504.000000 -8.186148643 5.358582020 -7.171683788 -0.483277023 -0.640486598 -0.315009713 0.506941020
1403638564277829376.000000 -7.760023594 5.370435238 -7.163407326 -0.470842391 -0.646122277 -0.311217457 0.513787091
1403638564677829376.000000 -7.172909737 5.331231117 -7.124696732 -0.465444744 -0.650518298 -0.304581046 0.517124236
1403638564777829376.000000 -7.010247707 5.310306549 -7.119404793 -0.468246579 -0.649435461 -0.300780237 0.518179536
1403638564877829376.000000 -6.841550827 5.287915230 -7.122449875 -0.470166266 -0.647573233 -0.299308151 0.519622326
1403638565077829376.000000 -6.484115124 5.237730980 -7.180315018 -0.471947074 -0.646177173 -0.296686441 0.521246791
1403638565277829376.000000 -6.102334023 5.186571121 -7.291538239 -0.472183108 -0.648054123 -0.296552986 0.518772960
1403638565477829376.000000 -5.699706078 5.129272461 -7.416257381 -0.470438689 -0.649618447 -0.301506698 0.515535712
1403638565877829376.000000 -4.854457855 4.981453896 -7.594162941 -0.458572119 -0.659713507 -0.330425560 0.495286524
1403638566177829376.000000 -4.222302437 4.826936245 -7.697701931 -0.462641478 -0.660603940 -0.330150694 0.490475237
1403638566277829376.000000 -4.013359070 4.770488262 -7.745748520 -0.461885780 -0.660385668 -0.331237882 0.490748286
1403638566427829504.000000 -3.717622519 4.676390648 -7.836841106 -0.462057292 -0.660967827 -0.330604225 0.490230113
1403638566627829504.000000 -3.341276407 4.541893482 -7.981931210 -0.464866877 -0.667353988 -0.322387606 0.484359145
1403638566877829376.000000 -2.886441946 4.381524086 -8.191859245 -0.475404292 -0.690993190 -0.300825506 0.453897804
1403638567027829504.000000 -2.623392344 4.305309772 -8.322243690 -0.473799735 -0.694851875 -0.298701406 0.451078981
1403638567177829376.000000 -2.366901398 4.247016430 -8.448047638 -0.461149693 -0.680528641 -0.315620601 0.473925531
1403638567477829376.000000 -1.880393267 4.134021282 -8.725054741 -0.454636067 -0.673090398 -0.329528838 0.481317014
1403638567677829376.000000 -1.574200749 4.047875404 -8.887276649 -0.459982455 -0.677644849 -0.328180581 0.470649719
1403638568027829504.000000 -1.094244480 3.908859015 -9.092433929 -0.467222452 -0.681998968 -0.323751688 0.460179836
1403638568477829376.000000 -0.587967873 3.768048286 -9.247117043 -0.465565383 -0.683050454 -0.329137295 0.456464201
1403638568777829376.000000 -0.321520209 3.694964170 -9.365326881 -0.466373682 -0.687803805 -0.327340484 0.449744195
1403638569077829376.000000 -0.117922239 3.644048929 -9.431453705 -0.464618534 -0.687347949 -0.329868346 0.450410068
1403638570477829376.000000 0.093102686 3.574007511 -9.567064285 -0.486208379 -0.664633155 -0.317866653 0.469920307
1403638571077829376.000000 0.198636979 3.599156618 -9.784311295 -0.588997364 -0.549811184 -0.368039548 0.464043945
1403638572427829504.000000 1.486009002 3.367414951 -10.000672340 -0.712049842 -0.426511049 -0.459181577 0.316584289
1403638572577829376.000000 1.676534772 3.331751823 -10.012511253 -0.720850229 -0.414108545 -0.468940526 0.298301667
1403638573027829504.000000 2.274147749 3.278738260 -9.982765198 -0.725992143 -0.416711569 -0.474071741 0.273025602
1403638573277829376.000000 2.608927011 3.297571421 -9.963595390 -0.724688768 -0.422414124 -0.470385462 0.274098635
1403638573727829504.000000 3.219095707 3.426658392 -9.887145996 -0.726133466 -0.421482205 -0.474807650 0.263895333
1403638573927829504.000000 3.492624521 3.518067598 -9.832277298 -0.726369381 -0.398050100 -0.498912632 0.255009562
1403638574127829504.000000 3.751567364 3.622739792 -9.800023079 -0.739657164 -0.342210442 -0.517991126 0.259778082
1403638574277829376.000000 3.938275099 3.694739580 -9.789093971 -0.752983153 -0.298333943 -0.528555393 0.254248947
1403638574377829376.000000 4.063635826 3.732431650 -9.787478447 -0.762594521 -0.276385367 -0.533687830 0.239244476
1403638574527829504.000000 4.248880386 3.778043032 -9.788679123 -0.775197327 -0.248032853 -0.540117621 0.214060456
1403638574927829504.000000 4.733166695 3.854094028 -9.733536720 -0.789618433 -0.229154751 -0.543862939 0.167940080
1403638575277829376.000000 5.144827843 3.908504009 -9.715704918 -0.796259284 -0.220119014 -0.532906771 0.183110088
1403638575627829504.000000 5.581936836 3.942011118 -9.743065834 -0.799930155 -0.238154247 -0.522578120 0.174087659
1403638575777829376.000000 5.784273624 3.955915928 -9.739784241 -0.799806595 -0.249006689 -0.520712435 0.164814040
1403638576227829504.000000 6.424938679 4.057476997 -9.621169090 -0.796681046 -0.255073935 -0.523260117 0.162589923
1403638576427829504.000000 6.725427628 4.127903938 -9.566846848 -0.793690026 -0.260392070 -0.527787030 0.153925687
1403638576877829376.000000 7.382467270 4.392354488 -9.511602402 -0.782579124 -0.266650528 -0.543586254 0.144849241
1403638577277829376.000000 7.909771919 4.719830513 -9.495835304 -0.781852722 -0.252195269 -0.545863688 0.164732277
1403638577627829504.000000 8.330771446 5.039739609 -9.418293953 -0.780597806 -0.259897619 -0.546971023 0.154735148
1403638578377829376.000000 9.099161148 5.854001999 -9.334777832 -0.783804655 -0.245693773 -0.540203214 0.182935476
1403638578827829504.000000 9.530451775 6.327494621 -9.310332298 -0.781736672 -0.251905501 -0.544202924 0.171098605
1403638579077829376.000000 9.757996559 6.579181194 -9.308584213 -0.778969884 -0.256914467 -0.547463596 0.165784463
1403638579427829504.000000 10.044545174 6.950079441 -9.238071442 -0.781116009 -0.248871133 -0.543706536 0.179733336
1403638580027829504.000000 10.455399513 7.547548771 -9.213229179 -0.731336653 -0.345262945 -0.536656916 0.240706757
1403638580127829504.000000 10.512800217 7.633552074 -9.223807335 -0.707946539 -0.376153588 -0.534333587 0.267970115
1403638580477829376.000000 10.641585350 7.908001900 -9.293038368 -0.655137658 -0.472211987 -0.475265741 0.349189103
1403638580977829376.000000 10.798325539 8.197578430 -9.386610985 -0.625714242 -0.533335388 -0.427927077 0.375384361
1403638581427829504.000000 10.943583488 8.430391312 -9.344557762 -0.622534275 -0.533725441 -0.436540097 0.370163590
1403638583527829504.000000 10.956075668 9.111262321 -8.801841736 -0.628940046 -0.526294768 -0.446679920 0.357666552
1403638585977829376.000000 9.434503555 8.836200714 -8.455271721 -0.639742136 -0.525994539 -0.433889955 0.354681879
1403638586077829376.000000 9.366263390 8.807032585 -8.424707413 -0.637147784 -0.522834122 -0.438601166 0.358212590
1403638586177829376.000000 9.298737526 8.779103279 -8.400546074 -0.635311007 -0.520709276 -0.442129314 0.360226959
1403638586477829376.000000 9.081624985 8.712897301 -8.355216026 -0.623496771 -0.519608080 -0.460760534 0.359108537
1403638586727829504.000000 8.889891624 8.649542809 -8.355803490 -0.625844717 -0.517926097 -0.457998663 0.360982299
1403638586777829376.000000 8.856729507 8.630183220 -8.362475395 -0.626613855 -0.517408669 -0.456794620 0.361914486
1403638586977829376.000000 8.696012497 8.572364807 -8.396026611 -0.626497090 -0.515851796 -0.456339359 0.364901066
1403638587127829504.000000 8.575382233 8.523058891 -8.428470612 -0.627035439 -0.515480161 -0.455313802 0.365781575
1403638587227829504.000000 8.497061729 8.486105919 -8.442055702 -0.627808750 -0.517802536 -0.453346759 0.363611788
1403638587377829376.000000 8.373956680 8.434556007 -8.446815491 -0.629488111 -0.519271612 -0.450668812 0.361938357
1403638587477829376.000000 8.293836594 8.397827148 -8.446105957 -0.630880117 -0.518470824 -0.448889792 0.362872243
1403638587677829376.000000 8.126276970 8.334479332 -8.454710007 -0.631878316 -0.517330825 -0.448137581 0.363691360
1403638589877829376.000000 6.199626446 7.570090771 -8.719272614 -0.632370949 -0.514677286 -0.449840397 0.364496887
1403638591377829376.000000 5.047951221 6.906407356 -8.797228813 -0.653186023 -0.524809182 -0.422595680 0.345450908
1403638591477829376.000000 4.986485004 6.877976418 -8.802949905 -0.656435907 -0.526080787 -0.417846173 0.343126059
1403638591877829376.000000 4.767326832 6.852272034 -8.857061386 -0.656887710 -0.524564087 -0.417435259 0.345077991
1403638592327829504.000000 4.594875336 6.955424309 -8.808181763 -0.637570620 -0.519008219 -0.426697075 0.376913518
1403638594577829376.000000 4.295176029 7.845053196 -7.926097870 -0.558902204 -0.581886768 -0.417877525 0.417629778
1403638595627829504.000000 4.047142506 7.813601017 -7.697390556 -0.571262062 -0.581546724 -0.405175954 0.413878590
1403638596827829504.000000 3.447530031 7.553074837 -7.658522606 -0.526854277 -0.616497397 -0.460565209 0.360881299
1403638597277829376.000000 2.730564594 7.373042583 -7.527560234 -0.522974432 -0.610569894 -0.469474912 0.365096480
1403638597427829504.000000 2.420529842 7.299150944 -7.510235786 -0.528096020 -0.603794575 -0.465339422 0.374173790
1403638597527829504.000000 2.197255611 7.245485306 -7.504671097 -0.533219576 -0.595121741 -0.459691018 0.387545079
1403638597727829504.000000 1.729082823 7.123515129 -7.508649349 -0.537577927 -0.587423384 -0.455286354 0.398319244
1403638597827829504.000000 1.486517906 7.055425644 -7.518039227 -0.530791819 -0.595039666 -0.457992017 0.392977268
1403638598027829504.000000 0.979190230 6.901721478 -7.545616150 -0.517505884 -0.608035326 -0.458302051 0.390435487
1403638598127829504.000000 0.712802410 6.815164089 -7.553310871 -0.521092772 -0.606317282 -0.446847945 0.401458144
1403638598527829504.000000 -0.382552803 6.424273968 -7.572453022 -0.542077124 -0.601275861 -0.406108797 0.423904836
1403638598627829504.000000 -0.651746631 6.321906090 -7.592019081 -0.539414644 -0.606766105 -0.400703669 0.424621344
1403638598727829504.000000 -0.917906582 6.219667435 -7.613492489 -0.531718493 -0.613784611 -0.396027446 0.428609729
1403638598827829504.000000 -1.182240844 6.117423534 -7.631081581 -0.521647453 -0.621578038 -0.389884621 0.435332865
1403638599027829504.000000 -1.693430781 5.905715466 -7.648405075 -0.496139020 -0.643706381 -0.370921195 0.449339032
1403638599227829504.000000 -2.190209866 5.680703163 -7.638961315 -0.465992928 -0.666480601 -0.352332175 0.463158935
1403638599327829504.000000 -2.435990334 5.565443516 -7.625115395 -0.451619774 -0.678172767 -0.340250522 0.469415516
1403638599427829504.000000 -2.678397655 5.448065758 -7.604310036 -0.439299613 -0.689476967 -0.330435961 0.471645564
1403638599727829504.000000 -3.391544104 5.099159718 -7.553773403 -0.425447762 -0.704435289 -0.313777715 0.473612547
1403638599777829376.000000 -3.509065390 5.042301178 -7.551796913 -0.425104946 -0.704528034 -0.313813090 0.473758817
1403638599877829376.000000 -3.741060495 4.932088852 -7.552352905 -0.427663326 -0.704446256 -0.311200649 0.473300904
1403638600327829504.000000 -4.755388260 4.486577034 -7.602410316 -0.464587539 -0.688756347 -0.274808437 0.483997464
1403638600377829376.000000 -4.857954979 4.446278572 -7.610083580 -0.468377113 -0.686743855 -0.271039695 0.485327959
1403638600677829376.000000 -5.430320740 4.249853611 -7.619686127 -0.478919834 -0.684013605 -0.261667699 0.484036505
1403638600777829376.000000 -5.600316525 4.206228733 -7.606765747 -0.480759054 -0.687275946 -0.258800983 0.479108185
1403638600877829376.000000 -5.760662079 4.174209118 -7.588222027 -0.475428313 -0.695172012 -0.265580624 0.469223708
1403638600977829376.000000 -5.914775372 4.152231216 -7.571886539 -0.465122193 -0.704116344 -0.278616965 0.458534718
1403638601277829376.000000 -6.368858814 4.139138699 -7.552935123 -0.442719668 -0.709408641 -0.307283252 0.454219967
1403638601377829376.000000 -6.524662495 4.147027969 -7.551693916 -0.436763257 -0.707116961 -0.309069276 0.462276638
1403638601477829376.000000 -6.685315609 4.157202244 -7.546525478 -0.430419534 -0.705881476 -0.301583856 0.474886864
1403638601577829376.000000 -6.846560001 4.168068886 -7.535020828 -0.415623277 -0.709479034 -0.295882851 0.486158580
1403638601677829376.000000 -7.007655144 4.179534912 -7.518903255 -0.397123069 -0.718092442 -0.287716120 0.493817866
1403638601777829376.000000 -7.168848038 4.189086914 -7.496424675 -0.374015540 -0.729309976 -0.277622879 0.501143575
1403638601877829376.000000 -7.330445290 4.195551872 -7.466544151 -0.346771955 -0.740633130 -0.266968489 0.509842753
1403638601977829376.000000 -7.491627216 4.199069023 -7.435441494 -0.325260073 -0.750489116 -0.253688157 0.516347051
1403638602077829376.000000 -7.652198315 4.200716019 -7.409757614 -0.309899032 -0.758184254 -0.242467374 0.519931674
1403638602277829376.000000 -7.973059177 4.194096565 -7.376574993 -0.275629818 -0.766005993 -0.233878165 0.531567574
1403638602477829376.000000 -8.293691635 4.162454605 -7.337786674 -0.241879061 -0.748224080 -0.199498162 0.584684372
1403638602777829376.000000 -8.677097321 4.060260773 -7.224875927 -0.190639392 -0.737824142 -0.149120674 0.630107403
1403638602877829376.000000 -8.759780884 4.011970997 -7.176310062 -0.172392562 -0.745466352 -0.135620445 0.629418731
1403638603277829376.000000 -8.926207542 3.784209728 -7.014173508 -0.118013956 -0.774249732 -0.070438445 0.617777169
1403638603727829504.000000 -8.904910088 3.550367832 -6.971291065 -0.094280772 -0.796871722 -0.065297104 0.593163550
1403638604127829504.000000 -8.801427841 3.329621553 -7.030599594 -0.068589061 -0.784747899 -0.099911377 0.607851982
1403638604577829376.000000 -8.558769226 2.946573496 -7.038702965 -0.085201554 -0.803569853 -0.076779433 0.584055662
1403638604777829376.000000 -8.426295280 2.757695198 -7.038265705 -0.092025906 -0.805814862 -0.067486845 0.581067324
1403638605077829376.000000 -8.219320297 2.480237246 -7.030736923 -0.098427676 -0.820735931 -0.059565768 0.559603930
1403638605527829504.000000 -7.971103191 2.110615253 -6.964932442 -0.076975398 -0.817385137 -0.088657245 0.564000249
1403638605977829376.000000 -7.788275719 1.673664451 -6.922893047 -0.061965890 -0.813325584 -0.109985307 0.567948103
1403638606127829504.000000 -7.737698555 1.491897345 -6.896842480 -0.060738184 -0.814162552 -0.113899395 0.566107035
1403638606577829376.000000 -7.618326187 0.837253749 -6.917759418 -0.088223934 -0.830507040 -0.080498040 0.544053972
1403638606727829504.000000 -7.600158691 0.606932580 -6.952681541 -0.084807411 -0.837360978 -0.067152709 0.535840333
1403638606877829376.000000 -7.598549366 0.379779071 -6.994018078 -0.067561939 -0.842836142 -0.050518382 0.531517267
1403638607027829504.000000 -7.623856068 0.157806665 -7.024987698 -0.041763425 -0.845033288 -0.029916691 0.532240152
1403638607177829376.000000 -7.669570446 -0.055126756 -7.035298347 -0.022563778 -0.840757787 -0.007742654 0.540885627
1403638607327829504.000000 -7.729116440 -0.256705642 -7.043089867 -0.009046859 -0.827823818 0.004259294 0.560899138
1403638607627829504.000000 -7.862010002 -0.628938258 -7.109647751 -0.001986846 -0.821911752 0.016499121 0.569372356
1403638607927829504.000000 -7.992222786 -0.957252979 -7.216964722 -0.006349845 -0.822235584 0.018406225 0.568814158
1403638608077829376.000000 -8.059000969 -1.104312658 -7.284767151 -0.010281456 -0.820487380 0.018827124 0.571262002
1403638608227829504.000000 -8.126099586 -1.238555908 -7.362267971 -0.007186797 -0.816015959 0.009182753 0.577911794
1403638608377829376.000000 -8.189311028 -1.364521861 -7.449633121 -0.004452518 -0.808403730 0.002221721 0.588607490
1403638608827829504.000000 -8.317001343 -1.707780600 -7.751639843 -0.007092824 -0.806998134 0.005455639 0.590486288
1403638608977829376.000000 -8.336873055 -1.810039759 -7.828523159 -0.009154552 -0.812791169 0.008877535 0.582415700
1403638609427829504.000000 -8.358855247 -2.059546709 -8.016485214 -0.014840647 -0.812770426 0.017052844 0.582145393
1403638609727829504.000000 -8.351089478 -2.172924757 -8.196956635 -0.009657546 -0.814466298 0.008280376 0.580071449
1403638610027829504.000000 -8.335559845 -2.259793758 -8.357388496 -0.011241867 -0.812721789 0.010270811 0.582453012
1403638610477829376.000000 -8.271416664 -2.338040590 -8.556489944 -0.011534856 -0.803021133 0.009290501 0.595766425
1403638610877829376.000000 -8.119446754 -2.359286308 -8.772870064 -0.011363307 -0.804805577 0.012405529 0.593300164
1403638611227829504.000000 -7.924240112 -2.337615490 -8.919134140 -0.010230421 -0.801095605 0.015508682 0.598248005
1403638611677829376.000000 -7.583317280 -2.273568630 -9.064910889 0.008482876 -0.807015479 -0.014165515 0.590299487
1403638612127829504.000000 -7.190789223 -2.243383646 -9.201768875 -0.012656928 -0.815119147 0.011229306 0.579046249
1403638612577829376.000000 -6.809767246 -2.178395987 -9.274576187 -0.010477688 -0.812258065 0.001741619 0.583201587
1403638612727829504.000000 -6.681904793 -2.151333570 -9.317344666 -0.006871480 -0.811721146 -0.007719098 0.583953857
1403638613077829376.000000 -6.373324394 -2.103748560 -9.416184425 -0.012691219 -0.810223818 -0.008134344 0.585926771
1403638613227829504.000000 -6.235805988 -2.090138197 -9.433929443 -0.014234609 -0.812181354 -0.007175762 0.583187282
1403638613677829376.000000 -5.826443195 -2.062602758 -9.457147598 -0.024767792 -0.807762742 -0.008432260 0.588926852
1403638614127829504.000000 -5.375910759 -2.027115345 -9.592743874 -0.073013060 -0.801677108 -0.041845933 0.591803968
1403638614427829504.000000 -5.041725636 -1.996596575 -9.677108765 -0.114959054 -0.803406954 -0.068684831 0.580175817
1403638614577829376.000000 -4.871903419 -1.981673598 -9.692841530 -0.128720835 -0.802496612 -0.073821537 0.577910423
1403638614877829376.000000 -4.530434132 -1.933693409 -9.673465729 -0.181615546 -0.800203621 -0.080956034 0.565805614
1403638615027829504.000000 -4.354776859 -1.890435457 -9.639237404 -0.213587925 -0.795571029 -0.101091869 0.557877481
1403638615177829376.000000 -4.181963444 -1.831598043 -9.597158432 -0.245155632 -0.783540964 -0.136007056 0.554494858
1403638615277829376.000000 -4.067792416 -1.785102010 -9.564228058 -0.264738619 -0.773819327 -0.163828894 0.551613390
1403638615427829504.000000 -3.897611141 -1.713409305 -9.523021698 -0.300074190 -0.757363379 -0.197088778 0.545446813
1403638615727829504.000000 -3.564408064 -1.575569987 -9.471690178 -0.356292844 -0.731226444 -0.240227148 0.529768109
1403638615877829376.000000 -3.399867773 -1.513652444 -9.434524536 -0.372027665 -0.723453760 -0.248016030 0.526021063
1403638615977829376.000000 -3.289097071 -1.473980188 -9.409515381 -0.383037299 -0.718352437 -0.254177362 0.522155225
1403638616077829376.000000 -3.177193165 -1.435255408 -9.390308380 -0.393728793 -0.712278068 -0.262383312 0.518452168
1403638616177829376.000000 -3.064090967 -1.397497177 -9.382687569 -0.406259388 -0.705737114 -0.270759642 0.513398170
1403638616477829376.000000 -2.717867851 -1.287156701 -9.449829102 -0.454233915 -0.677943051 -0.299497485 0.494333982
1403638616877829376.000000 -2.257055044 -1.140632153 -9.613091469 -0.498297334 -0.674404323 -0.289071351 0.461861819
1403638617277829376.000000 -1.800413013 -0.905944943 -9.696073532 -0.478884101 -0.679750085 -0.310537845 0.460625887
1403638617427829504.000000 -1.637784123 -0.801201582 -9.696121216 -0.478003323 -0.687259495 -0.306103319 0.453307837
1403638617727829504.000000 -1.344619989 -0.564140022 -9.641480446 -0.469066769 -0.692599535 -0.308237612 0.453069478
1403638618377829376.000000 -0.863987148 0.053773735 -9.439108849 -0.461109102 -0.694653451 -0.306458771 0.459258139
1403638618577829376.000000 -0.752284288 0.259313881 -9.402555466 -0.458884478 -0.695044994 -0.307902515 0.459927738
1403638618777829376.000000 -0.654379487 0.472425878 -9.366464615 -0.463222593 -0.691376150 -0.313855618 0.457076132
1403638618927829504.000000 -0.591191590 0.635935187 -9.326552391 -0.467152596 -0.684902787 -0.320609421 0.458133489
1403638619077829376.000000 -0.533177316 0.800802052 -9.294050217 -0.479403853 -0.669850826 -0.337547213 0.455558658
1403638620527829504.000000 -0.063228205 2.116236448 -9.418299675 -0.578723490 -0.570819855 -0.398008019 0.425245196
1403638621877829376.000000 0.696907282 2.850600958 -9.525184631 -0.550357282 -0.586062968 -0.410389751 0.430368811
1403638624127829504.000000 1.482775211 2.067964315 -9.537524223 -0.566481709 -0.582491875 -0.402554452 0.421606004
1403638624427829504.000000 1.573889136 1.809784293 -9.550584793 -0.571134746 -0.578167081 -0.399768591 0.423925787
1403638624827829504.000000 1.707881808 1.446105719 -9.599469185 -0.559600532 -0.581398308 -0.407100171 0.427893370
1403638625277829376.000000 1.860504031 0.991693914 -9.604376793 -0.557088852 -0.592855155 -0.385277063 0.435587436
1403638625627829504.000000 1.991885424 0.646558821 -9.603610039 -0.555613816 -0.595101833 -0.384361237 0.435216546
1403638626077829376.000000 2.177430868 0.232872352 -9.574313164 -0.563778341 -0.601063311 -0.375209183 0.424375951
1403638626527829504.000000 2.371837616 -0.122133553 -9.630901337 -0.554330409 -0.603643358 -0.389652938 0.420122772
1403638626927829504.000000 2.513843298 -0.395795226 -9.678176880 -0.561601460 -0.611379564 -0.377687454 0.410086721
1403638627277829376.000000 2.610365629 -0.570462465 -9.688383102 -0.560138345 -0.612478673 -0.377401441 0.410710543
1403638627577829376.000000 2.675897360 -0.679700971 -9.724516869 -0.557207704 -0.612753153 -0.381400049 0.410593837
1403638627927829504.000000 2.726069927 -0.773431301 -9.776196480 -0.553568482 -0.609767973 -0.388531178 0.413265646
1403638628327829504.000000 2.743277788 -0.855556250 -9.825167656 -0.557153821 -0.611348987 -0.387076765 0.407435566
1403638628827829504.000000 2.723398209 -0.909377277 -9.842616081 -0.561262369 -0.594342887 -0.382737935 0.430410057
1403638629227829504.000000 2.730708361 -0.946512461 -9.879086494 -0.554583669 -0.602690458 -0.392354965 0.418639272
1403638629427829504.000000 2.726400137 -0.963647127 -9.883023262 -0.557497382 -0.606688380 -0.389058053 0.412019074
1403638629927829504.000000 2.697144270 -0.960641563 -9.882856369 -0.565204799 -0.588341713 -0.381279826 0.434768111
1403638630127829504.000000 2.701863289 -0.952863395 -9.918349266 -0.552219331 -0.590082586 -0.400175989 0.432105839
1403638630277829376.000000 2.703892469 -0.956557870 -9.965743065 -0.553774178 -0.596574605 -0.397837967 0.423270434
1403638630377829376.000000 2.700386524 -0.957515299 -9.989581108 -0.564932048 -0.612513840 -0.379738659 0.401842326
1403638630677829376.000000 2.682061911 -0.937466860 -9.994051933 -0.562046230 -0.614594817 -0.377520472 0.404790908
1403638631027829504.000000 2.687303066 -0.960276246 -10.000358582 -0.561185300 -0.621515572 -0.372334272 0.400195777
1403638631527829504.000000 2.686791420 -1.005854726 -9.995949745 -0.561376989 -0.621437728 -0.372276366 0.400101870
